-88
-115
-140
-159
-164
-161
-144
-123
-93
-59
-25
26
79
142
190
220
220
193
152
115
98
104
121
120
77
7
-72
-128
-161
-168
-168
-150
-136
-121
-108
-92
-79
-73
-73
-69
-57
-35
-4
26
46
63
92
137
205
248
249
205
144
83
37
-4
-32
-53
-73
-90
-108
-129
-151
-172
-187
-202
-202
-188
-166
-139
-111
-90
-82
-87
-97
-94
-61
-27
-24
-28
-24
19
63
66
45
12
-8
-11
-6
-5
2
13
18
24
23
24
19
12
7
-1
-11
-21
-28
-40
-42
-53
-70
-65
-38
8
75
138
206
242
226
168
91
20
-32
-69
-69
-94
-107
-103
-86
-63
-40
-22
-12
-6
0
7
14
14
11
1
-20
-56
-102
-132
-127
-94
-83
-93
-98
-80
-31
-11
-22
-69
-116
-143
-152
-149
-142
-117
-82
-45
-22
-8
-10
-15
-24
-38
-45
-42
-34
-28
-28
-32
-61
-94
-137
-138
-92
-14
62
94
130
170
222
221
173
91
24
-10
-20
-21
-21
-9
8
26
36
37
26
13
7
5
10
19
37
49
50
38
-1
-15
14
73
128
152
160
190
228
257
252
214
160
117
90
77
71
71
62
49
20
-25
-69
-112
-146
-173
-180
-182
-162
-121
-46
45
104
134
138
155
186
208
208
170
118
67
31
4
-13
-32
-58
-77
-93
-105
-114
-119
-119
-115
-116
-116
-118
-130
-160
-182
-177
-110
-15
54
91
91
115
140
175
176
137
71
5
-38
-57
-68
-76
-85
-96
-106
-119
-127
-128
-132
-135
-132
-116
-76
-23
29
68
89
108
97
62
6
-50
-93
-124
-129
-114
-85
-60
-39
-24
-25
-32
-47
-56
-65
-75
-90
-104
-106
-112
-122
-139
-151
-130
-64
26
113
174
215
249
250
231
179
134
92
60
41
30
13
-9
-34
-56
-74
-74
-76
-68
-59
-43
-11
46
117
174
200
201
201
201
207
194
163
121
87
58
36
22
14
1
-21
-38
-51
-67
-76
-85
-89
-96
-99
-100
-100
-113
-148
-148
-95
13
132
201
218
197
154
123
119
117
103
52
-11
-74
-118
-144
-160
-167
-167
-163
-167
-184
-190
-194
-197
-185
-158
-100
-17
67
136
171
162
135
122
133
168
172
143
76
11
-41
-78
-96
-105
-110
-113
-115
-120
-125
-125
-121
-114
-106
-112
-137
-162
-151
-81
41
163
250
270
250
226
217
221
222
184
114
27
-53
-121
-174
-204
-226
-221
-204
-180
-160
-132
-107
-77
-26
56
161
252
305
308
277
235
211
217
222
204
144
68
-6
-66
-104
-128
-133
-128
-117
-104
-91
-89
-97
-110
-130
-154
-176
-171
-118
-20
96
182
219
198
147
116
96
103
93
50
-30
-112
-183
-233
-259
-272
-276
-270
-259
-254
-247
-240
-222
-203
-150
-79
14
112
191
247
255
231
211
201
221
211
159
81
-5
-79
-132
-173
-191
-195
-188
-169
-142
-111
-80
-52
-34
-35
-48
-63
-45
20
129
243
321
338
302
249
202
183
161
126
71
5
-55
-109
-136
-152
-161
-169
-171
-163
-146
-124
-103
-81
-46
4
57
103
129
125
91
37
1
-8
12
28
7
-39
-87
-116
-130
-138
-143
-144
-143
-134
-122
-112
-103
-96
-91
-101
-114
-125
-115
-63
35
157
262
324
316
265
215
184
161
135
86
23
-52
-116
-166
-191
-213
-226
-234
-231
-212
-180
-135
-83
-12
74
163
237
282
284
249
200
160
139
91
31
-45
-116
-161
-190
-204
-207
-197
-181
-153
-121
-92
-70
-55
-48
-48
-54
-75
-102
-123
-110
-53
32
97
113
84
55
46
51
49
36
17
-1
-22
-32
-34
-37
-41
-47
-56
-75
-94
-105
-115
-115
-109
-93
-64
-19
20
35
18
-9
-19
-2
18
16
-3
-27
-39
-36
-35
-27
-30
-41
-47
-53
-60
-65
-73
-85
-89
-93
-95
-103
-109
-109
-78
-6
86
179
225
210
167
133
137
154
157
132
83
29
-10
-32
-38
-35
-28
-15
-4
-3
-8
-12
-16
-17
-3
31
95
149
179
160
114
83
81
99
102
76
38
1
-25
-39
-43
-28
-9
9
22
20
8
-26
-80
-139
-193
-220
-226
-204
-141
-52
54
122
146
122
75
18
-30
-69
-83
-82
-68
-50
-34
-15
-11
-14
-26
-34
-48
-62
-69
-61
-41
-7
22
57
75
84
88
92
77
48
7
-28
-50
-52
-40
-30
-19
-17
-12
0
19
41
61
73
76
73
69
65
49
20
-4
-18
-20
-5
3
-16
-50
-84
-117
-139
-153
-156
-157
-156
-153
-147
-127
-94
-47
-3
32
47
49
30
36
58
87
96
69
18
-37
-82
-123
-145
-154
-158
-153
-143
-129
-112
-96
-82
-68
-60
-50
-47
-36
-20
-5
5
-1
-29
-90
-137
-131
-72
-10
19
29
62
108
142
123
85
34
1
-11
-7
0
10
11
11
3
-3
-9
-19
-37
-67
-86
-111
-115
-108
-70
-14
40
70
53
23
26
53
94
105
72
25
-21
-47
-61
-65
-68
-71
-67
-70
-77
-102
-127
-151
-167
-174
-189
-199
-182
-132
-51
39
114
159
176
155
152
190
232
275
270
219
153
95
48
17
-13
-38
-69
-87
-105
-121
-134
-144
-146
-141
-131
-120
-122
-119
-119
-98
-69
-22
23
66
85
74
63
81
133
199
228
197
134
66
11
-23
-50
-63
-73
-74
-79
-95
-105
-104
-86
-53
0
65
126
172
194
191
166
144
148
170
197
199
172
122
61
-8
-64
-103
-131
-146
-153
-145
-144
-147
-160
-177
-198
-201
-190
-144
-71
28
129
193
212
184
160
142
144
139
125
109
88
59
10
-41
-92
-139
-165
-171
-173
-173
-169
-159
-135
-92
-35
25
69
93
91
74
43
33
41
69
88
73
39
-19
-67
-126
-159
-172
-176
-174
-176
-170
-162
-140
-104
-53
14
73
113
118
95
84
92
120
138
123
82
30
2
-12
-12
-10
-13
-33
-56
-78
-94
-115
-134
-144
-152
-152
-150
-145
-142
-142
-150
-171
-167
-118
-45
45
108
147
164
186
215
258
279
271
231
179
126
77
27
-28
-76
-112
-123
-124
-112
-99
-86
-71
-59
-48
-49
-58
-68
-54
11
95
172
200
184
166
165
181
189
143
77
-6
-69
-114
-138
-152
-163
-161
-159
-166
-179
-188
-191
-183
-166
-129
-62
25
111
160
175
158
127
110
108
129
147
130
98
45
-1
-36
-57
-68
-74
-66
-48
-22
-8
-2
-23
-53
-73
-66
-26
40
97
135
139
127
126
146
178
205
184
141
79
21
-32
-71
-96
-114
-115
-108
-100
-98
-101
-114
-139
-159
-172
-175
-161
-125
-45
41
110
130
115
103
113
128
141
113
58
-15
-82
-129
-156
-162
-155
-133
-108
-92
-86
-88
-94
-103
-107
-109
-99
-73
-37
20
76
120
135
116
85
73
88
124
163
158
116
48
-9
-58
-87
-101
-105
-100
-88
-80
-72
-68
-63
-65
-66
-51
-11
43
113
161
177
165
136
107
98
102
116
94
51
-1
-41
-66
-82
-93
-103
-100
-83
-64
-48
-37
-35
-39
-48
-51
-47
-14
43
113
169
203
210
194
174
175
175
184
143
76
-7
-63
-82
-76
-68
-71
-76
-83
-80
-82
-88
-96
-107
-108
-103
-78
-35
25
72
85
70
35
-10
-34
-33
-7
29
18
-27
-83
-122
-126
-125
-110
-106
-102
-95
-96
-96
-101
-101
-98
-80
-46
13
77
144
195
216
207
166
109
81
73
93
106
82
33
-21
-58
-75
-73
-78
-80
-76
-69
-58
-39
-24
-17
-21
-13
12
57
122
186
230
229
184
140
105
100
103
76
22
-44
-95
-122
-122
-121
-114
-102
-89
-79
-80
-83
-86
-78
-59
-32
2
53
115
175
200
183
143
104
77
61
32
-19
-83
-126
-144
-134
-117
-96
-77
-58
-42
-31
-24
-12
-6
-1
3
8
25
43
79
139
184
206
174
131
97
80
81
51
1
-59
-108
-138
-147
-144
-134
-109
-79
-51
-32
-23
-24
-28
-24
-25
-18
-22
-26
-28
-20
5
39
50
33
-8
-62
-96
-72
-17
47
58
12
-58
-115
-143
-146
-137
-126
-104
-86
-64
-43
-33
-8
9
27
35
38
38
26
8
0
4
5
11
38
87
143
161
147
111
82
66
54
43
38
37
37
25
-4
-43
-78
-102
-112
-117
-123
-131
-141
-152
-158
-158
-150
-121
-77
-40
-33
-50
-19
33
115
158
142
98
54
32
19
-1
-18
-42
-56
-75
-94
-107
-123
-136
-153
-167
-176
-187
-206
-233
-249
-250
-214
-143
-68
-20
6
41
86
136
137
108
61
35
23
9
-13
-37
-58
-80
-99
-118
-133
-144
-152
-156
-154
-150
-147
-146
-148
-141
-129
-88
-21
46
98
102
106
131
190
252
273
234
168
104
52
13
-20
-46
-68
-78
-84
-90
-93
-95
-92
-71
-37
11
53
78
94
99
94
100
114
134
145
116
64
4
-40
-63
-74
-73
-76
-70
-61
-42
-25
-1
23
71
134
191
232
241
231
216
210
196
166
104
28
-45
-95
-113
-112
-107
-105
-98
-85
-69
-49
-38
-35
-29
-19
-7
-4
4
10
27
41
53
48
47
55
66
72
54
27
3
-6
6
32
62
91
115
127
130
120
98
66
34
0
-29
-53
-71
-82
-86
-88
-77
-71
-53
-20
26
93
164
203
201
169
126
101
79
61
30
-8
-44
-89
-131
-166
-184
-192
-176
-152
-116
-89
-59
-20
27
73
108
110
87
57
40
35
32
10
-13
-43
-79
-112
-140
-156
-165
-163
-152
-121
-73
-16
42
91
110
107
92
86
80
64
35
11
-22
-55
-93
-126
-146
-158
-156
-149
-133
-109
-89
-54
-10
41
80
92
68
33
0
-7
11
30
48
53
50
32
3
-20
-40
-48
-48
-32
-10
35
84
136
165
182
180
167
152
106
44
-22
-63
-84
-83
-74
-69
-45
-21
3
14
21
13
12
11
16
24
27
28
25
18
4
-2
7
36
75
85
91
94
121
150
146
128
98
80
69
67
56
35
18
-14
-41
-69
-92
-103
-115
-123
-140
-167
-203
-240
-271
-296
-307
-308
-313
-327
-345
-358
-327
-246
-127
-38
16
73
143
219
247
215
151
86
39
13
3
-9
-21
-45
-71
-101
-131
-147
-152
-145
-135
-124
-114
-112
-113
-128
-150
-160
-135
-52
65
168
218
238
260
307
349
333
271
189
123
70
28
-15
-66
-114
-150
-179
-185
-188
-169
-147
-119
-85
-51
-14
34
95
153
185
195
171
116
71
45
59
79
71
22
-39
-83
-98
-101
-96
-95
-83
-67
-42
-7
34
85
134
175
204
223
229
217
198
153
116
80
67
63
42
2
-46
-91
-104
-94
-76
-58
-36
-11
10
24
40
59
91
139
195
252
283
283
243
192
148
128
119
94
36
-40
-106
-147
-158
-162
-166
-161
-155
-147
-141
-135
-134
-133
-130
-130
-132
-125
-104
-79
-42
-18
-1
9
4
-3
13
45
95
122
102
59
23
0
4
6
9
8
3
-11
-31
-45
-46
-52
-63
-78
-100
-124
-135
-114
-67
-8
35
65
75
75
56
53
68
112
149
137
84
28
-7
-18
-22
-32
-44
-46
-37
-32
-42
-71
-105
-141
-167
-181
-195
-203
-211
-221
-234
-253
-273
-314
-341
-331
-253
-128
-13
52
41
-7
-43
-36
3
40
68
73
76
79
82
78
70
61
50
43
36
28
12
-9
-38
-69
-105
-146
-180
-187
-149
-82
1
38
72
106
168
229
252
233
201
182
171
157
136
107
77
38
-8
-60
-105
-138
-161
-174
-179
-179
-183
-192
-206
-222
-237
-257
-259
-245
-181
-94
20
127
204
229
194
146
108
91
79
61
43
26
11
-9
-31
-48
-49
-46
-41
-34
-35
-28
-24
-10
2
-1
-29
-68
-116
-149
-125
-53
23
80
114
154
199
216
181
110
31
-23
-61
-89
-109
-125
-131
-126
-110
-97
-90
-93
-101
-118
-129
-133
-124
-99
-63
-9
53
110
146
141
139
154
201
249
248
193
110
42
4
-18
-27
-35
-36
-40
-49
-59
-68
-64
-46
-23
10
45
81
112
140
169
182
191
182
157
136
116
126
139
126
82
24
-21
-51
-55
-56
-54
-54
-62
-82
-102
-116
-121
-123
-124
-121
-122
-120
-123
-132
-150
-175
-203
-214
-188
-124
-50
-2
-11
-46
-40
38
154
236
232
183
122
72
48
31
24
23
23
25
19
5
-9
-24
-39
-46
-54
-60
-71
-87
-105
-139
-168
-179
-143
-60
37
135
212
273
290
252
172
93
24
-24
-64
-102
-128
-144
-146
-149
-153
-153
-147
-131
-107
-83
-70
-67
-80
-104
-132
-155
-162
-150
-91
-2
89
145
123
94
81
111
139
137
83
29
-19
-47
-60
-61
-49
-32
-9
2
6
17
36
62
85
100
99
87
64
39
10
-9
-34
-64
-89
-58
-8
58
112
159
196
201
160
108
72
59
61
49
26
4
-16
-35
-51
-64
-73
-74
-80
-92
-111
-127
-143
-156
-169
-181
-191
-221
-264
-298
-266
-150
19
170
248
252
207
159
122
117
118
112
109
96
85
62
39
20
-2
-19
-37
-53
-69
-89
-114
-152
-190
-210
-204
-172
-112
-46
-4
20
51
105
149
147
92
26
-17
-22
-15
0
13
20
18
6
-15
-38
-61
-81
-97
-107
-111
-118
-141
-176
-217
-238
-249
-204
-148
-73
7
91
148
164
142
108
98
104
119
132
129
118
97
63
26
-8
-27
-42
-51
-66
-85
-105
-127
-145
-159
-161
-154
-143
-132
-122
-116
-115
-108
-128
-157
-155
-107
-33
56
129
184
220
213
185
155
131
97
59
19
-3
-8
-17
-19
-24
-23
-26
-36
-57
-90
-113
-128
-147
-162
-168
-162
-124
-61
42
159
262
316
302
231
146
84
42
24
3
-20
-43
-60
-64
-61
-70
-80
-103
-117
-130
-134
-132
-115
-84
-47
16
87
151
201
235
276
311
311
269
201
137
91
62
29
-2
-29
-50
-68
-96
-128
-154
-173
-176
-171
-168
-159
-146
-132
-128
-139
-165
-192
-204
-171
-97
-13
40
85
136
209
256
246
196
138
95
58
23
1
-7
-6
7
1
-14
-36
-58
-61
-57
-46
-41
-42
-53
-81
-112
-137
-143
-113
-29
63
155
225
268
301
288
236
170
119
79
54
29
6
-18
-37
-60
-79
-89
-93
-94
-93
-86
-75
-64
-57
-63
-85
-126
-159
-175
-150
-101
-44
-10
23
76
154
215
218
173
126
99
95
96
88
74
58
41
27
8
-2
-15
-21
-27
-35
-38
-40
-41
-44
-51
-61
-76
-100
-126
-150
-166
-159
-106
-5
132
247
305
317
308
309
291
262
202
116
23
-67
-135
-176
-200
-211
-216
-222
-223
-220
-213
-203
-195
-182
-160
-123
-71
-13
48
96
125
128
116
86
76
94
148
200
206
150
55
-33
-101
-139
-159
-172
-168
-156
-137
-114
-88
-61
-38
-16
0
17
26
18
-3
-29
-42
-23
32
97
129
140
154
175
189
161
98
37
-1
-8
4
15
16
15
3
-22
-63
-108
-144
-168
-182
-195
-212
-221
-222
-211
-203
-196
-200
-221
-244
-228
-166
-71
27
77
91
73
43
21
12
14
16
10
-9
-31
-54
-68
-72
-73
-64
-58
-49
-49
-49
-47
-38
-26
-16
10
25
60
115
190
271
328
334
294
220
146
99
82
81
71
42
11
-26
-53
-75
-76
-67
-57
-45
-39
-29
-29
-22
-24
-37
-50
-68
-84
-110
-131
-155
-141
-74
39
158
221
232
184
123
70
45
39
34
28
17
10
4
0
4
3
12
22
25
27
31
28
27
21
6
-21
-64
-125
-187
-184
-100
35
153
205
200
164
131
106
100
102
107
110
107
95
76
45
4
-36
-72
-92
-96
-92
-78
-81
-90
-112
-134
-154
-168
-172
-178
-188
-204
-226
-257
-280
-301
-298
-252
-188
-93
-15
40
53
70
116
197
257
271
234
167
114
77
57
44
35
26
16
5
-15
-43
-85
-132
-173
-199
-206
-204
-201
-207
-216
-227
-230
-232
-221
-183
-130
-54
11
73
145
220
273
282
246
188
137
89
59
42
28
23
17
3
-15
-26
-33
-33
-29
-30
-36
-45
-54
-61
-77
-86
-95
-93
-91
-97
-114
-107
-41
70
199
276
289
253
197
148
110
85
71
64
56
54
48
43
37
32
32
26
18
7
0
-3
-5
-10
-14
-14
-9
12
42
91
129
141
127
99
84
79
104
126
112
63
-11
-67
-95
-98
-87
-76
-56
-30
-2
23
40
42
36
16
0
-14
-23
-24
-31
-41
-72
-119
-184
-237
-258
-222
-137
-46
19
82
155
252
321
344
311
257
201
155
115
79
47
24
9
-8
-24
-44
-65
-87
-105
-115
-123
-130
-139
-152
-158
-134
-83
-8
63
106
132
152
195
232
237
205
145
85
15
-41
-91
-123
-141
-142
-137
-138
-133
-129
-117
-106
-98
-90
-79
-64
-53
-55
-75
-113
-159
-188
-190
-149
-74
-9
38
71
117
179
214
197
138
77
34
20
19
15
0
-8
-17
-21
-12
-7
6
14
13
11
2
-9
-19
-32
-40
-41
-48
-48
-60
-70
-84
-108
-124
-135
-133
-126
-127
-147
-180
-227
-266
-270
-230
-142
-58
12
54
106
170
240
269
256
201
129
66
10
-22
-42
-57
-71
-86
-98
-103
-94
-74
-61
-51
-53
-54
-53
-34
0
41
80
112
131
133
134
157
200
251
281
267
211
132
62
12
-6
-14
-13
-8
1
3
0
-5
-11
-20
-39
-60
-93
-121
-145
-159
-144
-110
-69
-32
19
89
161
202
181
119
32
-35
-74
-67
-53
-32
-10
4
5
-3
-16
-35
-47
-61
-67
-65
-64
-61
-62
-65
-71
-83
-104
-135
-180
-243
-285
-255
-146
1
137
205
234
201
159
114
87
72
53
45
33
29
15
-9
-31
-54
-61
-67
-64
-69
-82
-91
-93
-86
-71
-55
-44
-37
-33
-37
-44
-76
-108
-140
-105
-11
127
239
277
274
221
162
111
81
70
59
49
24
-6
-51
-97
-135
-155
-153
-137
-117
-104
-106
-124
-143
-163
-183
-203
-220
-222
-216
-194
-163
-128
-80
-44
-13
2
13
26
60
120
193
244
247
204
136
65
13
-20
-34
-44
-41
-41
-42
-50
-49
-47
-42
-28
-12
8
27
41
36
18
-11
-29
-22
30
108
182
227
237
246
273
314
335
308
244
160
101
55
40
32
17
-4
-30
-61
-100
-123
-138
-141
-147
-159
-173
-180
-172
-159
-153
-157
-167
-182
-202
-194
-160
-87
12
131
244
316
344
301
212
120
41
-4
-30
-41
-46
-39
-25
-5
14
31
43
43
35
20
8
0
2
3
6
-1
-12
-19
-48
-90
-136
-150
-94
3
115
176
200
196
191
180
184
177
158
130
91
53
12
-20
-54
-88
-120
-151
-184
-204
-212
-212
-206
-201
-196
-188
-189
-198
-191
-168
-91
24
157
264
324
312
273
207
166
141
122
103
76
51
23
3
-22
-41
-57
-69
-70
-68
-59
-55
-39
-32
-18
-5
13
38
49
55
37
-1
-66
-120
-135
-98
-29
61
135
178
187
172
150
128
115
112
125
136
151
130
85
20
-44
-90
-117
-143
-164
-174
-173
-163
-153
-141
-135
-134
-133
-127
-119
-111
-104
-104
-106
-111
-118
-136
-161
-200
-248
-310
-369
-388
-365
-286
-203
-114
-34
60
152
212
231
215
178
148
118
95
66
39
14
-5
-26
-39
-47
-57
-66
-77
-83
-80
-74
-68
-64
-64
-78
-99
-119
-129
-96
-23
73
159
196
185
181
192
238
283
291
264
213
166
120
80
33
-10
-47
-67
-78
-89
-97
-99
-98
-93
-85
-74
-66
-67
-77
-90
-104
-107
-111
-109
-108
-118
-142
-188
-239
-277
-280
-242
-179
-106
-46
2
12
24
37
88
147
172
161
105
50
-2
-20
-19
-11
-8
-15
-24
-36
-31
-21
0
24
53
73
87
100
100
89
61
21
-17
-42
-44
-16
46
117
199
262
310
339
352
329
286
240
195
164
144
127
109
94
83
75
75
64
40
1
-38
-69
-82
-67
-35
-3
20
42
62
78
89
92
120
165
230
285
311
320
290
213
111
17
-51
-97
-139
-180
-219
-250
-262
-262
-246
-225
-195
-163
-133
-115
-120
-135
-154
-160
-176
-188
-200
-213
-222
-237
-243
-257
-260
-263
-278
-305
-347
-387
-441
-451
-406
-319
-222
-153
-129
-70
4
120
215
262
268
241
200
161
125
92
50
10
-11
-11
6
28
49
57
61
52
34
8
-26
-59
-87
-102
-96
-73
-42
-8
16
31
59
97
149
199
224
212
170
120
92
88
97
97
78
57
47
53
69
82
89
80
72
58
44
27
10
-5
-31
-45
-51
-37
-13
9
17
6
-18
-48
-77
-102
-63
2
63
91
76
68
82
119
160
209
234
239
206
153
73
-21
-105
-157
-164
-148
-129
-112
-104
-105
-117
-128
-133
-130
-122
-120
-125
-131
-141
-166
-198
-232
-257
-269
-234
-159
-70
-5
33
66
115
163
194
200
170
127
80
58
53
67
79
99
114
123
122
114
100
73
36
-2
-27
-44
-46
-41
-42
-49
-61
-74
-92
-107
-107
-89
-56
3
65
144
199
217
195
166
143
136
141
154
160
162
147
128
110
102
92
72
31
-26
-89
-149
-186
-207
-212
-207
-201
-192
-188
-184
-179
-170
-156
-149
-143
-157
-171
-187
-203
-183
-133
-55
10
30
40
71
112
160
181
176
151
115
79
47
25
15
2
-1
-1
-8
-27
-63
-109
-151
-171
-164
-137
-105
-64
-24
0
19
33
44
53
57
48
11
-20
-12
44
131
215
241
241
194
147
113
113
131
153
163
165
167
165
173
184
191
189
172
142
100
44
-20
-87
-139
-168
-177
-178
-174
-171
-181
-202
-229
-222
-166
-60
53
134
175
176
152
117
79
53
35
14
-1
-18
-30
-40
-43
-44
-48
-54
-66
-88
-115
-141
-169
-180
-188
-189
-193
-197
-184
-160
-125
-103
-107
-130
-148
-130
-53
59
157
204
200
180
165
156
156
153
150
146
140
191
