374
-205
-871
-1325
-1291
-721
14
586
911
914
843
738
584
204
-326
-740
-718
-289
357
811
948
806
534
332
231
228
240
227
188
106
2
-107
-201
-243
-225
-181
-145
-159
-180
-164
-82
27
221
284
365
24
-681
-1566
-1885
-1858
-1151
-124
742
1126
1333
856
52
-614
-774
-356
176
471
480
388
226
104
-10
-83
-152
-192
-202
-185
-151
-96
-68
-51
-51
-69
-90
-108
-107
-88
-58
-19
31
95
164
198
164
83
-15
-86
-113
-113
-90
-47
-31
-12
-25
-14
63
212
445
711
925
573
-99
-807
-1012
-729
-299
27
142
186
148
16
-221
-438
-563
-486
-328
-219
-168
-146
-124
-93
-50
-5
47
86
105
122
127
151
221
374
613
789
703
-30
-965
-1586
-1559
-939
-260
359
757
925
827
234
-482
-1012
-1017
-517
103
568
811
813
698
555
293
-95
-540
-805
-713
-259
274
685
860
812
668
553
394
136
-156
-387
-426
-253
114
399
570
529
356
220
128
86
68
50
48
81
115
97
33
-57
-112
-159
-182
-195
-203
-177
-148
-117
-69
-17
30
72
120
183
262
327
360
336
248
123
5
-88
-93
45
194
386
-9
-718
-1398
-1613
-1208
-614
-163
88
111
-185
-635
-1004
-1089
-837
-476
-184
-2
34
-8
-76
-119
-77
1
89
146
173
166
126
70
37
25
34
112
257
386
496
300
-434
-1237
-1743
-1570
-755
26
684
971
1009
702
-35
-837
-1335
-1188
-538
173
658
893
851
701
525
370
164
-52
-258
-316
-227
2
394
751
1022
1104
1017
864
618
354
113
-102
-319
-485
-666
-855
-842
-745
-543
-434
-388
-226
-32
48
20
-101
-287
-505
-654
-687
-589
-468
-374
-271
-164
-76
-11
35
90
149
215
308
417
496
519
433
279
107
-16
75
280
553
608
27
-682
-1251
-1210
-694
-109
350
630
673
325
-259
-787
-1019
-829
-437
-77
188
286
286
197
135
119
59
-143
-418
-641
-600
-297
208
685
962
981
728
-15
-933
-1598
-1693
-1205
-540
-60
219
303
294
248
206
172
144
102
51
5
-24
-40
-38
-22
-2
20
24
14
13
44
110
226
354
499
704
795
783
131
-778
-1582
-1813
-1325
-583
77
553
772
766
223
-430
-905
-888
-390
198
606
799
777
567
350
160
32
-83
-210
-303
-303
-253
-181
-128
-98
-79
-73
-70
-57
-12
52
131
174
174
137
90
64
52
44
34
56
169
422
619
667
28
-858
-1481
-1448
-695
5
568
733
771
358
-280
-835
-1021
-637
-48
414
724
777
723
575
467
380
322
215
97
-26
-162
-255
-318
-344
-359
-355
-308
-205
-85
39
93
91
56
7
-23
-30
-14
11
62
125
178
191
154
83
14
-34
-56
-60
-61
-64
-70
-73
-69
-42
13
104
236
405
572
687
684
739
770
883
686
-78
-767
-1116
-861
-336
97
407
549
360
-86
-569
-771
-532
-93
329
605
632
507
256
-4
-197
-291
-287
-226
-169
-191
-281
-370
-432
-425
-370
-229
-26
94
200
76
-510
-1164
-1764
-1743
-1184
-361
355
867
1046
997
461
-345
-989
-1128
-640
104
636
899
895
795
675
526
273
-95
-471
-684
-678
-377
-10
312
427
323
173
102
107
166
234
268
271
275
263
250
236
219
202
193
186
183
189
224
278
308
321
351
501
601
693
210
-634
-1525
-1856
-1546
-698
44
508
677
569
56
-564
-1049
-1035
-618
-175
107
195
191
124
39
23
53
94
96
81
81
84
103
121
140
155
160
166
173
175
164
140
105
69
32
-2
-36
-55
-76
-71
-31
49
172
285
342
300
164
69
162
494
899
984
350
-441
-1015
-957
-495
-41
277
449
376
-34
-537
-919
-891
-457
52
495
732
770
651
455
264
31
-245
-526
-661
-584
-275
198
622
943
1007
983
994
875
452
-268
-979
-1230
-1002
-445
28
335
367
257
103
-105
-373
-661
-830
-792
-573
-271
-1
190
264
238
169
119
108
144
112
85
11
-81
-203
-298
-326
-233
-137
-19
108
229
322
334
307
285
256
234
222
200
163
94
7
-59
-65
-19
100
236
310
340
-223
-1046
-1645
-1770
-1222
-535
48
391
605
378
-264
-917
-1233
-904
-280
258
497
527
432
308
252
214
190
137
95
55
37
33
47
87
122
184
226
289
339
339
276
178
82
65
232
457
785
698
69
-707
-1280
-1192
-591
41
532
802
833
412
-237
-830
-1102
-851
-442
-91
125
189
143
45
-65
-163
-237
-322
-398
-445
-455
-387
-239
-17
209
352
376
289
194
129
97
73
51
45
52
69
85
99
99
85
65
32
1
-30
-50
-60
-54
-25
18
72
128
208
422
648
915
597
-215
-1089
-1394
-991
-316
273
497
599
371
-271
-945
-1328
-1065
-457
221
616
765
709
525
277
-16
-341
-561
-598
-396
21
413
688
706
556
380
217
115
50
-7
-79
-152
-207
-243
-263
-257
-222
-158
-89
-29
6
21
18
-11
-53
-91
-122
-111
-94
-75
-74
-89
-111
-146
-175
-190
-168
-116
-46
26
88
139
192
236
284
340
609
856
1086
608
-302
-1059
-1339
-967
-455
-82
212
329
110
-327
-726
-876
-590
-105
362
705
761
602
305
73
-50
-132
-235
-382
-486
-526
-495
-423
-333
-240
-139
-41
41
103
157
213
284
352
377
335
245
175
270
509
815
915
346
-450
-1191
-1297
-835
-224
291
590
626
330
-322
-933
-1280
-1072
-474
128
523
657
555
370
199
91
19
-34
-61
-54
-16
43
92
136
194
289
353
391
394
365
318
229
129
58
100
211
363
433
-19
-680
-1451
-1698
-1397
-712
-125
379
630
623
36
-787
-1386
-1449
-885
-175
323
562
553
446
313
240
158
22
-158
-281
-315
-262
-133
58
229
359
385
393
416
457
454
401
364
402
440
454
196
-504
-1371
-1866
-1839
-1155
-235
490
913
1071
928
236
-534
-1134
-1202
-749
-202
174
317
265
93
-60
-150
-162
-156
-139
-133
-112
-83
-51
-8
45
105
169
220
239
224
179
106
34
-33
-84
-120
-147
-167
-174
-159
-142
-119
-117
-115
-116
-96
-82
-57
-64
-69
-79
-79
-70
-61
-53
-45
-18
10
102
400
684
956
473
-415
-1327
-1501
-957
-36
602
891
803
311
-264
-683
-607
-174
330
676
850
886
860
784
608
459
214
-173
-593
-910
-955
-679
-224
184
424
416
279
138
45
-32
-126
-215
-284
-272
-205
-108
20
131
200
213
185
174
176
189
202
211
204
192
159
138
119
115
124
139
155
186
230
246
224
126
-5
-104
-103
110
552
1059
1292
682
-187
-926
-978
-497
-48
244
371
275
-108
-546
-845
-717
-322
91
369
415
295
55
-202
-324
-327
-247
-172
-117
-70
-27
22
86
168
275
331
313
208
60
-44
-96
-142
-200
-281
-324
-325
-284
-224
-155
-82
-27
-6
-14
-36
-56
-55
-40
-15
-1
4
-6
-7
-1
11
26
27
27
36
40
113
370
745
1200
1242
573
-270
-899
-897
-502
-182
32
112
93
-29
-284
-593
-800
-766
-432
-4
344
515
547
540
543
525
439
274
77
-87
-214
-225
-194
-137
-126
-115
-91
-29
19
33
33
-13
-56
-101
-127
-124
-103
-84
-64
-38
-13
12
19
30
19
12
-4
-15
-20
-19
-20
-30
-37
-45
-52
-51
-52
-36
-8
46
115
188
246
249
201
108
-1
-46
151
515
1004
1029
342
-481
-980
-864
-394
-76
94
111
-106
-457
-774
-798
-589
-282
-42
27
32
29
-20
-49
-72
-70
-40
87
177
239
264
211
-161
-690
-1228
-1486
-1291
-749
-79
581
892
944
543
-229
-974
-1390
-1139
-523
11
281
389
371
294
216
173
163
160
162
160
165
158
148
123
90
70
64
75
119
175
227
341
439
471
471
301
-155
-713
-1228
-1265
-826
-69
707
1191
1355
752
-159
-971
-1158
-658
95
624
834
776
646
477
308
61
-264
-607
-806
-807
-551
-161
229
521
604
524
404
274
125
-36
-247
-405
-439
-370
-172
61
250
351
343
305
288
270
256
246
245
251
253
246
234
223
225
334
557
684
737
66
-779
-1724
-1884
-1718
-736
319
1039
1342
1048
212
-703
-1298
-1127
-612
-29
288
426
410
203
-16
-281
-611
-872
-982
-850
-522
-156
112
209
144
44
-26
-26
10
53
69
59
48
36
44
57
70
78
82
69
54
38
30
31
42
72
130
198
262
297
279
221
155
93
71
174
505
914
1253
855
-1
-867
-1143
-758
-106
364
598
582
250
-355
-933
-1200
-967
-512
-67
219
296
231
137
38
-8
-6
-28
-171
-278
-380
-541
-765
-897
-882
-620
-323
-73
130
275
337
328
311
269
178
4
-164
-266
-290
-307
-322
-288
-218
-110
17
144
285
400
373
302
96
-387
-974
-1548
-1698
-1351
-657
94
760
1062
1038
404
-523
-1208
-1370
-882
-212
296
573
614
599
556
553
593
637
635
617
553
462
339
181
16
-134
-226
-277
-303
-311
-308
-299
-293
-289
-272
-228
-161
-84
-22
6
8
-13
-27
-25
-11
18
30
39
33
34
37
49
57
66
69
70
63
54
52
44
44
37
33
26
34
55
100
167
256
353
428
437
390
510
736
1063
1054
347
-403
-936
-852
-411
-179
-78
-158
-428
-817
-1099
-1086
-739
-308
96
321
353
263
136
58
46
53
102
105
136
154
167
145
16
-148
-291
-295
-217
-26
210
496
759
1014
1262
1361
1017
156
-798
-1269
-1154
-566
-91
184
218
143
54
-187
-558
-915
-996
-733
-286
123
328
361
233
108
44
24
42
-12
-52
-126
-261
-435
-596
-598
-467
-232
81
404
780
930
900
438
-388
-1163
-1616
-1420
-783
-72
492
865
981
910
624
2
-694
-1137
-1025
-487
161
570
726
598
282
-53
-309
-430
-431
-336
-199
-67
24
68
81
65
66
80
112
150
195
222
244
236
230
225
201
180
169
179
195
202
191
176
164
158
165
174
195
206
218
240
279
325
344
319
253
287
496
803
1059
684
-198
-974
-1301
-963
-388
25
284
337
35
-492
-1020
-1232
-956
-493
-1
328
471
500
454
375
337
287
226
157
-34
-158
-255
-367
-513
-596
-598
-509
-372
-289
-199
-123
-110
-257
-505
-747
-844
-710
-341
197
699
1062
1144
999
746
204
-437
-931
-1094
-798
-179
215
206
-28
-428
-687
-779
-785
-689
-485
-203
48
208
263
268
265
228
188
148
118
92
69
61
74
89
107
117
142
164
215
269
342
408
474
519
558
707
849
1034
938
206
-730
-1417
-1470
-867
-108
409
736
700
235
-393
-957
-1131
-826
-370
34
280
342
290
184
87
39
20
25
36
67
142
218
278
302
304
303
320
351
400
430
418
348
245
154
96
58
93
176
331
464
380
-46
-764
-1243
-1188
-655
82
668
881
824
314
-441
-1064
-1291
-895
-269
298
667
707
584
453
183
-103
-421
-630
-615
-367
75
441
707
724
637
555
492
476
468
440
420
417
310
166
-185
-853
-1513
-1882
-1884
-1726
-763
162
813
1095
1074
509
-226
-888
-1156
-834
-323
59
265
276
179
79
37
41
85
127
146
153
154
162
172
188
169
140
94
73
82
136
298
461
588
528
129
-601
-1383
-1877
-1885
-1763
-767
387
1094
1445
1055
285
-528
-957
-730
-187
212
355
309
163
7
-93
-128
-126
-100
-65
-24
20
71
109
140
167
179
190
200
218
243
273
310
348
401
451
483
450
354
213
66
-64
-150
-183
-128
74
431
783
1014
462
-250
-930
-955
-473
49
348
454
431
323
154
-35
-183
-272
-206
-174
-130
-141
-234
-389
-561
-631
-588
-448
-196
79
367
588
767
918
929
672
144
-411
-722
-640
-158
267
325
124
-371
-667
-834
-944
-888
-606
-187
176
389
427
400
335
249
163
87
17
-48
-94
-129
-153
-157
-147
-124
-97
-76
-56
-36
-12
21
48
84
116
146
172
192
190
160
83
34
118
402
730
996
569
-299
-1141
-1428
-991
-188
339
600
617
267
-291
-823
-1025
-685
-156
337
658
708
574
296
14
-151
-158
-48
79
218
219
90
-126
-565
-1031
-1415
-1448
-1270
-869
-415
47
385
484
403
290
82
-192
-540
-732
-722
-416
4
357
552
540
397
259
157
112
102
106
154
273
290
333
178
-287
-784
-1387
-1598
-1398
-787
109
990
1514
1565
791
-262
-1122
-1477
-1141
-584
-147
123
210
207
187
155
113
66
39
45
71
100
138
158
167
153
124
88
35
-19
-76
-113
-125
-99
-57
-17
30
83
151
411
624
863
666
-68
-1079
-1808
-1806
-1206
-196
667
1151
1215
745
-10
-746
-1080
-792
-265
232
462
596
544
489
341
-90
-685
-1163
-1285
-910
-356
116
422
506
427
297
182
131
108
78
36
-7
-21
-21
0
25
66
114
170
202
217
203
186
169
156
150
160
196
244
310
432
684
887
1102
647
-195
-1315
-1860
-1799
-1033
-111
520
837
671
-44
-798
-1324
-1184
-676
-154
170
248
223
155
97
61
32
-2
-26
-31
-4
39
84
117
150
165
175
179
178
189
201
240
295
339
343
289
184
53
-53
-118
-123
-74
3
135
440
784
1151
1003
278
-614
-1021
-802
-259
124
263
287
260
204
187
128
51
-83
-184
-227
-226
-201
-166
-111
-60
-45
-66
-116
-162
-176
-170
-125
-64
10
100
332
563
788
731
52
-849
-1707
-1845
-1384
-375
533
1083
1251
883
130
-641
-1065
-804
-243
375
732
791
703
538
76
-535
-1065
-1297
-1018
-525
-13
330
451
397
268
138
60
29
20
18
19
18
28
25
28
7
-24
-66
-98
-87
-57
-20
7
25
43
64
111
206
324
435
649
833
1012
941
253
-679
-1556
-1686
-1153
-349
149
298
317
86
-396
-860
-1125
-1031
-678
-308
26
341
448
365
87
-445
-940
-1234
-1167
-846
-320
201
584
804
701
376
-49
-405
-551
-430
-62
336
670
872
879
792
610
381
201
82
-4
-86
-141
-150
-116
-64
-1
46
88
137
181
214
205
162
107
61
35
22
95
404
650
942
600
-191
-1217
-1819
-1687
-951
-71
566
839
656
-94
-904
-1430
-1297
-673
65
570
762
798
613
162
-329
-671
-728
-542
-270
19
238
380
369
291
192
124
66
57
64
59
54
44
82
218
298
335
194
-318
-847
-1485
-1601
-1278
-501
369
990
1261
949
228
-557
-1071
-915
-396
135
493
601
559
400
193
3
-141
-235
-271
-250
-185
-101
-24
29
57
51
30
2
12
36
75
193
395
559
701
264
-358
-1189
-1601
-1407
-785
51
796
1219
1214
589
-248
-1030
-1357
-1021
-452
145
521
611
563
409
56
-403
-793
-933
-733
-356
18
313
479
490
413
309
224
176
169
187
196
186
149
103
54
18
12
35
93
154
222
265
307
363
397
397
339
218
86
-16
-50
-14
122
532
912
1338
1225
508
-429
-1031
-982
-440
137
485
628
446
-2
-549
-996
-1091
-781
-312
178
577
756
795
573
-57
-714
-1173
-1182
-750
-202
300
686
824
759
545
298
106
-48
-170
-163
-56
77
223
174
-224
-703
-1156
-1264
-1030
-581
-62
366
614
633
502
251
-150
-599
-938
-985
-748
-343
-3
263
324
286
156
41
0
36
113
249
419
446
497
424
190
-108
-478
-663
-680
-602
-368
-85
212
500
610
239
-293
-770
-771
-351
95
353
410
326
199
56
-45
-111
-181
-221
-231
-174
-88
-3
70
129
182
219
246
261
279
298
335
391
466
544
580
550
450
311
174
92
164
491
846
1236
966
247
-644
-1115
-905
-286
247
585
683
491
8
-576
-1071
-1181
-857
-402
68
471
643
669
368
-233
-807
-1120
-937
-459
45
407
647
625
467
249
-1
-215
-360
-398
-292
-165
-62
-10
3
-14
-69
-172
-246
-221
-161
-114
-95
-87
-72
-54
-36
-10
5
20
25
43
70
103
129
153
150
125
78
20
-28
-64
-87
-82
-63
-50
-29
-9
50
236
519
831
1071
872
113
-1003
-1595
-1535
-886
-236
194
396
296
-144
-641
-991
-848
-386
102
445
569
553
467
351
259
173
84
-14
-44
-69
46
110
138
90
-137
-386
-617
-674
-553
-389
-202
0
213
368
378
338
130
-283
-863
-1475
-1662
-1348
-623
132
681
963
769
167
-517
-977
-869
-424
13
330
415
410
352
292
285
288
299
336
461
510
512
351
-90
-534
-944
-1002
-795
-292
286
830
1096
814
208
-458
-850
-730
-376
-17
189
243
139
18
-139
-318
-504
-598
-488
-265
-50
129
256
343
421
343
269
120
-158
-528
-906
-1072
-927
-491
119
663
1041
1178
1001
514
-171
-848
-1223
-1041
-556
-2
324
340
197
-119
-450
-613
-512
-256
-8
192
324
357
291
214
147
110
82
57
70
118
155
196
219
267
306
350
384
395
381
362
305
189
80
-1
39
141
309
474
594
428
-137
-844
-1373
-1270
-731
9
541
782
758
423
-205
-896
-1383
-1404
-916
-315
211
601
815
823
810
685
444
96
-274
-373
-347
-95
227
419
346
23
-286
-470
-382
-293
-242
-240
-237
-205
-135
-53
40
138
216
263
249
201
142
97
67
44
38
39
57
97
144
201
240
255
237
190
143
94
68
44
62
252
584
941
1090
464
-418
-1207
-1293
-747
16
422
622
610
371
-99
-652
-1089
-1154
-810
-328
130
488
700
759
828
752
340
-315
-923
-1188
-927
-507
-79
227
393
329
209
28
-178
-428
-680
-621
-398
-64
280
399
238
-56
-327
-399
-317
-196
-59
57
156
240
301
344
374
381
370
330
242
136
18
-83
-149
-169
-161
-122
33
250
457
575
202
-435
-1282
-1654
-1367
-626
171
724
868
814
424
-244
-891
-1254
-1070
-523
57
495
735
788
663
566
426
254
-14
-140
-180
-100
31
34
-102
-299
-469
-410
-236
-128
-97
-57
20
106
125
121
126
112
100
69
38
12
-16
-46
-83
-120
-139
-139
-112
-54
13
67
96
102
85
44
-7
53
179
351
524
494
149
-416
-1083
-1426
-1253
-705
51
581
881
882
609
102
-550
-1054
-1126
-768
-262
122
340
432
402
412
352
205
-136
-505
-739
-790
-721
-519
-318
-56
166
327
355
366
301
179
26
-89
-88
-18
67
162
238
298
344
347
304
226
127
37
-8
-15
4
17
28
20
-3
-3
35
103
176
297
473
643
807
612
-31
-908
-1554
-1469
-886
66
778
1152
1226
770
-63
-859
-1282
-1016
-425
183
601
772
777
613
439
228
-38
-318
-521
-430
-282
-4
237
323
151
-182
-489
-504
-405
-264
-153
-156
-221
-341
-413
-365
-250
-146
-71
-16
7
11
-19
-80
-121
-157
-178
-162
-140
-109
-73
-32
2
24
28
32
79
162
311
419
525
624
646
543
181
-455
-1054
-1344
-1090
-379
394
1001
1262
1112
550
-203
-801
-937
-592
-131
178
305
314
324
221
168
61
-158
-456
-696
-751
-574
-255
110
403
585
618
549
478
424
411
417
408
392
379
362
333
285
234
183
134
96
62
39
18
10
10
-13
-38
-24
57
159
246
340
306
189
-204
-691
-1125
-1205
-829
-110
552
993
1000
695
163
-495
-1028
-1187
-883
-387
145
434
621
653
608
497
55
-537
-1084
-1265
-1002
-561
-130
165
326
308
243
142
85
28
-42
-143
-234
-303
-341
-347
-312
-236
-149
-53
25
82
107
101
138
262
451
649
702
246
-407
-1263
-1676
-1472
-873
-25
607
902
942
664
14
-658
-1143
-1137
-701
-200
219
460
554
490
421
334
122
-259
-696
-986
-887
-563
-149
178
358
416
408
400
413
439
415
341
247
157
93
62
75
119
170
200
218
216
222
235
275
334
405
471
506
487
411
301
361
480
647
687
84
-707
-1498
-1599
-1123
-346
156
455
473
346
33
-395
-812
-1025
-970
-744
-493
-204
7
137
181
184
212
258
304
339
354
389
408
414
378
315
239
151
75
19
-9
-9
125
428
713
927
495
-215
-1067
-1440
-1125
-378
410
887
982
900
585
37
-555
-1017
-1126
-880
-478
-89
243
337
291
191
65
-23
-136
-267
-326
-237
-8
282
497
574
421
-42
-542
-956
-918
-734
-518
-236
17
62
-32
-231
-279
-221
-190
-219
-238
-232
-162
-70
42
90
89
52
20
6
2
0
-1
2
14
36
71
116
160
199
235
274
323
378
419
420
368
258
113
20
-32
144
499
892
1213
946
312
-582
-1011
-845
-314
249
592
665
581
217
-329
-858
-1111
-936
-545
-135
153
305
338
388
315
296
204
66
-81
-184
-179
-100
55
258
408
536
513
314
-39
-390
-640
-678
-641
-595
-432
-279
-80
103
-38
-387
-918
-1436
-1600
-1238
-604
267
937
1205
1075
553
-200
-825
-1103
-851
-368
72
391
542
592
545
502
438
385
287
198
133
106
81
39
-18
-62
-83
-83
-41
39
168
362
512
645
586
366
-209
-815
-1413
-1638
-1460
-945
-251
353
626
560
85
-618
-1230
-1442
-956
-278
334
619
677
568
434
308
257
251
340
320
261
186
-47
-324
-556
-718
-658
-478
-131
193
432
563
421
33
-448
-739
-752
-563
-295
2
250
376
359
286
206
122
61
36
28
56
113
173
233
272
277
251
193
132
88
64
73
91
105
120
190
335
626
936
1202
1110
497
-423
-1143
-1321
-990
-335
35
288
310
33
-404
-834
-1074
-981
-555
-149
244
433
496
414
257
122
56
72
79
18
35
26
-21
-20
-202
-557
-905
-1199
-1169
-890
-492
28
405
661
711
600
374
45
-328
-564
-554
-312
11
302
479
518
453
360
265
202
185
199
316
326
366
189
-350
-887
-1443
-1631
-1291
-739
42
569
848
890
668
188
-360
-810
-962
-711
-314
155
437
637
633
504
245
-144
-482
-675
-578
-360
-127
198
404
437
355
83
-265
-598
-785
-745
-582
-289
127
531
872
864
513
-36
-559
-744
-586
-276
16
320
483
496
353
196
61
-82
-211
-274
-188
20
207
384
484
524
508
441
372
336
293
368
475
508
398
-76
-710
-1412
-1812
-1685
-1176
-324
421
907
1105
784
45
-681
-1128
-988
-484
37
414
605
711
698
633
503
803
