-63
-107
-208
-310
-395
-491
-463
-426
-275
-114
34
142
191
183
141
103
76
66
74
95
110
127
136
141
141
137
118
89
42
6
-33
-52
-49
-31
-5
23
40
47
45
40
32
27
21
19
17
23
21
14
-3
-25
-43
-62
-71
-76
-86
-93
-101
-95
-89
-104
-134
-210
-319
-404
-450
-464
-427
-391
-324
-247
-160
-71
-1
18
-15
-70
-113
-145
-154
-140
-96
-96
-51
-31
-47
-61
-73
-91
-118
-142
-146
-127
-93
-54
-26
0
17
24
26
24
23
23
24
28
28
31
32
30
23
10
-5
-21
-31
-37
-49
-56
-62
-54
-47
-53
-85
-143
-245
-345
-401
-435
-422
-402
-365
-297
-230
-169
-129
-104
-81
-64
-44
-24
-3
16
30
42
56
64
60
44
11
-51
-116
-192
-232
-218
-166
-112
-78
-56
-44
-29
-12
-2
13
27
36
42
43
49
54
56
52
51
41
35
26
16
5
-3
-13
-20
-25
-25
-27
-30
-38
-40
-48
-52
-48
-47
-42
-39
-33
-30
-30
-31
-28
-28
-19
-9
-3
-3
-10
-15
-14
-5
6
13
-10
-69
-167
-259
-328
-343
-310
-264
-186
-133
-73
-30
-26
-58
-112
-151
-176
-189
-183
-166
-148
-147
-154
-160
-154
-139
-128
-106
-88
-58
-53
-47
-59
-90
-125
-139
-125
-88
-43
-5
24
40
53
66
76
88
89
68
22
-45
-115
-156
-148
-113
-77
-65
-58
-45
-27
-15
-13
-36
-64
-94
-110
-109
-91
-64
-39
-27
-15
-12
-7
-5
-3
4
14
24
32
32
30
26
17
2
-14
-38
-58
-69
-78
-81
-83
-79
-79
-84
-109
-166
-271
-391
-465
-504
-472
-413
-320
-191
-75
34
112
161
184
187
181
162
147
135
120
111
108
107
103
91
51
-22
-101
-178
-212
-203
-170
-135
-120
-109
-100
-86
-70
-59
-68
-85
-96
-104
-103
-99
-77
-50
-24
-4
8
20
19
27
25
19
-23
-115
-216
-293
-288
-230
-169
-137
-142
-139
-123
-97
-87
-100
-147
-218
-286
-326
-327
-289
-233
-174
-138
-124
-119
-110
-102
-100
-97
-88
-71
-53
-30
-11
3
12
16
16
23
28
30
26
18
17
16
23
19
0
-45
-133
-221
-276
-274
-243
-214
-192
-160
-124
-86
-51
-17
12
43
76
114
158
192
211
205
185
165
128
72
-2
-100
-199
-255
-245
-205
-161
-146
-132
-110
-75
-41
-3
24
47
65
77
85
91
95
95
95
92
82
74
61
47
35
27
19
15
9
3
-5
-14
-20
-25
-30
-29
-29
-23
-21
-16
-17
-18
-22
-22
-24
-20
-14
-11
-4
-1
-10
-19
-31
-21
-1
17
14
-32
-128
-245
-349
-439
-433
-395
-306
-202
-110
-5
48
65
37
12
3
24
59
96
115
113
76
42
18
15
17
13
11
15
31
34
17
-32
-73
-103
-107
-93
-73
-50
-31
-15
2
17
32
41
48
44
39
35
24
16
3
-5
-18
-48
-106
-197
-302
-387
-417
-398
-371
-329
-303
-270
-252
-244
-256
-273
-287
-279
-241
-188
-150
-131
-121
-108
-108
-123
-137
-145
-149
-137
-126
-107
-89
-71
-64
-63
-66
-70
-66
-59
-48
-37
-26
-13
4
11
21
25
24
22
19
17
13
3
-7
-18
-21
-19
-18
-11
-11
-9
-17
-21
-21
-23
-21
-23
-21
-27
-31
-36
-32
-34
-40
-37
-36
-26
-15
-10
-8
-3
-1
-3
-11
-9
-21
-29
-32
-25
-23
-17
-19
-15
-15
-14
-16
-24
-29
-32
-36
-47
-51
-59
-48
-34
-12
-1
-33
-135
-280
-426
-495
-467
-377
-246
-130
-43
14
35
43
31
24
23
21
12
0
-15
-27
-41
-50
-50
-48
-44
-35
-53
-74
-92
-88
-70
-42
-14
11
28
45
59
68
71
47
17
-31
-70
-88
-82
-49
-12
19
43
60
67
69
74
64
16
-55
-125
-157
-144
-112
-90
-98
-101
-94
-75
-55
-53
-70
-95
-111
-101
-85
-69
-51
-34
-15
5
25
38
53
64
74
72
68
60
50
44
39
34
18
1
-11
-24
-34
-59
-127
-242
-352
-408
-403
-354
-284
-210
-110
-10
78
125
106
35
-54
-130
-169
-184
-170
-142
-117
-104
-101
-84
-80
-105
-144
-189
-207
-197
-168
-130
-88
-61
-33
-17
-8
-6
-8
-6
-2
6
9
11
7
1
-12
-25
-22
-24
-23
-24
-28
-33
-36
-49
-91
-167
-272
-344
-398
-409
-401
-375
-315
-249
-184
-127
-84
-55
-44
-32
-9
10
27
38
38
31
32
35
49
48
18
-73
-178
-243
-225
-173
-134
-127
-128
-114
-96
-76
-63
-47
-38
-35
-46
-53
-52
-47
-40
-40
-48
-60
-67
-61
-60
-61
-66
-67
-62
-59
-74
-143
-250
-365
-459
-459
-414
-303
-174
-58
50
130
167
182
177
167
154
146
144
145
150
147
137
132
122
109
84
66
54
48
44
34
15
-9
-24
-34
-66
-144
-261
-375
-496
-510
-493
-410
-319
-230
-154
-118
-126
-175
-217
-237
-231
-210
-172
-139
-111
-98
-95
-94
-98
-102
-104
-103
-99
-91
-81
-79
-91
-102
-114
-121
-121
-123
-134
-145
-152
-131
-106
-105
-172
-272
-375
-432
-420
-398
-345
-296
-240
-184
-127
-80
-35
7
48
81
111
136
156
167
175
179
177
170
167
165
165
159
151
137
122
110
97
91
89
93
89
70
52
33
31
27
23
7
-2
-4
-13
-53
-152
-302
-466
-505
-478
-342
-199
-79
31
94
128
123
108
100
101
99
85
76
67
64
77
95
116
131
137
129
119
106
102
108
111
90
32
-59
-121
-142
-123
-95
-79
-55
-32
-16
0
11
26
48
58
31
-36
-155
-252
-281
-252
-186
-137
-102
-67
-54
-45
-52
-60
-70
-86
-147
-212
-273
-282
-273
-256
-239
-220
-186
-159
-125
-93
-59
-14
25
25
-5
-69
-147
-180
-174
-142
-100
-83
-59
-42
-22
1
16
25
30
39
43
51
49
44
34
25
15
1
-11
-25
-35
-47
-62
-61
-63
-66
-67
-68
-65
-60
-57
-50
-51
-48
-43
-46
-47
-50
-47
-48
-37
-39
-39
-35
-35
-33
-53
-72
-89
-100
-114
-141
-218
-327
-463
-533
-505
-420
-300
-205
-118
-41
-4
5
-21
-56
-96
-130
-153
-164
-159
-146
-129
-118
-110
-101
-89
-75
-59
-49
-41
-44
-39
-43
-55
-67
-78
-92
-97
-98
-100
-95
-95
-88
-85
-83
-83
-82
-81
-82
-84
-91
-89
-84
-70
-57
-42
-31
-19
-13
-14
-28
-47
-60
-63
-68
-86
-139
-247
-370
-462
-460
-411
-315
-229
-136
-38
39
96
133
165
173
177
169
165
160
154
145
133
116
108
104
86
34
-55
-144
-197
-189
-155
-112
-93
-72
-59
-44
-16
2
-8
-26
-53
-64
-65
-47
-27
0
21
42
49
50
49
35
-11
-82
-166
-200
-194
-149
-117
-96
-82
-85
-89
-107
-113
-124
-130
-135
-124
-106
-81
-49
-31
-19
-10
2
11
23
34
48
63
75
80
79
77
76
73
69
62
53
39
30
30
36
40
47
55
61
68
68
70
56
32
1
-17
-28
-34
-46
-94
-179
-302
-401
-409
-356
-261
-167
-86
-14
38
58
60
50
31
7
-31
-71
-106
-123
-143
-156
-157
-149
-124
-95
-88
-127
-180
-221
-220
-195
-170
-142
-111
-81
-55
-38
-27
-20
-14
-10
-3
-2
-3
-12
-20
-16
-17
-12
-14
-21
-36
-53
-67
-81
-86
-93
-103
-119
-128
-132
-133
-134
-134
-134
-138
-135
-135
-128
-110
-93
-76
-69
-66
-77
-102
-127
-143
-138
-119
-113
-164
-260
-368
-402
-378
-314
-241
-162
-78
2
62
99
121
136
157
181
202
218
231
234
224
210
186
168
155
125
72
-26
-116
-194
-211
-186
-153
-115
-80
-47
-15
3
23
39
58
76
89
106
120
139
146
154
154
150
136
120
102
84
72
65
54
42
25
11
-5
-19
-31
-41
-46
-40
-31
-26
-25
-19
-16
-7
-1
6
10
9
10
-7
-32
-59
-84
-104
-130
-184
-302
-458
-547
-531
-447
-338
-267
-203
-141
-126
-147
-200
-233
-235
-216
-188
-158
-138
-120
-101
-75
-40
-19
-18
-63
-122
-180
-210
-208
-194
-158
-120
-89
-63
-54
-50
-47
-39
-39
-39
-38
-32
-36
-35
-41
-53
-60
-70
-88
-102
-115
-119
-122
-132
-142
-160
-175
-193
-197
-200
-196
-192
-185
-184
-183
-181
-179
-169
-165
-159
-155
-155
-146
-147
-147
-148
-156
-179
-201
-209
-190
-181
-218
-315
-429
-478
-447
-370
-269
-176
-87
-26
14
36
56
78
97
111
124
125
124
107
92
81
89
116
128
92
-4
-105
-176
-189
-160
-117
-80
-57
-40
-19
4
24
17
-15
-64
-110
-121
-108
-70
-32
-15
-11
-23
-34
-31
-24
-41
-99
-162
-189
-173
-131
-106
-79
-48
-13
19
53
77
98
121
136
146
150
157
155
161
159
158
146
133
113
97
77
65
56
54
58
59
53
43
34
23
11
7
9
12
20
24
34
41
48
49
59
67
80
89
96
105
87
50
3
-32
-59
-82
-140
-258
-397
-460
-425
-336
-248
-186
-138
-116
-135
-165
-185
-181
-157
-129
-106
-89
-80
-67
-72
-60
-55
-35
8
35
20
-58
-150
-217
-233
-219
-197
-179
-167
-153
-134
-107
-78
-83
-110
-139
-167
-161
-150
-123
-94
-84
-85
-89
-92
-76
-57
-78
-120
-172
-202
-191
-166
-132
-100
-72
-53
-39
-31
-24
-17
-9
-10
-12
-7
-2
1
-1
-5
-10
-10
-8
-8
-3
0
-1
-11
-19
-31
-33
-27
-12
2
14
21
22
19
17
18
19
11
10
9
14
24
46
68
89
110
128
142
148
155
146
142
124
99
59
20
1
-16
-89
-188
-305
-352
-326
-264
-189
-117
-45
20
70
111
143
161
179
194
200
193
164
128
92
67
57
38
-21
-141
-239
-323
-327
-299
-263
-218
-182
-166
-148
-126
-85
-34
-10
-13
-43
-75
-73
-66
-52
-43
-36
-33
-41
-42
-38
-32
-59
-117
-169
-207
-194
-160
-128
-88
-57
-37
-24
-16
-11
-14
-18
-17
-15
-11
-12
-10
-15
-15
-15
-15
-28
-42
-64
-81
-91
-88
-83
-70
-66
-57
-55
-52
-41
-31
-31
-31
-37
-39
-36
-21
-3
15
31
39
43
43
47
49
50
51
50
51
65
72
87
93
95
87
63
20
-27
-54
-72
-119
-219
-361
-445
-440
-388
-311
-247
-179
-113
-62
-24
-6
-2
-13
-44
-92
-143
-167
-158
-121
-80
-94
-135
-179
-191
-170
-132
-91
-49
-19
7
26
41
48
50
51
42
44
43
46
52
55
52
41
26
3
-18
-31
-40
-48
-79
-121
-172
-227
-231
-221
-248
-321
-444
-530
-548
-536
-486
-430
-362
-284
-219
-156
-106
-57
-20
4
14
12
10
11
28
51
76
96
102
92
68
37
5
-16
-48
-152
-255
-320
-309
-237
-170
-113
-60
-42
-35
-36
-33
-32
-57
-101
-152
-175
-172
-151
-112
-65
-21
16
42
60
68
74
71
65
56
45
29
15
-2
-3
1
14
23
24
13
-3
-15
-31
-50
-74
-104
-130
-147
-139
-125
-98
-79
-66
-67
-71
-80
-89
-106
-122
-145
-161
-165
-151
-130
-99
-71
-54
-46
-47
-62
-76
-87
-98
-102
-103
-89
-64
-35
-6
22
24
-7
-70
-107
-117
-134
-211
-329
-397
-373
-291
-201
-128
-61
-6
34
69
81
73
41
9
-12
1
26
26
-4
-46
-73
-69
-50
-15
17
33
21
-11
-46
-55
-12
23
24
-53
-129
-167
-157
-110
-68
-37
-27
-29
-29
-25
-21
-14
5
63
81
21
-90
-182
-201
-171
-129
-95
-48
-11
22
39
29
14
20
34
14
-72
-168
-217
-193
-129
-71
-18
32
79
116
143
155
158
152
146
120
97
69
55
48
55
72
92
104
102
90
68
46
24
-11
-54
-93
-115
-112
-91
-61
-31
-10
1
-7
-20
-35
-51
-74
-105
-132
-143
-136
-114
-86
-62
-46
-37
-44
-52
-61
-75
-96
-124
-139
-134
-110
-74
-46
-22
-10
-7
-14
-19
-14
-17
-28
-62
-94
-120
-150
-181
-189
-169
-161
-229
-339
-443
-438
-373
-284
-220
-178
-155
-130
-98
-60
-19
20
44
51
53
44
33
5
-22
-50
-59
-59
-44
8
55
61
-30
-139
-222
-233
-202
-180
-155
-128
-110
-83
-54
-27
-18
-25
-32
-6
11
-13
-135
-245
-316
-298
-248
-203
-152
-109
-81
-61
-34
15
57
48
-50
-139
-169
-139
-96
-74
-61
-37
0
39
75
105
126
144
150
154
151
138
119
86
45
-6
-52
-80
-90
-79
-55
-27
-11
0
-2
-5
-11
-21
-38
-52
-70
-94
-128
-166
-184
-185
-166
-136
-98
-59
-27
-8
1
-1
-7
0
6
6
-3
-30
-66
-112
-155
-185
-192
-179
-157
-144
-147
-156
-173
-166
-115
-19
55
20
-124
-290
-395
-378
-297
-193
-125
-83
-67
-52
-28
0
25
39
44
42
49
48
51
51
66
94
99
89
82
97
100
64
-72
-182
-263
-252
-204
-148
-70
-3
50
97
138
169
186
192
195
196
200
203
201
189
166
134
91
39
-19
-77
-124
-149
-165
-186
-197
-161
-85
-46
-95
-231
-377
-462
-472
-432
-363
-294
-244
-192
-140
-69
5
81
148
187
209
211
205
191
173
147
126
126
160
159
40
-115
-273
-281
-230
-150
-101
-71
-43
-9
5
0
-30
-66
-91
-112
-115
-65
29
112
78
-51
-181
-232
-213
-166
-125
-95
-77
-83
-92
-95
-69
-22
-33
-64
-127
-117
-70
-10
30
50
62
53
39
16
6
12
42
73
98
107
105
101
100
94
85
76
67
55
46
39
35
29
22
15
5
2
1
1
1
4
2
-2
-12
-16
-18
-21
-16
-12
-6
1
9
14
14
13
8
8
3
-3
-13
-24
-37
-42
-45
-37
-20
-4
6
15
14
14
10
7
-2
-11
-21
-23
-28
-33
-36
-40
-42
-46
-45
-53
-60
-72
-87
-102
-108
-112
-103
-95
-91
-90
-90
-100
-108
-133
-139
-147
-159
-234
-396
-545
-621
-565
-482
-409
-389
-375
-345
-300
-246
-203
-177
-171
-167
-178
-170
-139
-86
-42
-23
-39
-46
-53
-46
-47
-59
-82
-116
-151
-161
-130
-90
-92
-158
-242
-315
-326
-305
-266
-217
-179
-139
-112
-89
-70
-57
-61
-56
-52
-45
-40
-36
-37
-35
-40
-47
-63
-85
-109
-126
-142
-159
-196
-244
-279
-255
-204
-223
-288
-433
-517
-539
-508
-443
-374
-309
-256
-199
-140
-70
-9
49
95
122
124
104
59
6
-27
-15
-31
-114
-207
-267
-237
-162
-93
-33
3
25
40
54
74
87
96
83
57
14
-25
-50
-68
-68
-73
-72
-75
-76
-70
-55
-39
-27
-12
-6
-6
-13
-18
-28
-43
-61
-77
-94
-110
-113
-114
-101
-77
-59
-45
-30
-11
7
28
45
57
57
42
9
-36
-96
-152
-190
-189
-176
-222
-317
-428
-477
-460
-397
-316
-229
-152
-81
-19
19
30
27
8
-15
-38
-61
-73
-66
-47
-29
-15
-25
-1
5
21
29
27
38
39
36
30
21
20
18
14
3
-20
-57
-78
-72
-76
-123
-209
-257
-265
-243
-213
-193
-161
-160
-167
-172
-129
-70
-18
0
-7
3
17
46
75
110
128
124
111
86
62
36
20
21
35
59
81
95
94
63
0
-68
-89
-97
-122
-178
-235
-260
-244
-225
-202
-164
-131
-117
-132
-143
-122
-84
-52
-34
-33
-26
-5
17
41
67
89
108
118
119
100
55
-12
-89
-115
-136
-175
-204
-245
-215
-158
-98
-52
-6
14
27
45
71
94
111
116
112
92
72
47
21
-1
-21
-26
-23
-6
16
36
42
37
14
-24
-70
-122
-166
-191
-193
-173
-153
-124
-107
-96
-89
-77
-73
-70
-70
-77
-84
-84
-85
-77
-70
-52
-41
-28
-14
12
37
51
53
44
28
4
-22
-47
-62
-69
-65
-53
-39
-21
-18
-25
-37
-43
-57
-65
-72
-68
-52
-24
6
26
30
18
0
-27
-45
-66
-90
-105
-122
-124
-121
-121
-121
-160
-193
-203
-158
-100
-108
-195
-296
-308
-255
-172
-103
-52
-13
5
-5
-36
-77
-92
-68
-39
1
18
37
60
64
46
-13
-81
-91
-38
38
73
34
-26
-69
-69
-38
-3
14
4
-44
-127
-154
-116
-31
46
33
-19
-83
-129
-132
-118
-78
-32
11
57
95
129
152
182
205
222
233
232
221
191
156
117
82
55
37
28
18
17
16
25
37
61
70
74
48
-21
-122
-213
-223
-163
-114
-117
-199
-252
-275
-246
-208
-169
-141
-124
-117
-124
-147
-187
-193
-134
-11
123
195
176
109
43
8
6
14
30
44
54
65
80
105
117
127
126
111
91
61
28
-4
-23
-26
-19
-2
15
41
53
61
51
29
-3
-46
-87
-135
-175
-215
-236
-246
-237
-225
-209
-187
-167
-141
-124
-113
-114
-126
-149
-179
-206
-225
-220
-218
-218
-243
-284
-359
-409
-393
-319
-271
-341
-491
-654
-696
-657
-551
-438
-344
-274
-220
-190
-180
-189
-180
-150
-112
-85
-75
-72
-62
-39
-3
26
24
-6
-70
-179
-285
-315
-287
-227
-212
-250
-278
-284
-256
-214
-176
-149
-135
-125
-110
-94
-82
-73
-70
-75
-77
-88
-80
-70
-49
-29
-7
5
9
3
-13
-41
-74
-113
-161
-200
-227
-240
-242
-230
-219
-204
-197
-195
-195
-192
-183
-174
-174
-179
-193
-205
-215
-216
-211
-202
-181
-164
-147
-138
-132
-137
-152
-172
-200
-229
-253
-268
-268
-265
-241
-213
-177
-148
-126
-107
-86
-66
-62
-65
-74
-84
-107
-136
-160
-170
-169
-156
-138
-124
-114
-110
-105
-100
-95
-86
-97
-151
-269
-404
-454
-376
-222
-137
-191
-309
-427
-432
-391
-325
-278
-247
-226
-220
-230
-229
-223
-197
-177
-147
-98
-33
29
62
52
15
-64
-152
-187
-162
-82
-25
-9
-18
-31
-34
-35
-24
-21
-34
-79
-157
-198
-155
-77
-3
-17
-56
-96
-106
-101
-88
-77
-64
-41
-27
-12
-2
10
21
42
54
59
60
59
63
62
67
72
69
65
53
34
6
-23
-56
-75
-82
-79
-83
-79
-68
-47
-46
-88
-196
-304
-348
-311
-265
-275
-331
-385
-384
-340
-275
-218
-187
-181
-213
-290
-325
-291
-147
11
103
106
62
23
20
21
32
58
103
140
173
195
211
216
212
205
187
168
131
83
27
-19
-41
-48
-38
-17
-1
19
32
41
51
58
70
78
78
72
63
53
38
16
-8
-29
-32
-27
-8
14
24
19
4
4
17
36
48
52
44
24
8
-4
-1
12
33
52
65
66
60
49
37
27
18
11
11
14
17
14
10
11
24
49
79
101
118
129
130
125
110
90
64
36
6
-31
-54
-60
-41
-14
16
36
43
40
27
9
-4
-9
-3
-1
-20
-62
-145
-247
-303
-277
-185
-132
-180
-269
-351
-338
-297
-252
-222
-192
-165
-137
-134
-133
-117
-71
2
62
99
92
28
-52
-75
-27
82
154
147
117
65
25
-20
-104
-207
-241
-184
-8
167
239
201
100
15
-23
-25
-2
25
56
98
142
175
185
177
163
146
133
115
96
74
60
37
17
-7
-15
-6
23
62
98
119
129
127
121
110
95
68
26
-20
-50
-77
-128
-222
-354
-433
-420
-339
-298
-329
-389
-417
-383
-318
-237
-184
-164
-204
-300
-340
-307
-147
19
126
145
113
77
65
78
94
114
127
130
129
127
123
114
103
102
116
127
145
152
151
143
134
124
112
94
65
25
-12
-48
-73
-98
-103
-101
-87
-70
-39
-4
34
67
85
92
86
75
56
34
9
-21
-49
-66
-63
-45
-17
16
46
56
57
43
27
17
8
14
13
6
-6
-19
-17
-2
18
34
47
49
47
45
42
37
25
19
5
-15
-40
-58
-66
-55
-30
2
37
71
94
101
91
75
53
19
-49
-180
-373
-511
-541
-427
-298
-261
-313
-396
-442
-421
-392
-348
-291
-203
-123
-88
-111
-196
-236
-208
-81
65
159
169
113
49
-31
-145
-269
-291
-210
-9
135
167
125
37
-6
-9
-18
-29
-94
-203
-252
-184
-45
90
104
51
-9
-48
-60
-53
-26
2
23
30
27
28
27
27
24
33
52
80
110
133
148
151
145
130
104
72
38
1
-31
-55
-64
-67
-68
-54
-40
-17
9
35
46
46
36
14
0
-24
-42
-47
-39
-12
12
35
43
45
27
9
-14
-38
-63
-89
-103
-106
-82
-43
-3
37
65
82
85
81
58
35
8
-16
-37
-61
-65
-59
-54
-44
-33
-24
-21
-17
-17
-16
-19
-27
-37
-42
-41
-34
-16
0
22
33
40
34
19
-7
-47
-114
-240
-426
-590
-661
-584
-440
-352
-387
-459
-512
-477
-440
-389
-340
-282
-218
-196
-206
-263
-280
-232
-114
17
83
82
15
-62
-171
-317
-390
-343
-160
60
176
187
125
55
20
2
-13
-56
-122
-252
-350
-326
-177
36
163
158
82
2
-45
-58
-51
-40
-28
-22
-17
0
17
36
56
69
76
81
82
72
60
33
3
-33
-61
-84
-103
-107
-95
-72
-52
-24
-7
13
31
40
41
20
-2
-29
-56
-73
-71
-57
-38
-15
2
16
18
21
14
1
-10
-32
-55
-79
-89
-77
-47
3
52
92
119
137
151
150
145
133
107
85
67
67
86
119
158
189
215
240
260
253
195
54
-156
-299
-305
-151
35
88
32
-81
-152
-166
-146
-104
-58
-19
-15
-26
-41
-51
-57
-57
-46
-9
71
155
214
232
236
211
144
96
80
139
200
222
200
188
203
236
275
304
326
335
337
338
338
342
346
351
337
310
265
217
169
138
126
131
145
160
162
148
118
86
54
28
13
15
36
70
104
126
141
151
160
157
153
145
136
129
120
111
101
90
77
65
61
58
46
19
-2
-17
-20
-9
15
49
84
112
126
131
119
113
102
97
87
70
50
25
10
-6
-17
-23
-30
-39
-47
-56
-68
-75
-71
-64
-46
-31
-16
-10
-7
-7
-13
-24
-38
-51
-67
-78
-89
-105
-120
-139
-147
-160
-194
-264
-386
-519
-602
-575
-477
-410
-464
-537
-631
-616
-588
-534
-475
-405
-330
-281
-269
-296
-358
-393
-363
-251
-131
-57
-81
-156
-239
-318
-396
-372
-270
-71
66
75
7
-84
-148
-187
-263
-367
-495
-517
-432
-234
-32
56
44
-37
28
