-174
-392
-470
-398
-259
-136
-50
19
85
146
200
230
244
235
215
196
179
160
153
162
176
217
265
306
312
268
204
130
83
55
46
42
40
38
26
13
-5
-22
-38
-57
-72
-86
-101
-117
-136
-163
-186
-208
-226
-236
-229
-207
-162
-90
-6
92
155
159
59
-118
-309
-406
-401
-313
-202
-107
-28
44
116
186
227
243
213
181
140
123
109
112
112
128
150
183
227
273
281
247
176
107
59
42
45
51
48
36
18
-8
-35
-57
-85
-104
-114
-127
-144
-159
-176
-196
-216
-239
-261
-275
-275
-253
-210
-140
-54
40
120
152
89
-70
-269
-394
-413
-344
-233
-144
-61
9
68
103
113
111
96
72
52
42
37
43
57
79
112
156
206
220
189
107
1
-77
-110
-89
-51
-14
9
17
17
7
-6
-21
-28
-38
-53
-72
-87
-96
-109
-122
-130
-141
-154
-169
-184
-198
-204
-211
-216
-221
-221
-222
-228
-229
-232
-233
-236
-234
-231
-228
-223
-215
-208
-205
-202
-201
-198
-190
-180
-173
-154
-112
-61
7
67
118
182
212
137
-71
-335
-495
-494
-389
-261
-154
-59
21
91
146
189
221
258
306
359
392
398
356
299
243
205
185
191
208
228
265
306
353
375
351
277
171
88
50
57
81
105
117
124
144
162
192
223
265
280
252
170
66
-20
-59
-41
0
52
92
131
165
205
231
225
176
99
34
-14
-31
-25
-18
-15
-19
-28
-44
-66
-84
-105
-120
-133
-143
-155
-164
-173
-189
-209
-232
-257
-278
-288
-279
-239
-173
-82
-1
69
98
47
-105
-330
-490
-530
-454
-328
-208
-103
-20
46
87
113
120
118
105
89
80
72
65
77
100
136
186
224
220
161
51
-65
-139
-153
-114
-46
23
81
131
160
194
223
232
201
142
77
24
-1
-2
8
13
24
44
69
94
121
151
177
169
107
-2
-107
-157
-145
-96
-36
14
55
95
133
168
190
203
179
128
59
-3
-37
-42
-23
-13
-9
-17
-25
-40
-53
-69
-92
-112
-135
-146
-160
-175
-193
-214
-238
-252
-251
-245
-219
-174
-104
-38
30
80
82
22
-122
-289
-394
-399
-321
-228
-143
-71
-5
39
68
81
74
55
32
20
14
24
45
72
109
155
194
198
144
31
-98
-178
-186
-137
-67
-12
26
44
54
62
58
52
37
19
-5
-28
-47
-72
-91
-111
-127
-147
-165
-179
-192
-204
-216
-227
-235
-239
-236
-242
-244
-249
-253
-258
-258
-252
-244
-232
-222
-213
-210
-209
-211
-208
-204
-196
-193
-192
-185
-148
-95
-25
50
104
148
192
170
55
-170
-398
-506
-483
-367
-240
-130
-26
71
153
225
279
319
349
380
433
468
487
464
406
332
257
204
186
213
249
297
333
363
364
320
249
173
116
94
107
132
149
157
155
146
131
114
96
70
49
34
32
50
73
106
129
164
168
110
-22
-170
-259
-251
-171
-73
-2
47
73
85
84
84
82
77
67
61
49
41
28
22
6
-16
-38
-67
-86
-101
-111
-120
-125
-124
-131
-143
-165
-180
-198
-207
-215
-218
-215
-213
-204
-208
-202
-200
-201
-203
-207
-211
-214
-219
-226
-232
-241
-242
-237
-227
-221
-212
-208
-205
-198
-194
-189
-183
-174
-167
-165
-159
-152
-150
-147
-140
-132
-120
-110
-101
-96
-91
-84
-83
-85
-80
-83
-83
-84
-77
-73
-65
-61
-56
-59
-60
-57
-59
-53
-49
-45
-26
20
104
192
265
316
368
351
186
-62
-310
-389
-324
-197
-89
16
117
212
294
358
410
456
483
490
477
459
436
411
387
376
380
404
441
476
474
434
353
269
206
189
206
237
273
304
338
360
385
393
358
275
173
96
69
87
126
161
206
240
258
272
278
285
263
201
111
23
-22
-18
21
78
120
156
181
198
211
196
144
81
27
-1
-7
7
15
18
14
13
3
-7
-21
-40
-67
-97
-123
-147
-165
-170
-165
-136
-84
-23
36
82
89
31
-99
-268
-381
-407
-340
-225
-125
-41
19
69
101
114
104
79
46
25
15
10
32
68
110
152
187
197
161
85
0
-62
-81
-66
-39
-7
3
2
-3
-22
-44
-65
-90
-105
-120
-133
-155
-178
-203
-235
-260
-268
-259
-215
-138
-63
6
55
65
10
-133
-330
-474
-516
-458
-354
-259
-171
-92
-28
18
53
74
76
62
50
33
24
14
26
54
99
153
188
183
129
27
-89
-161
-170
-129
-65
-19
11
22
29
29
24
8
-7
-29
-53
-77
-94
-109
-123
-140
-166
-195
-214
-219
-200
-151
-81
-23
31
66
73
-1
-181
-399
-521
-521
-422
-302
-221
-145
-79
-20
20
45
59
63
61
52
37
21
5
-9
-29
-45
-60
-77
-106
-133
-141
-137
-92
-24
38
88
126
143
108
-29
-252
-443
-525
-464
-344
-232
-149
-78
-16
33
75
97
103
104
105
104
95
89
73
60
37
21
1
-18
-32
-46
-60
-75
-85
-101
-122
-140
-157
-157
-140
-86
-17
42
82
119
134
95
-62
-312
-510
-577
-500
-374
-259
-167
-94
-17
45
103
142
166
181
178
173
162
147
128
114
102
86
70
55
40
21
6
-18
-39
-63
-81
-98
-112
-117
-115
-116
-124
-125
-127
-99
-29
55
123
175
216
213
113
-127
-390
-540
-525
-401
-274
-178
-89
-5
76
155
231
281
324
361
388
401
404
396
382
366
339
312
280
257
251
266
287
322
356
369
351
278
168
70
12
5
34
71
105
134
176
228
276
317
337
329
287
201
86
-23
-86
-79
-27
34
75
112
161
196
227
243
259
266
244
177
104
44
8
1
19
40
66
95
140
165
187
198
208
199
150
69
-19
-85
-103
-80
-41
-14
-4
-8
-13
-16
-19
-32
-47
-58
-68
-84
-102
-120
-145
-164
-178
-195
-207
-221
-233
-247
-256
-259
-259
-258
-255
-255
-256
-251
-242
-238
-233
-223
-214
-207
-207
-205
-202
-193
-182
-172
-164
-143
-113
-59
15
90
146
179
184
124
-79
-358
-548
-578
-449
-301
-175
-62
53
153
233
280
305
309
299
286
271
255
239
230
219
201
179
154
135
114
102
87
74
61
46
29
0
-20
-48
-73
-87
-97
-103
-110
-121
-124
-131
-136
-139
-143
-147
-152
-163
-173
-177
-174
-167
-156
-143
-129
-106
-78
-36
38
113
188
232
245
200
40
-241
-458
-519
-402
-242
-124
-35
57
152
231
292
327
342
347
339
323
308
291
265
267
275
292
318
324
313
268
188
79
-18
-55
-18
60
136
206
246
275
299
331
342
319
262
196
141
113
109
130
178
222
260
283
290
287
241
154
62
-1
-19
8
43
64
76
66
52
28
8
-13
-38
-58
-76
-86
-103
-116
-132
-154
-171
-183
-193
-198
-200
-199
-200
-204
-214
-225
-240
-244
-255
-262
-268
-274
-281
-289
-284
-282
-273
-269
-254
-241
-226
-203
-175
-145
-87
-13
61
126
161
129
-10
-268
-493
-590
-526
-381
-257
-157
-55
40
124
190
241
270
280
272
256
230
214
206
214
234
259
295
294
266
196
101
5
-54
-62
-26
28
64
86
97
106
105
93
81
63
46
23
3
-24
-47
-76
-90
-102
-109
-120
-136
-156
-178
-190
-199
-204
-206
-216
-230
-239
-245
-249
-251
-254
-254
-250
-250
-241
-238
-222
-209
-191
-167
-140
-94
-26
42
110
149
156
102
-70
-338
-514
-541
-420
-279
-184
-101
-12
86
177
251
290
303
306
293
280
268
257
255
267
288
311
343
336
302
215
114
12
-50
-57
-17
35
73
98
108
115
113
115
110
101
86
58
33
15
1
-9
-21
-28
-39
-57
-85
-105
-130
-147
-160
-171
-185
-200
-206
-217
-225
-235
-249
-259
-261
-253
-251
-247
-245
-239
-234
-223
-203
-180
-154
-103
-29
53
133
176
184
146
16
-227
-449
-542
-475
-312
-181
-78
6
98
182
242
274
292
311
322
325
335
350
368
387
413
423
406
365
285
202
118
62
49
67
99
127
145
152
152
138
126
111
92
71
41
25
-3
-20
-41
-59
-77
-92
-110
-129
-145
-155
-157
-167
-174
-188
-203
-216
-221
-224
-226
-226
-221
-223
-219
-213
-213
-209
-213
-218
-215
-212
-197
-182
-157
-110
-36
47
126
176
182
132
-12
-255
-451
-515
-434
-288
-169
-61
43
139
212
267
293
306
312
311
303
294
293
298
300
305
324
331
326
280
204
100
18
-6
20
93
161
220
260
286
304
310
308
274
210
145
101
84
102
151
206
248
261
275
276
265
226
148
70
17
2
20
35
52
55
57
51
44
32
21
9
-6
-24
-50
-65
-85
-97
-108
-125
-140
-160
-182
-202
-219
-231
-238
-247
-247
-245
-249
-251
-252
-250
-256
-260
-260
-260
-259
-257
-251
-247
-242
-240
-231
-215
-188
-156
-124
-70
-7
71
137
182
178
111
-50
-304
-482
-528
-430
-290
-193
-103
-13
75
145
199
239
260
270
260
248
234
235
247
268
295
305
302
274
237
175
99
9
-57
-71
-33
36
94
153
196
229
257
268
263
226
172
124
89
74
83
122
163
201
220
240
244
236
192
112
31
-28
-47
-38
-9
16
33
38
32
24
5
-6
-26
-51
-78
-101
-117
-135
-151
-169
-182
-196
-205
-221
-232
-241
-252
-261
-274
-275
-280
-271
-266
-265
-268
-273
-276
-281
-283
-279
-276
-279
-277
-273
-270
-267
-257
-248
-240
-231
-221
-202
-176
-144
-112
-57
16
102
165
188
172
92
-94
-325
-467
-477
-367
-240
-145
-50
48
133
194
241
273
285
282
277
273
283
294
310
316
329
329
315
266
193
101
7
-46
-43
8
85
146
203
234
249
260
256
246
222
183
139
102
76
76
107
153
204
224
248
246
233
186
111
39
-31
-66
-62
-37
-11
13
23
23
10
-4
-22
-45
-64
-84
-101
-119
-132
-144
-158
-166
-176
-192
-209
-223
-239
-251
-260
-271
-280
-291
-295
-303
-307
-304
-300
-294
-293
-292
-299
-300
-301
-296
-290
-283
-276
-277
-276
-273
-267
-262
-257
-255
-255
-241
-222
-192
-155
-100
-20
68
143
187
190
135
0
-226
-413
-485
-419
-286
-184
-90
0
88
165
219
259
282
307
332
356
376
381
388
377
367
322
253
162
91
53
66
102
135
147
148
147
143
139
128
114
93
74
60
43
30
16
-3
-18
-42
-63
-85
-91
-87
-55
-12
44
91
102
80
29
-60
-199
-333
-399
-372
-271
-175
-102
-42
32
101
155
194
213
214
201
184
165
149
135
129
123
114
126
151
186
221
243
234
193
114
11
-84
-148
-170
-154
-98
-11
73
140
172
191
184
177
154
112
63
13
-14
-30
-25
-9
-1
-6
-22
-32
-41
-51
-59
-74
-88
-101
-114
-130
-146
-160
-172
-190
-204
-219
-237
-252
-262
-271
-276
-279
-282
-283
-280
-271
-267
-267
-268
-278
-287
-296
-296
-291
-290
-285
-282
-274
-267
-259
-251
-244
-240
-239
-247
-252
-252
-260
-258
-252
-240
-218
-186
-146
-109
-61
24
123
219
258
263
208
94
-83
-260
-336
-313
-207
-119
-36
44
116
178
247
317
382
427
441
438
438
438
423
376
306
226
170
144
166
215
281
330
370
365
339
315
301
273
230
152
71
25
33
76
118
144
169
222
274
310
306
276
243
214
175
113
51
-9
-33
-31
-6
30
102
165
231
251
238
201
146
83
29
-35
-89
-109
-94
-62
-29
-13
0
1
-2
-10
-21
-34
-45
-62
-81
-98
-114
-133
-149
-168
-180
-196
-212
-228
-244
-252
-252
-259
-269
-279
-289
-300
-299
-297
-296
-297
-297
-302
-304
-303
-292
-281
-277
-278
-283
-285
-284
-277
-278
-280
-282
-287
-286
-286
-274
-267
-252
-240
-226
-217
-211
-207
-208
-208
-212
-212
-215
-200
-175
-137
-88
8
116
229
293
307
270
183
28
-164
-285
-291
-202
-90
-1
89
184
273
356
411
445
471
484
480
460
431
399
368
361
381
416
422
410
394
390
371
327
235
146
93
80
91
110
131
135
151
191
246
296
310
285
242
200
146
81
5
-55
-78
-58
7
102
188
253
270
258
233
206
169
118
57
14
-5
-6
3
20
28
26
19
4
-14
-32
-44
-58
-79
-95
-113
-126
-143
-159
-178
-195
-203
-217
-227
-237
-241
-249
-261
-275
-288
-295
-302
-301
-305
-300
-297
-295
-299
-300
-301
-304
-302
-300
-293
-291
-285
-277
-282
-285
-285
-276
-265
-247
-237
-232
-232
-226
-221
-216
-208
-198
-185
-137
-42
51
145
202
233
257
267
228
116
-60
-204
-245
-190
-91
7
91
159
219
263
302
327
342
346
355
358
355
346
368
406
444
436
402
369
343
304
238
143
68
32
30
56
84
105
110
120
129
131
122
99
80
59
45
31
17
-9
-35
-60
-84
-107
-128
-137
-134
-89
-17
57
103
105
61
-4
-84
-179
-254
-268
-226
-146
-84
-43
-15
12
36
62
86
97
114
114
110
106
113
150
187
222
222
212
190
144
59
-44
-139
-189
-190
-146
-79
-33
-6
7
12
20
32
75
137
202
232
228
193
145
80
3
-76
-136
-160
-145
-82
12
102
171
205
198
165
123
77
32
-4
-28
-37
-39
-31
-35
-43
-54
-66
-81
-94
-106
-115
-131
-149
-168
-190
-212
-224
-243
-255
-269
-274
-284
-291
-298
-302
-309
-314
-311
-313
-310
-306
-306
-309
-309
-308
-310
-311
-312
-310
-308
-298
-288
-282
-272
-261
-252
-247
-241
-235
-227
-218
-212
-210
-212
-212
-206
-208
-203
-195
-184
-174
-165
-168
-167
-165
-158
-152
-155
-155
-157
-157
-156
-154
-154
-159
-160
-166
-166
-163
-155
-152
-148
-147
-144
-143
-140
-134
-124
-83
22
159
301
403
460
462
373
186
-41
-180
-190
-91
26
132
220
296
358
411
456
488
525
570
591
587
556
532
498
461
413
374
350
335
322
338
364
399
398
372
351
341
320
271
186
103
55
51
67
88
99
110
113
110
104
94
76
60
51
38
32
22
10
-5
-19
-36
-56
-81
-108
-115
-93
-37
43
88
107
87
29
-38
-132
-230
-285
-286
-221
-152
-109
-71
-38
-4
29
59
81
96
123
156
206
242
251
228
193
153
104
35
-50
-112
-137
-128
-95
-65
-42
-33
-22
-27
-25
-16
-13
-17
-33
-52
-74
-97
-117
-135
-152
-170
-182
-197
-207
-221
-239
-258
-267
-274
-280
-286
-287
-286
-295
-296
-298
-295
-291
-286
-286
-284
-279
-278
-283
-286
-283
-272
-258
-241
-230
-223
-190
-119
-29
62
138
183
206
206
164
53
-119
-277
-336
-284
-169
-62
18
87
155
207
245
267
287
316
352
392
410
414
400
374
328
288
262
239
217
179
149
124
111
106
108
108
116
141
186
244
296
322
311
271
190
83
-21
-90
-117
-108
-54
22
116
196
245
274
260
231
182
134
101
71
53
42
46
53
49
34
18
-7
-32
-53
-71
-72
-70
-57
-28
32
113
187
208
164
79
-50
-173
-263
-301
-293
-242
-173
-103
-17
61
128
156
159
145
124
97
69
40
21
12
8
9
12
13
14
31
67
117
152
158
127
47
-68
-177
-249
-271
-245
-201
-155
-122
-93
-78
-70
-63
-57
-52
-57
-68
-88
-114
-135
-157
-179
-206
-233
-263
-289
-301
-298
-295
-289
-282
-281
-288
-306
-322
-339
-343
-344
-337
-334
-323
-309
-302
-293
-283
-278
-282
-290
-302
-313
-311
-305
-290
-277
-253
-227
-215
-205
-196
-188
-186
-182
-178
-176
-175
-172
-163
-161
-155
-160
-164
-165
-160
-158
-162
-168
-171
-172
-162
-143
-130
-114
-101
-92
-92
-97
-106
-114
-124
-126
-123
-122
-118
-115
-113
-99
-20
88
217
319
372
412
424
380
243
49
-90
-118
-50
62
151
237
312
393
461
501
533
547
549
536
506
475
454
451
473
494
477
449
425
428
425
392
325
251
202
181
188
235
296
353
355
324
287
259
249
217
161
91
27
-15
-27
-11
21
53
81
100
107
103
90
71
47
22
0
-24
-59
-94
-127
-153
-165
-171
-173
-186
-207
-230
-259
-285
-291
-277
-223
-143
-44
8
38
31
0
-69
-189
-313
-385
-375
-306
-225
-163
-112
-71
-25
29
103
187
242
265
254
239
216
188
144
94
49
10
-15
-23
-8
2
10
11
7
-2
-19
-37
-62
-81
-105
-132
-159
-176
-176
-173
-168
-170
-173
-182
-194
-205
-229
-243
-259
-276
-296
-309
-314
-317
-313
-309
-309
-313
-308
-297
-282
-266
-257
-255
-260
-269
-276
-283
-285
-279
-268
-231
-157
-79
3
61
95
140
163
125
-24
-260
-451
-500
-404
-262
-141
-60
24
112
197
256
298
328
344
351
347
344
341
344
350
350
342
340
336
328
292
275
275
277
246
172
86
47
47
70
98
112
119
115
117
121
118
112
104
91
76
57
43
32
15
13
1
-6
-15
-27
-42
-62
-77
-91
-109
-122
-132
-143
-158
-165
-174
-175
-177
-176
-174
-173
-166
-160
-152
-149
-145
-148
-140
-126
-121
-116
-116
-112
-114
-117
-120
-127
-135
-145
-150
-161
-162
-155
-144
-137
-128
-121
-110
-101
-93
-85
-76
-56
-44
-38
-33
-27
-19
-20
-17
-21
-27
-39
-45
-49
-57
-55
-51
-44
-35
-20
25
108
214
315
372
421
495
528
463
251
-24
-189
-200
-93
22
107
176
235
293
349
405
450
490
521
547
555
546
528
505
494
491
478
468
452
437
407
364
315
269
231
211
209
242
272
312
325
320
341
334
302
219
101
27
0
22
50
70
78
96
103
99
87
66
47
33
18
-1
-24
-46
-64
-82
-96
-107
-124
-138
-150
-163
-180
-194
-206
-221
-230
-239
-256
-273
-280
-252
-191
-101
-30
30
55
42
-23
-172
-324
-402
-385
-301
-218
-144
-81
-8
68
137
175
192
189
180
158
131
110
104
110
104
91
83
85
90
83
71
53
34
11
-11
-36
-60
-91
-127
-167
-200
-208
-205
-192
-178
-185
-194
-205
-210
-211
-213
-211
-214
-214
-220
-222
-226
-222
-226
-237
-261
-282
-294
-300
-293
-287
-293
-307
-317
-307
-287
-260
-240
-227
-225
-217
-209
-200
-192
-179
-178
-182
-188
-196
-202
-205
-201
-197
-195
-185
-171
-150
-134
-128
-132
-136
-130
-120
-113
-109
-107
-109
-112
-106
-107
-101
-96
-90
-93
-102
-108
-110
-109
-96
-83
-75
-67
-66
-64
-62
-63
-50
-31
32
111
206
294
355
436
507
492
338
65
-187
-268
-202
-75
30
113
188
264
332
381
413
442
477
509
531
544
543
526
504
480
465
451
425
389
345
313
304
318
330
336
312
286
289
299
299
268
218
173
147
143
161
170
177
177
169
149
124
99
67
41
8
-23
-48
-66
-81
-96
-114
-128
-135
-134
-131
-128
-135
-140
-150
-161
-175
-192
-212
-230
-245
-237
-196
-119
-30
55
106
106
36
-110
-283
-385
-403
-339
-254
-171
-91
0
101
186
244
262
254
237
209
176
137
110
96
94
84
80
77
69
59
52
52
45
40
32
24
11
-4
-27
-57
-83
-106
-125
-146
-167
-187
-215
-233
-248
-254
-258
-258
-260
-271
-274
-277
-266
-251
-231
-218
-210
-208
-205
-207
-213
-219
-230
-240
-245
-246
-239
-236
-225
-211
-204
-202
-206
-215
-215
-210
-196
-185
-171
-160
-152
-146
-140
-140
-148
-154
-158
-163
-165
-160
-155
-149
-139
-125
-113
-101
-94
-95
-95
-103
-107
-105
-93
-83
-68
-70
-69
-67
-48
8
79
162
217
255
334
399
384
223
-25
-220
-249
-166
-46
38
108
179
253
333
402
450
469
475
475
472
466
440
409
397
408
407
396
362
339
343
343
340
309
260
216
193
212
257
305
286
257
233
235
241
214
156
90
47
32
45
65
82
90
88
86
86
80
64
53
40
27
17
7
-4
-23
-41
-65
-92
-117
-141
-164
-185
-199
-210
-225
-241
-251
-256
-255
-241
-228
-224
-217
-215
-213
-210
-211
-216
-217
-221
-214
-212
-212
-215
-219
-232
-243
-244
-244
-240
-238
-238
-237
-230
-210
-193
-176
-166
-158
-157
-156
-160
-168
-170
-168
-162
-166
-162
-155
-157
-159
-167
-168
-173
-168
-155
-145
-128
-116
-101
-91
-81
-75
-75
-75
-79
-85
-92
-94
-104
-109
-102
-52
16
106
179
222
288
353
346
216
-28
-239
-303
-236
-111
-7
67
124
187
261
323
373
402
415
429
438
437
417
394
384
380
364
349
314
305
315
325
331
323
292
251
215
209
245
280
298
277
246
238
245
246
208
145
81
44
27
38
48
53
71
81
96
92
81
62
37
10
-10
-38
-57
-83
-113
-141
-167
-182
-194
-205
-212
-220
-231
-238
-241
-241
-237
-229
-227
-230
-234
-241
-250
-252
-249
-249
-249
-257
-260
-267
-269
-269
-268
-265
-254
-251
-248
-252
-253
-249
-247
-230
-210
-196
-186
-184
-180
-189
-192
-198
-205
-213
-220
-224
-231
-221
-224
-228
-235
-234
-232
-225
-183
-107
-12
52
87
109
142
159
115
-22
-195
-330
-369
-328
-240
-162
-102
-61
-18
26
75
134
178
210
231
239
246
256
291
331
356
337
290
231
186
148
105
71
62
79
101
119
127
114
85
56
28
6
-5
-6
-5
-9
-14
-26
-43
-55
-66
-80
-98
-116
-138
-155
-169
-178
-188
-202
-213
-224
-231
-233
-226
-225
-222
-221
-218
-221
-227
-232
-242
-249
-255
-260
-264
-273
-276
-282
-276
-267
-266
-275
-290
-291
-284
-264
-243
-217
-192
-165
-145
-137
-137
-134
-129
-124
-121
-118
-122
-127
-128
-130
-131
-127
-127
-127
-125
-121
-125
-128
-125
-118
-106
-95
-82
-69
-60
-49
-49
-55
-61
-64
-62
-60
-57
-55
-56
-59
-56
-38
31
115
237
311
349
405
436
403
272
58
-115
-171
-124
-15
94
178
239
279
321
376
427
470
484
478
459
443
425
397
396
421
459
464
437
388
358
339
335
332
316
285
245
228
249
265
261
228
212
215
225
231
217
187
157
-260
