-115
-117
-127
-142
-158
-167
-170
-168
-165
-162
-162
-171
-170
-169
-172
-171
-169
-165
-164
-162
-161
-162
-161
-159
-150
-144
-128
-111
-97
-89
-86
-85
-86
-81
-81
-80
-83
-77
-69
-70
-63
-62
-53
-45
-45
-37
-39
-40
-37
-46
-49
-48
-46
-37
-30
-27
-30
-34
-30
-27
-20
-21
-23
-28
-32
-33
-39
-42
-40
-46
-45
-42
-37
-36
-28
-29
-14
-7
4
19
32
42
67
101
135
172
214
255
262
247
199
167
179
206
240
262
262
255
248
241
238
243
248
245
239
218
206
187
165
146
139
129
122
92
61
38
26
25
13
-2
9
32
63
76
71
45
14
-4
-5
-5
2
-3
-7
-2
9
16
11
6
-2
-2
-1
4
13
12
11
-3
-7
-7
-10
-10
-20
-21
-20
-20
-24
-26
-28
-30
-21
-24
-21
-31
-38
-39
-41
-44
-50
-63
-74
-82
-83
-87
-93
-97
-98
-97
-92
-88
-84
-81
-81
-78
-78
-81
-77
-77
-75
-70
-68
-65
-61
-53
-52
-51
-58
-66
-78
-83
-93
-96
-99
-99
-95
-95
-88
-85
-81
-79
-68
-58
-58
-54
-56
-63
-50
-36
-6
33
79
90
73
42
9
16
35
54
70
79
86
97
108
117
132
131
116
85
73
60
54
50
61
77
96
104
92
68
39
25
16
12
6
-2
-7
8
28
47
58
64
55
35
13
5
12
27
35
25
21
21
28
31
28
26
23
20
25
27
27
22
14
-5
-15
-25
-33
-44
-47
-52
-61
-67
-70
-67
-61
-52
-47
-44
-47
-52
-60
-69
-77
-84
-87
-90
-92
-96
-98
-97
-93
-90
-86
-78
-77
-76
-80
-88
-105
-116
-120
-123
-124
-119
-115
-113
-103
-98
-98
-102
-112
-122
-142
-155
-162
-165
-164
-164
-162
-162
-158
-157
-157
-160
-156
-149
-143
-134
-127
-131
-135
-134
-134
-135
-137
-142
-143
-142
-140
-137
-128
-111
-99
-90
-87
-79
-78
-72
-64
-59
-55
-52
-46
-33
0
37
84
135
174
172
147
109
94
126
159
187
208
210
218
231
234
228
224
212
208
203
213
219
213
199
178
155
130
107
88
71
68
62
61
72
89
93
95
84
58
30
11
14
27
36
42
45
45
42
40
35
38
42
40
34
27
28
28
26
24
27
13
9
3
-4
-10
-15
-24
-37
-48
-56
-68
-73
-72
-59
-43
-30
-27
-33
-47
-51
-56
-63
-72
-77
-84
-89
-90
-90
-93
-93
-99
-102
-103
-96
-88
-80
-68
-63
-62
-69
-76
-84
-91
-96
-94
-91
-86
-77
-76
-75
-80
-92
-102
-120
-118
-119
-107
-94
-78
-65
-60
-54
-56
-64
-78
-86
-101
-102
-105
-108
-107
-109
-108
-99
-77
-33
3
48
83
119
121
107
85
74
101
137
164
179
190
205
202
195
180
168
160
156
145
144
142
152
142
127
100
82
56
45
41
41
45
54
67
81
80
75
35
-4
-35
-41
-28
-15
-7
-8
-1
5
8
8
1
7
4
6
13
11
10
4
-6
-14
-26
-37
-43
-53
-49
-51
-60
-66
-69
-68
-67
-66
-65
-64
-57
-51
-43
-46
-42
-44
-34
0
41
81
96
77
43
31
44
77
98
85
69
40
27
18
24
37
45
48
35
18
3
-1
-3
-3
-11
-20
-31
-47
-50
-62
-63
-64
-63
-66
-69
-70
-74
-83
-83
-87
-82
-83
-81
-72
-62
-53
-39
-41
-39
-42
-53
-60
-64
-63
-61
-67
-68
-71
-82
-84
-88
-92
-86
-79
-47
19
87
136
124
79
45
67
120
166
171
139
116
103
99
101
96
73
43
8
-27
-55
-74
-69
-71
-73
-72
-59
-38
-11
9
29
38
17
-17
-52
-64
-52
-41
-38
-40
-41
-44
-47
-48
-48
-43
-34
-16
5
35
65
71
36
-10
-44
-53
-36
-31
-38
-52
-64
-69
-76
-77
-79
-80
-85
-84
-86
-84
-75
-67
-55
-48
-41
-42
-41
-33
-29
-25
-28
-32
-43
-46
-53
-57
-64
-74
-75
-83
-91
-98
-105
-117
-124
-130
-132
-130
-118
-101
-84
-69
-54
-50
-62
-76
-88
-99
-103
-103
-105
-101
-98
-93
-97
-104
-114
-124
-138
-149
-156
-165
-164
-169
-173
-177
-170
-154
-124
-80
-21
41
85
88
55
11
-10
3
19
32
52
73
109
143
157
159
148
141
138
150
162
160
141
109
82
55
46
45
51
69
87
105
109
89
64
45
33
29
32
28
25
32
44
43
44
38
28
28
28
31
33
39
37
35
25
23
14
3
3
2
2
8
6
12
5
5
-1
-16
-32
-47
-59
-64
-67
-70
-72
-73
-63
-60
-51
-43
-39
-41
-47
-54
-66
-75
-80
-78
-79
-84
-81
-83
-82
-81
-78
-78
-76
-75
-78
-81
-81
-76
-72
-63
-55
-53
-51
-52
-53
-61
-71
-74
-66
-22
61
150
188
159
88
34
48
105
169
202
190
174
162
153
160
156
140
130
116
109
116
132
136
130
96
46
-5
-40
-45
-41
-31
-24
-10
14
39
73
81
55
8
-42
-65
-49
-7
19
28
22
18
21
26
27
23
19
12
16
14
20
19
13
-1
-3
-11
-20
-21
-24
-31
-37
-42
-45
-44
-41
-43
-55
-64
-74
-79
-82
-81
-78
-78
-80
-73
-73
-74
-79
-88
-94
-97
-102
-108
-109
-107
-92
-85
-79
-78
-78
-73
-63
-61
-64
-63
-62
-43
-7
70
136
166
125
52
2
1
40
84
123
144
154
145
132
134
145
146
134
119
107
104
101
99
78
46
-1
-52
-85
-98
-94
-89
-86
-82
-72
-59
-46
-26
1
32
60
63
24
-41
-114
-138
-117
-80
-61
-55
-53
-41
-33
-30
-34
-39
-44
-47
-54
-57
-52
-49
-47
-49
-47
-45
-44
-42
-49
-62
-69
-66
-69
-70
-68
-69
-72
-76
-82
-86
-93
-98
-96
-96
-96
-98
-103
-100
-92
-80
-75
-71
-78
-83
-86
-79
-70
-60
-56
-55
-61
-64
-71
-74
-78
-84
-99
-114
-127
-130
-138
-144
-140
-136
-137
-142
-139
-138
-136
-126
-103
-92
-82
-79
-76
-75
-66
-84
-101
-127
-142
-155
-161
-166
-167
-164
-155
-145
-138
-123
-108
-93
-78
-62
-48
-37
-25
-9
-3
-1
1
3
8
36
91
154
217
262
276
259
219
186
175
199
227
242
261
282
302
321
316
312
303
291
292
292
291
276
259
224
190
154
124
102
83
67
49
29
23
43
77
120
139
116
58
-2
-37
-34
-19
-4
3
8
26
37
41
38
28
27
31
35
41
39
37
36
24
16
11
8
5
-1
-11
-17
-26
-25
-26
-27
-22
-21
-24
-27
-31
-37
-43
-50
-57
-62
-69
-65
-65
-64
-63
-64
-71
-79
-82
-80
-75
-74
-74
-80
-86
-86
-87
-84
-71
-61
-35
12
106
185
229
196
128
83
86
106
123
121
118
118
114
112
106
98
90
82
75
64
68
75
75
74
44
-5
-69
-120
-138
-119
-89
-63
-57
-49
-28
2
34
56
52
7
-64
-124
-143
-116
-75
-47
-44
-49
-49
-42
-29
-29
-21
-24
-26
-23
-22
-21
-17
-17
-21
-22
-30
-31
-37
-39
-51
-55
-62
-61
-60
-65
-62
-66
-72
-77
-82
-83
-89
-88
-92
-91
-93
-94
-93
-96
-95
-99
-103
-105
-99
-89
-79
-73
-65
-67
-73
-74
-75
-72
-76
-78
-84
-94
-102
-115
-119
-124
-123
-124
-125
-125
-129
-134
-136
-135
-135
-131
-120
-117
-106
-103
-96
-98
-97
-97
-96
-85
-70
-52
-39
-33
-32
-46
-65
-86
-110
-137
-150
-159
-161
-159
-151
-142
-135
-128
-120
-109
-94
-74
-55
-46
-42
-43
-46
-43
-41
-42
-44
-39
-36
-35
-33
-29
-27
-25
-25
-28
-28
-24
-27
-34
-36
-35
-37
-38
-44
-40
-32
2
61
127
191
234
238
216
180
167
184
206
220
224
230
241
263
283
286
293
289
286
277
265
252
240
243
240
234
208
167
103
40
16
17
37
51
59
79
107
131
134
100
31
-33
-73
-68
-35
-6
4
9
21
29
41
46
47
46
38
31
30
25
27
30
26
19
15
5
-8
-21
-39
-49
-61
-67
-69
-70
-62
-58
-58
-60
-65
-72
-80
-74
-66
-59
-58
-71
-86
-102
-109
-112
-117
-117
-119
-121
-127
-130
-139
-146
-150
-157
-156
-152
-136
-123
-106
-86
-77
-74
-77
-79
-81
-86
-85
-79
-50
13
99
154
148
91
31
13
37
89
140
173
188
188
174
167
161
140
122
98
95
101
111
128
101
61
-1
-55
-72
-60
-36
-17
-8
14
41
63
80
70
27
-41
-95
-110
-101
-63
-45
-23
-5
11
19
19
18
17
19
17
20
20
17
12
7
-1
-15
-21
-33
-39
-47
-61
-76
-83
-82
-82
-80
-72
-68
-56
-53
-42
-42
-42
-36
-36
-34
-32
-27
-35
-43
-46
-48
-48
-54
-54
-62
-73
-79
-82
-89
-87
-87
-79
-70
-59
-51
-61
-58
-66
-75
-84
-95
-97
-106
-102
-105
-105
-108
-90
-39
52
130
157
117
54
37
52
92
150
191
216
218
206
197
192
184
162
136
112
110
117
109
98
56
29
-5
-17
-18
0
18
36
45
66
89
115
114
80
17
-44
-58
-47
-32
-17
-6
9
14
13
13
10
14
18
27
19
17
11
2
-4
-5
-6
-7
-2
-1
-1
-1
-9
-18
-24
-38
-48
-54
-54
-46
-44
-42
-45
-47
-53
-64
-70
-78
-80
-69
-55
-47
-51
-62
-76
-82
-91
-98
-112
-122
-124
-125
-120
-119
-119
-126
-127
-128
-132
-136
-135
-135
-138
-143
-150
-152
-157
-156
-162
-168
-175
-182
-180
-182
-173
-169
-166
-154
-146
-130
-111
-67
-6
64
128
165
156
113
68
32
31
53
70
103
144
184
214
218
207
197
180
170
182
208
241
259
230
160
77
15
-6
11
42
66
88
109
133
146
149
126
70
-2
-57
-72
-58
-37
-19
-6
-5
-1
3
10
7
6
1
-5
-4
3
4
5
5
-3
-12
-14
-19
-21
-22
-13
-13
-10
-14
-20
-25
-28
-22
-23
-21
-26
-37
-48
-60
-66
-72
-75
-80
-79
-68
-59
-54
-60
-69
-77
-86
-94
-102
-104
-112
-114
-115
-109
-118
-119
-121
-122
-125
-128
-132
-136
-130
-130
-125
-119
-109
-98
-96
-97
-105
-114
-117
-117
-111
-106
-102
-98
-98
-102
-99
-100
-112
-118
-133
-117
-75
20
112
158
133
61
28
32
82
130
169
194
216
218
218
209
190
167
151
151
163
159
156
109
54
-8
-61
-68
-54
-19
4
31
58
82
86
57
8
-59
-95
-87
-54
-27
-7
3
13
20
27
24
11
-4
-11
-10
-6
6
14
17
20
13
-1
-23
-35
-43
-45
-41
-37
-34
-31
-28
-35
-42
-44
-53
-60
-68
-73
-75
-78
-82
-87
-98
-102
-102
-104
-108
-112
-109
-106
-105
-97
-95
-90
-85
-76
-68
-61
-55
-60
-63
-63
-60
-71
-81
-96
-95
-66
7
81
115
92
24
-10
8
51
105
137
156
170
179
182
185
178
168
171
170
162
146
130
102
67
25
-9
-31
-40
-37
-25
9
46
76
101
97
64
-7
-82
-120
-107
-75
-51
-34
-28
-15
0
6
0
-12
-13
-11
0
6
14
7
3
-9
-20
-30
-40
-48
-62
-69
-73
-81
-80
-79
-75
-74
-74
-73
-77
-77
-77
-79
-83
-83
-85
-92
-96
-100
-97
-97
-89
-86
-90
-92
-101
-97
-97
-93
-94
-100
-108
-113
-121
-126
-131
-141
-151
-158
-157
-161
-159
-162
-157
-151
-151
-145
-145
-143
-139
-135
-126
-120
-110
-112
-115
-119
-121
-126
-124
-126
-127
-130
-121
-87
-24
84
162
186
142
82
72
90
140
190
230
267
283
277
263
239
216
211
207
210
211
190
165
118
79
40
25
21
40
79
115
138
130
96
34
-31
-67
-64
-46
-28
-15
-3
8
37
59
84
104
126
123
91
42
-1
-36
-47
-41
-34
-22
-10
-5
-1
0
0
0
2
-2
-7
-17
-25
-28
-33
-31
-31
-32
-37
-41
-44
-47
-51
-53
-56
-51
-32
-10
3
-2
-5
-18
-31
-35
-54
-69
-79
-73
-76
-79
-81
-81
-79
-73
-65
-67
-73
-76
-82
-87
-93
-94
-99
-100
-102
-104
-110
-121
-124
-137
-138
-135
-132
-133
-135
-139
-145
-147
-143
-133
-126
-116
-108
-101
-99
-101
-106
-114
-117
-115
-113
-107
-103
-98
-96
-88
-83
-72
-63
-58
-52
-54
-52
-43
-39
-35
-35
-29
-19
-9
-3
-7
-15
-16
-18
-15
-13
-18
-25
-31
-31
-34
-28
-17
24
89
161
227
251
250
222
189
160
145
150
174
209
250
278
292
312
329
343
348
348
340
323
291
239
184
140
110
105
113
138
160
144
96
20
-38
-53
-33
-3
7
7
10
20
34
46
66
82
95
77
26
-35
-76
-81
-71
-48
-29
-11
-1
2
3
-3
-13
-14
-16
-14
-14
-14
-8
-1
-1
-7
-16
-28
-36
-45
-49
-54
-68
-78
-86
-89
-91
-85
-74
-68
-64
-61
-64
-70
-71
-75
-80
-87
-90
-92
-95
-98
-104
-110
-118
-120
-124
-128
-127
-126
-126
-121
-119
-114
-113
-103
-92
-82
-76
-66
-68
-65
-65
-64
-67
-72
-70
-76
-73
-72
-70
-70
-70
-67
-75
-85
-92
-97
-105
-118
-126
-138
-134
-130
-124
-127
-133
-139
-143
-137
-127
-113
-103
-92
-84
-82
-80
-80
-72
-71
-62
-56
-55
-54
-50
-46
-42
-37
-34
-29
-25
-27
-29
-24
-12
-1
1
5
4
11
18
23
16
5
3
-1
-9
-11
-13
-15
-17
-25
-33
-38
-37
-30
-26
-29
-37
-42
-45
-43
-41
-35
-34
-35
-38
-38
-31
-24
-19
-21
-26
-22
-29
-29
-31
-25
-22
-12
-9
-9
-9
-4
3
0
4
-2
-6
-13
-18
-19
-15
-13
-15
-20
-22
-16
-15
-25
-38
-43
-38
-27
-20
-18
-13
-9
-5
-14
-22
-15
-16
-15
11
58
127
193
220
213
169
145
128
134
148
174
201
234
259
280
289
296
310
331
364
385
402
380
323
249
172
134
123
127
127
138
154
173
189
164
128
64
29
19
23
33
34
46
49
51
56
57
65
90
112
138
131
79
16
-36
-51
-50
-36
-32
-29
-26
-33
-32
-34
-26
-23
-17
-22
-18
-19
-12
-1
2
4
-4
-6
1
-2
1
-2
-2
-14
-26
-36
-46
-60
-65
-64
-62
-67
-58
-64
-63
-71
-74
-82
-82
-87
-91
-91
-97
-97
-102
-103
-107
-110
-108
-102
-91
-85
-80
-84
-89
-95
-91
-99
-106
-111
-114
-115
-116
-117
-125
-127
-128
-126
-127
-133
-136
-142
-140
-128
-113
-104
-102
-105
-115
-128
-140
-154
-170
-183
-193
-204
-216
-221
-221
-224
-222
-221
-215
-207
-195
-183
-173
-153
-132
-106
-80
-55
-39
-33
-32
-33
-35
-38
-33
-31
-30
-25
-23
-24
-24
-22
-22
-29
-23
-24
-15
-12
-1
-2
-5
-6
-9
-12
-15
-16
-24
-28
-37
-36
-42
-46
-45
-53
-53
-50
-56
-63
-66
-58
-49
-39
-23
-19
-13
3
54
131
197
259
273
253
216
176
157
178
206
235
258
274
296
320
337
357
369
376
357
318
268
225
197
182
167
164
166
171
171
146
89
35
9
6
23
32
46
62
78
103
118
118
85
34
-20
-38
-36
-24
-22
-28
-24
-27
-22
-13
0
5
2
3
-7
-9
-12
-7
-13
-16
-21
-31
-36
-42
-50
-61
-72
-79
-80
-78
-71
-69
-78
-84
-95
-103
-108
-110
-116
-124
-125
-126
-119
-117
-110
-102
-99
-91
-88
-87
-89
-88
-92
-91
-92
-97
-112
-126
-135
-135
-114
-64
22
82
95
52
-8
-22
4
40
65
74
79
81
88
111
131
144
124
94
37
-16
-57
-65
-48
-24
-2
12
17
19
4
-22
-53
-69
-71
-72
-66
-61
-52
-40
-23
-7
14
44
72
81
68
9
-42
-81
-85
-70
-54
-33
-9
16
26
36
25
-2
-22
-47
-61
-66
-58
-50
-40
-26
-24
-19
-10
-7
-1
1
2
0
-7
-21
-20
-27
-24
-27
-32
-40
-45
-48
-57
-62
-71
-74
-83
-88
-99
-109
-116
-120
-119
-121
-113
-105
-98
-93
-86
-86
-92
-94
-95
-92
-87
-84
-80
-80
-78
-77
-78
-78
-76
-73
-73
-75
-81
-91
-102
-108
-119
-128
-136
-139
-138
-130
-124
-118
-116
-110
-98
-89
-88
-88
-103
-110
-121
-129
-142
-147
-120
-65
28
89
93
40
-24
-41
-35
-9
17
63
123
183
209
209
189
162
139
124
125
139
155
164
183
187
176
127
57
-6
-43
-42
-34
-18
2
28
52
71
92
98
90
56
19
-14
-23
-20
-19
-7
8
20
23
17
19
10
6
-4
-20
-34
-48
-53
-53
-51
-44
-36
-36
-40
-52
-66
-70
-70
-59
-60
-59
-63
-69
-68
-66
-67
-77
-90
-96
-101
-104
-105
-109
-118
-117
-123
-125
-127
-128
-124
-113
-90
-69
-56
-52
-50
-48
-47
-41
-44
-45
-53
-61
-75
-89
-101
-105
-89
-40
46
115
139
104
49
44
67
109
132
152
169
187
182
181
169
161
137
105
70
35
15
17
27
45
71
88
87
51
-3
-52
-76
-66
-37
-16
13
26
41
51
68
86
104
114
95
49
3
-32
-43
-46
-37
-22
-5
7
19
16
3
-25
-50
-71
-83
-76
-69
-52
-36
-26
-23
-22
-27
-31
-25
-23
-16
-12
-14
-14
-10
-8
-11
-14
-19
-18
-19
-25
-23
-26
-31
-46
-57
-68
-77
-80
-84
-88
-94
-96
-97
-101
-104
-103
-97
-92
-83
-81
-85
-95
-97
-103
-103
-103
-104
-102
-95
-87
-80
-83
-85
-91
-88
-87
-78
-72
-67
-62
-56
-49
-45
-35
-40
-37
-38
-41
-44
-61
-75
-96
-106
-109
-109
-117
-131
-134
-139
-138
-132
-120
-107
-96
-83
-73
-67
-59
-46
-39
-30
-25
-27
-26
-21
-14
-16
-16
-18
-27
-34
-43
-57
-67
-73
-70
-57
-46
-34
-31
-36
-34
-31
-24
-15
-6
-2
2
6
4
1
-6
-10
-10
-6
-11
-12
-16
-20
-18
-26
-31
-36
-33
-22
-25
-15
-18
-15
-15
-18
-20
-22
-23
-25
-23
-20
-15
-17
-24
-26
-25
-23
-20
-17
-11
-8
-7
-1
2
7
24
49
104
167
226
251
257
212
182
145
143
156
194
242
282
321
338
354
350
352
365
375
379
383
375
353
294
241
185
160
151
152
157
157
162
167
168
151
96
30
-21
-34
-29
-14
0
15
20
25
34
51
78
107
137
154
161
121
56
-8
-39
-31
-23
-6
6
11
9
6
9
13
28
34
37
31
25
19
10
10
10
9
9
6
-2
-6
-11
-10
-15
-18
-17
-23
-25
-32
-40
-51
-64
-74
-83
-88
-88
-89
-89
-94
-96
-104
-109
-115
-125
-136
-145
-143
-143
-136
-129
-121
-118
-114
-106
-97
-94
-88
-86
-85
-87
-100
-113
-120
-108
-76
-15
68
110
99
47
9
9
26
48
62
74
92
115
141
153
167
139
77
-7
-69
-91
-82
-55
-40
-25
-12
-4
10
-9
-38
-76
-94
-87
-65
-39
-10
13
29
40
40
34
18
12
7
8
-2
-10
-14
-22
-24
-23
-21
-27
-37
-45
-48
-46
-43
-34
-27
-21
-22
-27
-37
-42
-48
-64
-68
-75
-84
-93
-98
-99
-101
-98
-91
-81
-79
-72
-76
-77
-77
-82
-81
-80
-77
-72
-71
-67
-65
-58
-50
-42
-35
-30
-29
-24
-24
-28
-28
-29
-29
-30
-29
-32
-25
-12
-5
-1
2
3
-4
-9
-9
-14
-18
-20
-23
-37
-43
-51
-59
-56
-56
-53
-58
-63
-70
-88
-99
-106
-108
-107
-107
-104
-106
-114
-122
-135
-150
-158
-171
-181
-189
-189
-190
-194
-193
-202
-208
-217
-223
-232
-236
-241
-243
-248
-247
-237
-227
-217
-207
-195
-182
-172
-164
-165
-158
-147
-134
-125
-120
-109
-103
-99
-98
-99
-102
-106
-108
-107
-101
-90
-71
-62
-50
-48
-50
-48
-41
-32
-34
-31
-30
-27
-30
-28
-28
-27
-21
-22
-14
-10
-8
-9
-6
8
22
36
49
62
68
72
73
75
76
76
79
85
94
117
154
212
275
331
343
315
273
230
207
211
234
272
298
339
377
424
452
462
456
434
409
379
352
339
331
312
296
268
234
172
114
70
60
66
82
88
85
95
104
121
142
162
174
153
112
68
39
33
48
58
72
82
91
99
111
121
107
86
59
35
18
9
-1
-4
-2
-3
-6
-12
-19
-19
-15
-7
3
5
1
-1
0
-4
-12
-28
-38
-53
-63
-70
-83
-95
-108
-115
-127
-126
-127
-128
-127
-129
-122
-117
-108
-97
-92
-90
-86
-82
-78
-80
-82
-83
-78
-70
-64
-62
-62
-66
-70
-76
-78
-83
-95
-101
-112
-114
-113
-101
-94
-86
-79
-79
-80
-78
-77
-79
-81
-86
-93
-87
-86
-77
-80
-82
-93
-95
-103
-108
-105
-110
-106
-108
-111
-114
-114
-116
-123
-125
-121
-110
-104
-102
-102
-100
-95
-86
-80
-80
-76
-79
-83
-92
-101
-109
-118
-120
-126
-128
-131
-135
-140
-149
-145
-138
-127
-108
-65
1
75
141
162
163
138
124
97
87
92
113
152
197
243
276
285
286
279
272
260
252
240
244
249
251
226
180
138
109
112
121
134
142
155
167
181
177
169
151
129
115
97
85
82
92
106
118
126
117
97
70
54
42
38
33
27
24
26
41
47
45
48
42
36
26
21
17
13
15
11
13
4
0
-16
-17
-23
-24
-30
-39
-39
-49
-43
-42
-36
-35
-33
-30
-33
-35
-43
-47
-61
-69
-84
-98
-109
-117
-122
-125
-128
-130
-134
-133
-133
-127
-126
-118
-113
-111
-111
-114
-120
-126
-123
-124
-121
-125
-126
-132
-140
-148
-152
-158
-163
-163
-162
-156
-152
-151
-152
-150
-140
-137
-132
-130
-125
-119
-115
-109
-110
-112
-113
-117
-121
-126
-125
-126
-122
-113
-104
-96
-92
-90
-89
-87
-77
-66
-60
-58
-59
-68
-70
-67
-58
-53
-44
-49
-56
-66
-73
-72
-80
-77
-82
-87
-87
-88
-83
-77
-70
-62
-56
-53
-45
-46
-54
-57
-59
-51
-46
-34
-26
-18
-8
-5
-7
-9
-10
-10
-10
-10
-14
-17
-25
