264
372
410
382
323
255
184
126
74
37
0
-29
-56
-78
-95
-108
-120
-128
-131
-129
-125
-119
-115
-101
-87
-74
-62
-44
-22
8
44
78
104
121
132
135
121
103
103
80
59
38
23
15
24
37
54
73
97
126
152
174
195
205
203
195
186
177
174
178
186
185
182
174
156
142
129
123
116
111
106
94
84
74
79
88
109
115
101
72
42
26
18
17
-39
-102
-191
-276
-350
-444
-478
-463
-351
-196
-61
27
48
45
27
-7
-35
-60
-82
-94
-107
-118
-129
-144
-153
-161
-160
-155
-151
-144
-132
-118
-109
-101
-91
-81
-72
-64
-53
-38
-17
9
37
57
73
80
76
61
42
22
8
9
16
24
38
49
55
55
58
56
52
47
49
50
51
54
55
55
53
56
51
43
32
19
7
-3
-7
-16
-29
-36
-49
-59
-73
-78
-88
-84
-82
-70
-66
-74
-84
-105
-122
-123
-130
-136
-149
-159
-160
-163
-173
-168
-180
-183
-176
-154
-121
-108
-115
-169
-211
-262
-317
-330
-259
-134
13
108
151
168
168
154
127
100
74
41
9
-8
-18
-15
-16
-12
-10
-18
-20
-21
-24
-22
-19
-16
-19
-19
-12
-3
1
11
16
19
17
11
-2
-11
-19
-28
-37
-44
-47
-62
-62
-61
-51
-47
-47
-43
-34
-9
12
27
31
23
25
24
46
58
64
58
31
-21
-109
-214
-281
-261
-184
-63
34
102
155
188
210
222
226
224
210
191
171
139
106
84
61
39
19
7
-1
1
9
20
27
33
38
39
47
54
61
47
26
-1
-26
-32
-13
15
48
68
80
79
88
102
116
126
129
135
136
138
138
137
136
139
144
145
144
145
141
136
129
118
105
95
85
74
54
41
23
-1
-18
-31
-31
0
68
133
155
137
94
30
-53
-170
-244
-260
-215
-125
-40
38
88
129
154
151
130
91
59
39
21
-1
-21
-35
-53
-60
-66
-76
-88
-91
-87
-76
-54
-23
8
36
58
66
64
62
61
66
71
78
87
92
95
90
86
84
96
105
117
133
149
156
147
137
128
113
99
90
82
88
107
118
129
130
131
129
124
124
120
114
103
86
64
44
43
49
66
87
113
143
159
158
115
55
-6
-52
-85
-115
-143
-171
-197
-214
-220
-233
-242
-248
-252
-258
-263
-271
-285
-284
-272
-234
-188
-172
-171
-209
-251
-308
-367
-388
-326
-198
-15
140
240
252
204
134
73
13
-37
-69
-87
-93
-89
-94
-96
-98
-85
-76
-63
-47
-39
-26
-9
17
42
67
84
90
90
91
99
105
111
114
104
96
89
93
98
107
116
135
146
162
166
165
159
156
156
151
165
164
164
153
122
70
-1
-56
-67
-43
-1
45
84
117
147
156
155
140
134
126
129
142
141
119
87
65
43
29
-2
-41
-95
-144
-194
-239
-269
-288
-313
-341
-374
-404
-427
-437
-441
-437
-431
-423
-412
-402
-385
-359
-336
-317
-294
-271
-255
-240
-227
-214
-201
-168
-112
-45
4
32
-2
-92
-209
-342
-405
-376
-290
-144
17
225
414
540
615
607
582
506
414
320
225
143
76
31
2
-10
-25
-43
-58
-66
-71
-63
-49
-34
-22
-11
-2
2
9
18
26
29
31
29
25
26
35
52
64
75
89
99
115
125
128
126
127
134
137
136
135
127
116
106
99
89
87
97
128
156
185
187
158
78
-43
-177
-244
-201
-108
-2
68
125
175
227
259
271
250
233
225
216
198
174
156
134
104
57
20
-16
-47
-83
-127
-163
-184
-209
-234
-261
-288
-292
-293
-291
-294
-304
-310
-310
-301
-283
-257
-232
-200
-161
-121
-83
-46
-14
9
32
52
72
84
99
110
117
119
119
118
115
113
108
102
92
94
94
93
93
87
80
73
71
67
65
70
87
127
177
207
201
149
64
-44
-153
-196
-177
-106
8
126
255
364
425
458
464
467
461
431
375
311
242
175
117
70
19
-20
-42
-53
-74
-99
-137
-161
-187
-204
-224
-247
-265
-274
-282
-295
-306
-315
-309
-297
-279
-253
-226
-195
-165
-138
-108
-71
-45
-23
-15
-4
1
7
21
25
32
35
34
33
24
16
-3
-16
-16
-6
21
67
98
112
88
21
-82
-202
-259
-230
-140
-8
106
205
276
323
370
373
355
290
216
129
57
-9
-69
-112
-147
-173
-201
-218
-237
-256
-273
-280
-283
-290
-291
-289
-281
-264
-248
-232
-219
-203
-194
-186
-160
-124
-90
-56
-39
-22
-15
-15
-9
-5
-8
-8
-9
-10
-8
-15
-29
-36
-39
-43
-48
-51
-53
-54
-53
-47
-48
-52
-56
-60
-64
-69
-72
-64
-65
-67
-69
-87
-89
-93
-65
-2
45
78
36
-30
-95
-176
-228
-186
-130
-6
81
160
208
228
209
181
148
108
82
48
26
6
-17
-35
-51
-58
-65
-68
-68
-63
-57
-52
-34
-17
3
29
49
63
75
92
103
112
114
122
135
143
153
156
167
176
178
176
168
168
163
153
152
144
145
152
154
156
149
140
135
127
126
122
120
115
107
91
72
54
37
24
19
12
4
-13
-19
-26
-32
-43
-46
-60
-62
-55
-20
34
82
115
91
23
-70
-162
-186
-150
-63
72
222
332
390
347
277
197
108
31
-24
-58
-82
-104
-125
-146
-157
-169
-163
-159
-144
-127
-111
-81
-41
3
29
55
73
88
109
122
130
128
124
124
126
132
146
155
160
166
169
168
165
164
157
152
153
153
153
148
147
141
136
134
122
110
93
84
70
58
50
35
18
-3
-25
-41
-60
-73
-83
-99
-121
-138
-165
-181
-200
-202
-191
-133
-70
-10
6
-25
-104
-215
-284
-279
-210
-114
-32
25
67
78
62
28
-4
-31
-64
-95
-115
-128
-133
-137
-134
-129
-120
-106
-90
-72
-56
-33
-10
21
55
91
111
124
139
142
144
143
136
136
135
145
143
136
115
90
69
50
52
54
73
91
110
109
100
82
70
59
60
64
60
55
36
20
6
6
15
35
73
108
144
158
147
110
64
14
-35
-91
-138
-170
-201
-223
-243
-264
-280
-294
-295
-295
-283
-270
-258
-244
-217
-158
-79
-2
62
56
-14
-127
-257
-304
-301
-236
-131
-16
110
210
267
350
427
474
446
354
254
165
87
30
-22
-65
-96
-127
-139
-155
-154
-166
-169
-165
-150
-139
-129
-113
-94
-85
-71
-70
-62
-43
-22
-1
8
11
7
2
2
18
34
54
69
83
90
99
111
117
122
126
128
128
125
130
128
126
126
123
114
104
101
91
81
66
48
34
25
16
1
-11
-23
-28
-47
-63
-80
-96
-106
-115
-122
-130
-136
-142
-149
-158
-160
-166
-171
-176
-180
-184
-184
-176
-171
-164
-164
-160
-163
-166
-158
-153
-150
-138
-133
-128
-132
-136
-144
-146
-141
-137
-129
-127
-123
-123
-128
-126
-123
-119
-119
-119
-126
-120
-105
-40
23
86
67
-41
-198
-340
-388
-313
-171
9
138
247
326
395
420
397
334
252
186
136
100
66
55
48
31
23
10
12
16
22
19
18
14
14
-5
-24
-33
-31
-20
-14
5
21
49
67
70
68
65
67
66
58
53
48
47
54
62
52
39
25
13
2
-12
-11
-12
-10
-8
-1
9
21
23
23
27
26
29
22
14
9
-2
-9
-16
-25
-40
-57
-77
-97
-110
-109
-79
-36
20
63
45
-26
-165
-305
-352
-322
-196
-59
98
324
448
570
530
454
322
199
95
19
-27
-77
-116
-148
-162
-153
-140
-128
-117
-103
-76
-44
-13
4
20
36
53
66
75
87
92
105
114
118
117
115
115
112
107
102
95
89
85
80
73
64
58
49
40
34
28
22
22
22
22
17
11
1
-14
-26
-33
-43
-48
-52
-47
-18
30
85
129
107
29
-105
-253
-294
-256
-130
18
174
295
386
397
410
389
369
299
206
118
38
-14
-72
-119
-151
-188
-215
-236
-248
-246
-229
-207
-174
-149
-111
-79
-49
-28
-10
10
27
45
58
63
75
81
87
84
86
81
74
75
77
79
80
79
77
75
66
59
51
40
33
24
12
4
-2
-9
-19
-30
-49
-65
-83
-89
-71
-30
16
54
36
-38
-165
-306
-332
-279
-145
18
173
278
340
366
387
417
382
305
210
108
12
-46
-87
-114
-134
-168
-206
-238
-254
-258
-249
-244
-230
-213
-188
-154
-127
-106
-82
-62
-41
-20
0
12
25
33
38
38
36
45
49
53
58
59
61
61
61
52
47
44
46
43
40
37
22
14
2
-7
-19
-26
-36
-47
-54
-62
-64
-74
-75
-85
-95
-103
-110
-113
-118
-120
-123
-123
-125
-120
-116
-118
-115
-117
-122
-124
-124
-119
-116
-108
-107
-108
-111
-107
-106
-101
-94
-92
-97
-103
-113
-118
-129
-135
-140
-146
-146
-145
-148
-150
-144
-144
-148
-151
-149
-155
-154
-151
-148
-147
-151
-154
-163
-168
-182
-191
-204
-218
-221
-241
-251
-268
-278
-265
-207
-127
-57
-47
-133
-247
-360
-379
-294
-161
-12
148
279
397
447
428
364
291
230
184
140
110
87
73
74
72
73
65
73
72
72
59
51
40
56
63
78
92
98
117
115
123
130
174
213
261
290
278
254
184
120
57
10
-17
-37
-44
-42
-35
-33
-24
-14
-7
2
21
33
43
48
55
60
64
69
68
72
75
79
80
73
78
75
75
79
74
75
68
68
70
69
69
62
50
40
26
12
-4
-11
-30
-55
-69
-71
-36
-5
32
32
-2
-59
-146
-180
-164
-80
79
247
393
482
458
368
257
146
58
-3
-43
-74
-92
-103
-100
-99
-89
-80
-71
-57
-30
-3
20
45
61
80
101
113
117
110
109
111
119
129
136
140
135
133
130
123
114
102
85
68
57
40
36
23
13
-4
-11
-15
-15
-24
-33
-43
-53
-60
-62
-64
-76
-89
-101
-118
-129
-139
-151
-160
-169
-170
-177
-183
-183
-188
-192
-205
-202
-211
-218
-225
-230
-234
-236
-232
-231
-230
-232
-227
-222
-212
-200
-189
-178
-172
-163
-162
-152
-149
-143
-149
-153
-159
-171
-176
-182
-185
-190
-194
-199
-208
-205
-199
-199
-193
-196
-191
-176
-116
-24
70
112
73
-38
-162
-233
-173
-7
191
381
508
611
670
660
595
498
403
324
271
236
216
204
209
220
240
257
274
286
302
318
341
351
349
335
321
314
320
322
322
323
330
329
317
299
281
277
274
269
270
275
274
261
255
275
317
317
266
190
112
49
-4
-35
-56
-68
-69
-75
-76
-80
-86
-100
-109
-120
-127
-135
-137
-139
-137
-133
-124
-115
-106
-96
-84
-76
-62
-51
-37
-26
-12
-7
-1
-4
-8
-5
1
34
81
120
144
117
41
-78
-217
-286
-292
-163
37
257
451
553
597
565
494
400
288
181
82
-7
-82
-137
-165
-184
-195
-191
-190
-177
-166
-151
-140
-126
-105
-87
-74
-61
-53
-39
-29
-25
-30
-32
-41
-50
-62
-78
-92
-103
-112
-115
-112
-113
-112
-109
-107
-105
-108
-106
-105
-106
-100
-103
-107
-116
-125
-122
-97
-56
-17
11
23
8
-47
-137
-157
-110
-2
103
171
228
273
279
244
181
113
56
4
-26
-47
-67
-79
-85
-80
-73
-73
-69
-76
-72
-66
-54
-37
-10
18
36
54
70
78
81
75
60
42
26
14
24
53
86
147
186
236
263
255
221
160
91
20
-34
-77
-107
-130
-141
-153
-167
-183
-204
-210
-210
-172
-140
-118
-122
-148
-222
-331
-410
-405
-313
-179
-70
20
112
218
289
321
297
247
187
123
70
24
-14
-49
-74
-98
-110
-106
-98
-104
-108
-105
-89
-76
-70
-62
-56
-46
-41
-54
-70
-74
-60
-1
62
156
211
263
280
274
233
177
117
75
39
9
-10
-29
-27
-26
-28
-33
-36
-32
-26
-27
-33
-45
-55
-64
-77
-83
-90
-80
-87
-81
-82
-77
-69
-50
-38
-29
-21
-5
-8
5
5
3
1
0
33
79
129
147
107
11
-123
-224
-247
-187
-36
122
270
430
522
619
654
628
529
393
268
173
88
-9
-98
-169
-194
-199
-191
-187
-180
-172
-168
-170
-163
-158
-157
-168
-169
-166
-152
-130
-112
-88
-60
-30
-5
17
24
28
35
37
41
43
33
30
21
18
17
28
50
85
125
154
151
136
90
33
-34
-96
-149
-198
-231
-252
-268
-280
-297
-307
-327
-329
-330
-305
-278
-248
-252
-282
-348
-458
-527
-507
-410
-231
-61
108
236
287
273
226
179
133
96
55
10
-27
-47
-64
-68
-54
-44
-38
-40
-27
-19
-4
-9
-18
-19
-16
0
11
31
54
104
158
211
248
245
247
221
200
158
138
129
121
98
67
24
-8
-38
-55
-68
-71
-72
-72
-75
-74
-84
-99
-109
-97
-68
-64
-66
-101
-158
-260
-362
-394
-337
-198
-50
77
187
261
291
267
235
187
141
108
74
48
29
22
16
14
14
20
25
32
38
44
39
40
37
36
37
34
37
31
29
30
30
30
28
26
21
17
14
3
3
-1
4
22
66
103
120
93
48
-28
-124
-214
-234
-191
-70
108
263
411
498
557
581
557
482
380
265
168
82
3
-54
-93
-120
-127
-135
-144
-151
-157
-148
-135
-124
-116
-107
-98
-83
-66
-55
-44
-29
-18
-12
-6
-2
2
2
4
3
-1
-8
-9
-12
-7
-4
-5
-5
-6
-7
-11
-13
-15
-17
-20
-23
-23
-28
-28
-35
-34
-42
-41
-52
-59
-65
-76
-72
-64
-26
22
57
47
-11
-134
-279
-357
-330
-187
27
174
283
355
409
464
450
354
213
67
-38
-96
-139
-186
-220
-233
-237
-230
-225
-210
-190
-170
-149
-133
-109
-91
-69
-57
-28
-8
14
35
59
84
116
135
150
156
161
157
155
154
153
153
148
143
140
128
116
101
80
66
52
45
36
14
2
-17
-37
-52
-73
-88
-105
-89
-58
-44
-56
-82
-123
-176
-241
-259
-245
-167
-86
24
113
209
222
196
142
86
45
14
-18
-43
-77
-96
-111
-128
-141
-143
-142
-142
-146
-148
-151
-147
-147
-148
-151
-149
-142
-136
-128
-118
-108
-105
-93
-88
-81
-74
-70
-61
-54
-43
-37
-32
-28
-26
-22
-16
-11
-12
-11
-13
-3
0
11
23
25
28
31
35
36
40
35
36
27
26
25
24
25
21
23
22
19
19
16
14
15
18
19
14
16
12
12
12
12
4
-1
-1
0
0
16
53
110
163
184
128
13
-124
-201
-167
-15
185
321
399
452
483
558
574
526
410
254
140
59
4
-51
-107
-143
-158
-148
-137
-123
-115
-101
-92
-81
-72
-65
-57
-39
-21
6
30
51
67
79
92
96
86
73
69
54
38
2
-10
-11
4
35
58
106
162
231
282
308
295
252
193
142
85
50
11
-19
-47
-75
-103
-137
-167
-191
-207
-224
-236
-243
-248
-251
-253
-255
-261
-263
-258
-242
-212
-155
-113
-100
-138
-198
-280
-386
-437
-418
-299
-138
20
197
330
445
457
416
328
230
125
40
-23
-60
-86
-98
-108
-112
-115
-114
-116
-126
-142
-169
-192
-215
-229
-231
-234
-229
-231
-227
-222
-209
-201
-196
-183
-177
-178
-180
-173
-164
-160
-159
-158
-144
-132
-114
-98
-86
-63
-47
-29
-19
-5
-1
2
10
11
7
14
19
35
46
62
70
70
111
184
242
259
197
66
-98
-220
-194
-77
66
167
286
412
590
693
698
617
496
387
322
267
194
105
35
-19
-46
-49
-39
-31
-26
-26
-27
-30
-34
-30
-27
-26
-24
-23
-22
-28
-26
-21
-14
-9
4
23
73
115
164
170
150
123
77
24
-25
-72
-97
-120
-132
-138
-150
-152
-163
-170
-174
-178
-182
-186
-175
-159
-116
-81
-75
-110
-160
-206
-257
-304
-316
-287
-210
-102
27
189
318
419
444
406
338
251
166
98
54
21
-8
-26
-42
-39
-35
-25
-12
4
29
44
43
28
-7
-44
-88
-122
-147
-169
-186
-203
-216
-230
-230
-217
-206
-186
-167
-142
-112
-93
-75
-64
-50
-34
-23
-11
-2
12
22
28
42
54
58
63
73
77
84
91
98
98
104
108
111
113
117
118
118
119
119
119
118
121
122
118
118
115
112
110
129
168
224
264
270
218
118
-8
-104
-114
-32
128
287
403
516
571
641
677
644
538
398
256
159
88
18
-37
-82
-92
-81
-66
-47
-39
-31
-31
-32
-45
-55
-73
-81
-95
-102
-94
-84
-75
-51
-24
12
31
51
77
120
137
145
112
87
42
3
-53
-98
-131
-160
-180
-183
-182
-178
-178
-178
-187
-203
-213
-213
-214
-207
-206
-202
-198
-187
-188
-182
-181
-170
-165
-159
-147
-137
-126
-119
-107
-97
-84
-70
-59
-51
-41
-26
-20
-12
-8
-1
1
-1
3
-2
3
6
7
13
35
79
130
162
156
107
0
-127
-201
-182
-27
197
414
567
720
763
776
663
525
384
268
186
104
29
-35
-72
-92
-91
-82
-69
-53
-48
-43
-55
-64
-72
-74
-79
-73
-50
-15
27
90
153
200
225
217
190
149
114
61
15
-27
-58
-90
-120
-138
-155
-174
-186
-198
-208
-212
-208
-202
-197
-191
-185
-180
-176
-159
-150
-133
-101
-48
-20
-19
-67
-119
-186
-263
-306
-294
-194
-40
96
238
332
402
408
391
346
282
232
182
147
114
84
71
58
53
43
29
7
-12
-20
-33
-40
-43
-47
-54
-65
-69
-78
-90
-98
-111
-122
-132
-140
-146
-158
-166
-175
-186
-187
-184
-186
-189
-184
-169
-140
-93
-77
-83
-114
-137
-191
-251
-250
-166
-26
100
171
243
285
332
312
280
232
189
155
121
99
81
75
69
65
58
52
57
55
48
33
29
36
33
41
26
15
4
-7
-18
-27
-27
-31
-37
-46
-55
-65
-65
-67
-69
-78
-87
-94
-103
-109
-104
-93
-82
-70
-59
-56
-51
-47
-38
-27
-10
-2
9
14
27
35
42
53
60
67
65
70
68
75
77
77
82
78
85
87
97
103
104
108
106
113
133
174
234
268
258
193
89
-40
-130
-137
-55
100
238
356
458
531
607
649
603
512
382
258
175
105
39
-13
-52
-67
-70
-58
-31
-10
5
9
9
2
-13
-42
-77
-97
-109
-101
-86
-59
-15
22
46
67
82
135
174
213
203
174
137
98
40
-15
-71
-113
-143
-153
-152
-152
-154
-149
-156
-157
-173
-184
-206
-219
-227
-230
-219
-199
-159
-133
-137
-160
-217
-274
-361
-405
-412
-325
-177
-28
130
221
279
266
250
202
162
112
75
45
22
16
14
3
5
0
2
1
-5
-23
-38
-54
-68
-81
-93
-99
-102
-107
-110
-111
-109
-110
-108
-111
-120
-126
-124
-117
-106
-99
-96
-98
-98
-96
-107
-116
-131
-137
-144
-142
-137
-137
-136
-134
-130
-132
-127
-121
-119
-108
-101
-86
-74
-55
-46
-35
-31
-20
-1
-2
1
8
17
22
35
42
54
66
75
82
88
100
111
139
185
252
288
276
214
106
-21
-95
-104
-38
105
250
367
481
546
619
644
627
544
421
289
190
112
54
10
-8
-18
-8
13
39
45
45
45
38
35
15
-6
-44
-82
-105
-113
-96
-62
-25
0
31
73
119
152
160
124
97
59
20
-20
-59
-84
-108
-129
-145
-158
-170
-170
-168
-152
-150
-132
-129
-130
-151
-160
-171
-180
-182
-185
-180
-169
-155
-146
-135
-120
-106
-95
-87
-70
-54
-36
-16
-1
7
19
29
35
46
54
62
64
73
77
82
84
88
90
85
82
83
75
79
79
79
72
68
61
60
67
83
108
128
178
230
254
209
92
-72
-200
-234
-167
8
182
299
380
398
443
458
431
361
272
153
54
-36
-95
-144
-169
-180
-171
-153
-135
-114
-104
-97
-89
-100
-108
-123
-153
-176
-190
-190
-179
-159
-132
-101
-67
-29
-8
31
49
73
66
51
33
-1
-21
-48
-63
-82
-91
-100
-106
-106
-108
-110
-111
-116
-107
-109
-95
-93
-92
-100
-105
-95
-92
-100
-111
-116
-123
-122
-123
-123
-131
-138
-138
-142
-144
-144
-146
-146
-142
-134
-133
-128
-123
-112
-108
-100
-94
-85
-83
-71
-69
-62
-62
-52
-52
-41
-33
-28
-25
-23
-14
-10
5
49
102
152
158
111
18
-94
-187
-211
-142
48
258
428
514
552
579
598
542
435
302
179
89
2
-65
-101
-119
-104
-89
-53
-24
-4
16
23
19
9
-7
-27
-55
-70
-73
-66
-41
0
38
75
98
116
136
177
209
232
227
212
183
137
84
36
2
-1
16
27
35
37
31
25
12
-7
-37
-50
-72
-102
-129
-147
-134
-130
-137
-148
-150
-149
-151
-148
-145
-133
-133
-131
-136
-140
-143
-146
-159
-169
-171
-176
-185
-195
-207
-212
-215
-220
-221
-231
-230
-235
-236
-237
-232
-235
-234
-231
-232
-228
-229
-218
-212
-202
-185
-180
-168
-151
-134
-113
-90
-75
-58
-40
-24
-4
5
23
32
35
45
54
56
61
63
60
59
55
54
47
48
49
51
53
59
58
59
59
62
89
120
186
241
253
205
108
-20
-114
-131
-23
196
368
503
545
588
645
656
603
488
353
241
145
80
12
-29
-45
-41
-15
-5
11
11
5
0
-20
-37
-61
-64
-51
-42
-17
2
30
61
93
113
132
142
161
178
171
162
144
113
71
47
23
14
-1
-14
-21
-20
-9
4
-8
-21
-56
-82
-101
-110
-116
-111
-96
-83
-79
-71
-72
-75
-75
-66
-55
-50
-60
-68
-81
-84
-87
-91
-95
-102
-106
-110
-111
-109
-114
-124
-130
-131
-130
-132
-136
-142
-152
-148
-148
-146
-140
-128
-119
-108
-93
-75
-56
-41
-21
-3
16
37
52
63
69
77
84
89
97
102
108
108
107
108
112
117
120
124
119
120
114
111
114
124
119
134
171
227
276
277
220
119
-10
-107
-157
-121
-1
172
315
433
486
532
563
561
511
399
288
189
109
44
-18
-53
-62
-57
-44
-30
-18
-6
-5
-5
-15
-22
-53
-78
-100
-125
-137
-128
-99
-67
-35
-5
27
464
