-71
-83
-95
-88
-48
5
58
82
92
90
101
123
140
138
113
70
20
-24
-54
-62
-56
-36
-17
3
-4
-18
-48
-82
-113
-114
-101
-48
-3
32
47
62
85
115
139
139
129
80
22
-44
-104
-131
-132
-120
-100
-94
-88
-89
-104
-105
-123
-123
-103
-60
-1
43
65
69
69
87
116
128
116
81
30
-28
-73
-95
-104
-93
-72
-54
-43
-46
-60
-60
-76
-90
-81
-69
-31
23
63
75
70
63
76
95
96
93
74
37
-7
-55
-89
-102
-101
-81
-64
-48
-46
-50
-56
-63
-66
-53
-30
27
78
107
121
117
127
140
138
130
109
60
4
-45
-82
-90
-93
-78
-63
-48
-40
-43
-60
-85
-97
-100
-74
-28
18
52
68
78
96
116
117
103
73
23
-28
-78
-110
-111
-106
-89
-69
-57
-58
-72
-94
-112
-114
-103
-54
2
52
72
69
75
96
120
129
119
94
46
-18
-80
-129
-156
-149
-133
-114
-105
-101
-115
-125
-135
-136
-114
-71
-8
49
69
80
91
99
113
110
102
64
21
-31
-65
-79
-82
-76
-74
-59
-54
-59
-81
-95
-96
-81
-36
6
49
68
62
69
79
111
124
133
120
88
40
-19
-66
-95
-96
-95
-75
-61
-65
-75
-103
-135
-149
-138
-100
-36
25
66
82
91
119
151
159
138
103
62
15
-43
-95
-122
-129
-125
-118
-109
-98
-113
-129
-145
-144
-113
-68
-12
35
51
55
48
70
95
107
111
99
76
31
-25
-61
-84
-83
-78
-55
-36
-34
-56
-100
-129
-145
-120
-80
-21
34
69
87
96
129
159
163
153
120
79
29
-32
-81
-121
-132
-128
-105
-94
-77
-95
-123
-152
-163
-142
-106
-46
0
35
50
64
83
114
138
146
131
94
46
-13
-63
-99
-110
-105
-99
-87
-80
-73
-85
-106
-124
-122
-93
-41
19
64
84
99
123
159
178
173
146
103
54
3
-46
-87
-104
-104
-87
-69
-52
-46
-58
-83
-109
-105
-76
-24
36
71
84
90
91
116
149
167
161
134
83
30
-29
-72
-99
-106
-96
-74
-56
-50
-64
-92
-127
-142
-115
-63
5
46
64
72
82
112
151
179
186
164
115
54
-14
-73
-109
-112
-94
-70
-59
-63
-82
-96
-92
-70
-22
36
91
115
105
94
98
119
141
134
114
85
46
-5
-56
-95
-109
-106
-89
-76
-65
-64
-72
-87
-114
-123
-97
-40
26
69
85
104
126
149
158
147
137
106
59
-4
-54
-87
-107
-102
-97
-83
-73
-77
-102
-130
-150
-137
-113
-58
-5
33
49
55
68
97
118
139
131
106
56
-1
-48
-90
-107
-114
-106
-92
-83
-81
-95
-125
-137
-139
-105
-49
9
58
82
81
77
97
116
130
128
104
61
0
-45
-87
-112
-103
-79
-46
-24
-11
-29
-53
-80
-91
-69
-27
29
76
88
95
91
112
132
139
117
77
22
-34
-76
-99
-108
-111
-100
-70
-58
-54
-84
-125
-139
-127
-89
-50
-7
10
16
19
29
67
83
107
98
65
2
-56
-120
-146
-160
-142
-135
-119
-128
-120
-138
-157
-173
-170
-127
-70
2
47
68
83
98
123
143
143
125
71
23
-36
-65
-77
-80
-77
-69
-61
-66
-88
-112
-124
-117
-79
-31
21
53
66
68
77
102
130
134
134
114
78
36
-21
-62
-83
-99
-89
-88
-75
-78
-105
-145
-183
-195
-172
-130
-70
-18
15
31
44
71
115
145
162
141
100
39
-25
-78
-104
-108
-103
-91
-79
-61
-55
-70
-91
-101
-75
-25
33
79
104
110
107
117
139
157
167
156
124
74
17
-33
-62
-81
-79
-70
-55
-42
-35
-51
-85
-115
-121
-92
-42
12
51
66
71
78
99
127
142
136
109
64
10
-48
-89
-111
-112
-101
-84
-65
-53
-63
-90
-127
-144
-122
-78
-18
25
56
60
64
79
106
133
145
129
95
42
-7
-53
-83
-94
-91
-82
-63
-38
-26
-46
-86
-125
-126
-91
-39
15
43
54
57
58
85
112
130
119
82
27
-35
-85
-114
-117
-104
-79
-51
-31
-25
-40
-73
-93
-86
-61
-19
22
59
68
76
78
103
122
133
114
71
17
-25
-64
-88
-92
-81
-50
-21
-3
-10
-37
-67
-76
-55
-14
39
82
111
119
119
127
153
176
181
153
103
42
-10
-57
-86
-98
-88
-68
-46
-28
-14
-23
-51
-86
-92
-69
-30
15
47
59
59
59
74
96
109
108
81
38
-16
-67
-108
-134
-126
-115
-101
-104
-110
-112
-100
-85
-62
-30
9
38
44
35
28
41
75
97
106
85
44
13
-24
-48
-51
-53
-36
-34
-39
-47
-57
-79
-120
-160
-177
-146
-82
-8
55
85
104
123
139
164
171
153
107
43
-24
-69
-94
-99
-93
-79
-61
-49
-50
-72
-97
-113
-104
-63
-10
30
62
61
56
71
96
123
131
125
92
50
-2
-48
-80
-101
-90
-68
-49
-37
-25
-27
-51
-86
-121
-115
-90
-50
0
39
67
75
94
117
146
146
126
74
15
-47
-93
-120
-132
-125
-100
-71
-64
-75
-97
-101
-81
-49
-7
38
65
76
68
62
77
102
116
118
96
57
0
-53
-103
-121
-115
-91
-70
-48
-45
-53
-63
-53
-30
16
65
97
120
116
117
131
135
142
134
118
96
53
9
-33
-71
-100
-117
-124
-120
-111
-100
-88
-96
-130
-156
-155
-120
-57
10
66
104
107
117
132
151
143
119
82
27
-32
-71
-99
-98
-92
-64
-31
-7
3
-10
-36
-34
-12
25
70
113
144
153
141
139
142
167
168
162
136
91
52
-11
-48
-69
-70
-51
-29
0
9
20
-8
-44
-89
-90
-65
-22
24
51
71
89
103
132
155
160
138
92
42
-4
-63
-104
-137
-150
-145
-135
-113
-94
-81
-96
-136
-169
-189
-149
-104
-33
1
38
43
55
85
121
142
155
139
102
39
-21
-80
-121
-142
-137
-123
-103
-81
-67
-79
-113
-158
-183
-162
-107
-47
7
50
55
66
76
109
140
155
143
97
48
1
-35
-76
-89
-93
-71
-53
-38
-28
-23
-39
-59
-90
-96
-62
-12
49
83
92
77
84
99
127
119
78
17
-45
-93
-132
-155
-150
-129
-104
-105
-107
-113
-115
-100
-79
-31
8
45
44
21
0
3
19
47
58
53
26
-20
-86
-131
-161
-155
-144
-126
-112
-103
-109
-105
-82
-32
24
60
85
80
74
78
93
114
113
87
43
-14
-62
-99
-135
-160
-172
-172
-158
-149
-146
-144
-125
-77
-14
46
79
88
81
75
80
90
96
85
67
34
5
-23
-56
-87
-114
-130
-127
-109
-85
-75
-67
-62
-46
-15
29
85
134
157
157
141
118
102
82
72
60
42
16
-15
-51
-79
-103
-110
-104
-101
-94
-85
-68
-53
-52
-63
-66
-51
-9
58
108
145
148
157
152
149
138
123
96
50
0
-49
-88
-117
-120
-107
-75
-43
-31
-34
-38
-35
-1
35
82
131
152
158
141
120
112
109
105
91
62
17
-36
-82
-111
-118
-105
-91
-77
-69
-62
-49
-40
-27
-5
34
63
77
67
45
41
53
69
67
44
0
-47
-105
-150
-177
-183
-174
-153
-142
-130
-127
-139
-144
-133
-100
-38
16
63
83
84
88
108
136
152
132
81
24
-50
-112
-160
-189
-202
-198
-185
-162
-142
-126
-114
-98
-66
-16
46
103
139
148
146
143
155
164
165
141
105
57
13
-29
-49
-69
-79
-96
-113
-124
-134
-133
-128
-121
-137
-165
-192
-186
-142
-66
16
88
135
159
182
197
206
189
155
103
37
-23
-78
-126
-163
-183
-188
-184
-169
-157
-146
-139
-151
-179
-208
-202
-160
-98
-34
10
34
65
99
140
172
180
170
133
78
29
-32
-79
-114
-125
-113
-94
-72
-57
-43
-27
-37
-64
-94
-97
-63
-10
43
71
81
79
91
110
141
154
149
111
62
11
-34
-71
-92
-99
-87
-64
-42
-27
-18
-10
-23
-61
-107
-121
-99
-50
0
33
52
73
109
147
181
185
161
117
60
4
-44
-85
-115
-127
-125
-105
-87
-68
-54
-46
-53
-88
-122
-131
-107
-59
-3
33
50
62
71
97
121
131
113
71
19
-37
-88
-131
-154
-149
-132
-106
-81
-58
-42
-46
-75
-111
-135
-124
-95
-47
-8
21
31
35
51
81
109
122
107
67
18
-28
-68
-90
-99
-90
-69
-47
-27
-12
-1
1
-30
-73
-100
-93
-58
-1
46
82
101
120
151
189
211
207
169
114
47
-17
-73
-103
-105
-89
-73
-64
-63
-64
-58
-51
-38
-12
29
67
99
107
108
123
154
193
210
204
177
132
74
20
-26
-55
-74
-79
-72
-76
-76
-80
-94
-107
-90
-55
-6
40
63
70
62
64
69
78
78
57
18
-29
-85
-118
-135
-136
-135
-135
-132
-119
-99
-76
-52
-29
-19
-29
-51
-75
-75
-19
58
128
167
172
174
173
183
183
170
142
105
55
10
-22
-61
-75
-80
-75
-59
-46
-32
-22
-17
-38
-69
-95
-100
-64
-4
48
75
88
101
116
135
148
143
120
71
18
-24
-68
-93
-107
-114
-92
-78
-53
-39
-22
-10
-22
-70
-107
-120
-90
-40
5
26
53
76
116
154
187
200
188
142
88
35
-12
-49
-72
-74
-61
-28
-13
14
25
36
33
10
-36
-41
-32
7
55
82
99
102
98
111
133
139
134
106
48
-4
-61
-105
-128
-143
-139
-127
-109
-80
-65
-41
-33
-55
-92
-135
-149
-125
-76
-21
22
50
83
110
142
168
158
121
59
-7
-72
-120
-146
-153
-138
-111
-92
-79
-87
-90
-88
-84
-68
-39
-11
18
19
17
6
12
43
83
102
93
60
10
-36
-84
-120
-144
-138
-117
-92
-87
-75
-63
-58
-45
-23
5
44
87
110
114
115
116
126
135
129
98
46
-12
-59
-96
-126
-148
-166
-175
-168
-151
-128
-102
-75
-59
-62
-76
-88
-72
-25
48
127
175
195
197
202
223
231
217
168
101
23
-49
-109
-151
-175
-176
-160
-142
-118
-102
-90
-79
-73
-59
-37
-3
35
59
67
62
64
81
103
113
102
68
16
-47
-112
-156
-170
-167
-160
-152
-135
-115
-99
-97
-92
-72
-48
-18
3
10
17
21
33
51
66
67
48
17
-21
-64
-103
-130
-152
-160
-165
-159
-149
-132
-123
-124
-130
-139
-113
-70
-2
70
125
157
168
181
194
201
188
145
89
29
-28
-78
-107
-124
-132
-145
-152
-151
-138
-115
-88
-64
-48
-41
-68
-105
-121
-98
-35
40
97
123
131
142
160
175
183
161
126
66
10
-39
-77
-108
-126
-136
-133
-123
-103
-83
-62
-47
-56
-86
-124
-136
-117
-63
-6
36
60
78
94
124
154
176
160
122
70
11
-31
-68
-101
-112
-110
-100
-74
-46
-16
14
15
19
-8
-48
-77
-73
-40
21
63
87
90
98
120
151
173
159
122
64
6
-42
-77
-106
-124
-125
-116
-96
-71
-48
-28
-14
-8
-28
-58
-86
-82
-43
8
57
73
66
62
77
116
146
155
133
88
36
-17
-56
-84
-98
-104
-101
-91
-69
-43
-14
8
11
-9
-49
-82
-94
-67
-19
23
48
62
68
82
110
133
132
114
72
15
-49
-106
-149
-168
-170
-147
-121
-98
-85
-85
-90
-97
-95
-81
-58
-25
9
30
34
29
31
48
81
97
83
51
0
-56
-99
-130
-149
-162
-158
-147
-123
-102
-81
-72
-71
-67
-35
8
57
99
116
122
138
155
194
211
201
166
98
48
-8
-53
-87
-93
-86
-77
-61
-49
-26
12
39
62
47
28
4
2
28
77
112
143
153
148
146
150
160
150
123
64
17
-53
-107
-141
-162
-159
-141
-116
-93
-76
-57
-55
-55
-52
-40
-14
16
36
49
45
49
62
94
114
107
89
38
-14
-52
-91
-114
-125
-134
-139
-125
-116
-100
-73
-63
-59
-78
-78
-64
-27
15
51
83
102
108
114
124
123
115
71
24
-35
-84
-116
-134
-134
-128
-125
-116
-101
-87
-68
-65
-47
-48
-62
-90
-114
-104
-56
1
59
103
117
138
165
183
181
150
111
45
-13
-89
-127
-177
-175
-168
-139
-121
-110
-99
-89
-82
-74
-70
-58
-27
11
49
66
82
87
115
143
172
161
140
89
33
-39
-101
-134
-159
-146
-126
-91
-65
-39
-22
-12
-5
16
46
78
99
99
90
89
89
110
125
137
113
73
19
-26
-67
-87
-90
-82
-72
-71
-72
-78
-61
-31
-4
16
12
-5
-27
-31
-9
41
101
152
178
185
196
202
204
185
136
78
15
-49
-89
-113
-124
-128
-132
-130
-124
-113
-99
-80
-67
-57
-60
-90
-132
-158
-144
-85
-3
64
101
129
156
195
234
240
217
167
103
34
-28
-73
-104
-133
-158
-174
-171
-154
-126
-101
-82
-76
-82
-91
-86
-62
-20
30
69
80
82
88
116
152
174
169
131
73
9
-48
-90
-115
-121
-118
-109
-94
-76
-62
-56
-50
-46
-46
-74
-119
-157
-160
-125
-75
-22
12
51
74
104
121
128
123
88
40
-19
-82
-118
-146
-167
-184
-196
-199
-192
-180
-166
-152
-146
-139
-161
-194
-218
-206
-155
-88
-25
12
29
49
77
130
171
190
165
110
37
-31
-95
-134
-163
-172
-162
-143
-114
-88
-67
-57
-61
-61
-43
-13
33
67
82
86
105
148
202
245
248
225
176
114
54
5
-20
-32
-45
-50
-64
-72
-84
-74
-63
-38
-46
-68
-83
-88
-61
-13
35
97
130
154
163
174
192
186
151
110
50
-3
-55
-74
-90
-105
-121
-151
-160
-178
-174
-170
-148
-128
-137
-154
-171
-162
-123
-50
22
82
123
148
172
192
222
223
190
140
68
12
-65
-114
-147
-163
-159
-148
-130
-113
-90
-83
-84
-89
-98
-75
-69
-31
13
41
77
99
134
170
192
201
185
147
84
4
-66
-120
-151
-159
-141
-118
-97
-73
-56
-36
-16
-5
16
36
71
106
131
137
142
145
163
186
202
199
169
120
63
13
-30
-47
-38
-22
-6
5
10
9
17
20
23
20
5
-20
-45
-45
-20
23
75
119
141
150
167
183
195
176
126
67
-6
-68
-124
-163
-183
-180
-165
-144
-121
-115
-98
-85
-77
-81
-103
-117
-120
-95
-45
9
63
94
118
140
162
186
194
170
118
46
-32
-103
-156
-186
-201
-195
-177
-154
-131
-109
-89
-77
-61
-46
-20
10
43
58
64
64
74
89
111
122
120
94
43
-13
-70
-112
-131
-135
-125
-105
-91
-78
-67
-50
-29
-10
4
4
-16
-53
-83
-76
-36
25
87
132
164
184
197
210
216
207
173
118
44
-35
-109
-164
-197
-210
-207
-196
-181
-161
-137
-114
-102
-94
-87
-60
-21
32
71
86
99
115
151
178
186
166
123
71
9
-54
-106
-138
-148
-149
-147
-146
-148
-147
-134
-115
-91
-72
-57
-53
-69
-98
-120
-100
-49
31
95
135
166
188
212
227
223
185
128
65
2
-55
-99
-131
-152
-162
-168
-172
-168
-150
-124
-98
-84
-84
-98
-107
-99
-63
-19
29
65
79
84
96
123
153
164
144
97
34
-33
-92
-137
-158
-161
-152
-137
-118
-98
-89
-78
-73
-73
-82
-93
-92
-62
-21
35
77
110
149
186
222
241
233
194
132
60
-11
-70
-108
-127
-133
-138
-145
-155
-165
-163
-152
-128
-97
-76
-70
-75
-69
-34
11
68
114
143
161
178
200
218
221
188
135
70
7
-45
-81
-98
-102
-95
-88
-79
-70
-65
-60
-45
-38
-29
-41
-72
-115
-141
-131
-86
-20
45
88
117
139
158
176
175
158
124
76
18
-40
-95
-129
-140
-135
-128
-108
-97
-83
-73
-65
-52
-49
-40
-18
18
58
84
91
87
98
126
160
181
169
133
81
28
-23
-66
-83
-85
-76
-71
-70
-76
-90
-99
-99
-84
-67
-50
-54
-72
-94
-101
-70
-29
32
77
108
130
145
162
171
169
140
93
28
-41
-103
-138
-147
-146
-143
-137
-129
-113
-88
-56
-27
-7
6
13
-7
-42
-75
-83
-48
11
80
124
146
158
169
179
181
162
129
78
17
-50
-104
-138
-158
-162
-154
-136
-114
-88
-67
-49
-35
-32
-32
-29
-8
17
46
60
57
56
65
94
122
139
125
93
46
-7
-54
-82
-88
-76
-48
-27
-21
-28
-35
-34
-27
-14
-6
2
-17
-45
-76
-84
-61
-13
51
105
137
149
148
159
169
165
131
79
7
-58
-116
-150
-163
-161
-153
-143
-132
-112
-85
-53
-18
15
31
40
18
-5
-31
-27
18
86
157
200
215
214
219
232
236
224
183
132
70
4
-49
-92
-117
-126
-123
-117
-106
-90
-75
-57
-43
-36
-29
-20
-2
36
68
95
103
101
103
115
128
149
141
108
52
-22
-88
-135
-157
-156
-147
-134
-130
-132
-139
-136
-124
-110
-94
-81
-70
-72
-97
-132
-160
-141
-88
-10
65
118
150
164
173
172
161
128
80
17
-57
-125
-177
-212
-224
-225
-216
-206
-194
-170
-144
-122
-104
-97
-89
-72
-35
3
33
58
68
75
81
100
120
141
130
103
51
-1
-49
-83
-95
-90
-74
-65
-63
-71
-80
-82
-68
-45
-15
6
23
14
-13
-44
-59
-36
19
86
139
172
183
186
193
196
183
146
85
24
-46
-105
-153
-183
-203
-212
-212
-202
-185
-157
-122
-83
-55
-46
-51
-56
-45
-22
18
60
101
130
135
137
142
159
171
163
118
58
-7
-65
-114
-142
-159
-157
-145
-143
-134
-122
-106
-90
-62
-38
-29
-46
-76
-93
-79
-35
12
65
108
126
139
135
149
158
159
137
97
26
-43
-112
-165
-189
-205
-210
-201
-193
-173
-148
-124
-104
-91
-90
-86
-77
-48
-13
9
29
38
45
54
88
100
123
99
61
5
-64
-118
-150
-164
-152
-129
-105
-101
-106
-118
-122
-123
-102
-84
-69
-71
-87
-101
-98
-68
-10
54
118
183
217
241
253
249
236
193
139
62
-11
-78
-121
-142
-144
-134
-120
-104
-85
-62
-40
-13
20
50
70
66
50
18
-8
-4
28
83
136
168
169
162
162
178
192
180
136
77
11
-49
-110
-148
-175
-179
-172
-153
-128
-108
-86
-71
-62
-57
-59
-65
-71
-61
-36
-1
33
56
68
81
99
133
154
157
128
83
23
-37
-97
-142
-161
-154
-134
-118
-116
-121
-133
-135
-113
-82
-46
-39
-45
-53
-49
-28
3
38
81
113
132
146
166
183
187
166
120
52
-18
-89
-134
-156
-151
-145
-133
-130
-124
-119
-106
-84
-59
-39
-29
-30
-36
-59
-93
-122
-122
-68
13
93
143
169
183
194
213
216
191
145
84
24
-36
-88
-128
-151
-155
-155
-146
-137
-123
-105
-80
-44
-2
34
56
51
33
21
27
67
113
150
185
194
182
171
162
166
164
140
90
28
-38
-102
-132
-146
-129
-108
-91
-74
-57
-41
-20
1
22
29
31
14
-18
-56
-72
-51
-5
54
111
143
155
157
156
156
159
128
93
35
-27
-83
-140
-169
-185
-180
-177
-177
-178
-179
-166
-149
-124
-96
-74
-62
-77
-92
-99
-75
-33
18
69
104
122
124
123
129
137
123
85
25
-44
-118
-170
-197
-197
-171
-148
-135
-131
-130
-119
-100
-73
-43
-22
-15
-18
-37
-68
-95
-86
-40
30
101
158
195
211
214
217
218
208
170
119
43
-26
-88
-129
-148
-146
-149
-141
-141
-148
-143
-125
-97
-62
-36
-23
-30
-48
-62
-61
-29
20
70
111
141
157
168
170
184
187
169
115
37
-51
-129
-186
-211
-206
-182
-155
-143
-144
-145
-132
-111
-91
-65
-49
-33
-32
-42
-58
-62
-33
23
91
156
200
224
232
233
237
240
215
170
99
27
-38
-88
-122
-139
-137
-135
-129
-131
-130
-122
-101
-68
-32
3
21
15
-6
-17
-6
33
78
115
139
146
143
139
141
152
156
131
80
10
-63
-118
-152
-155
-143
-124
-103
-98
-102
-91
-83
-62
-45
-28
-18
-15
-36
-65
-96
-95
-51
14
89
149
189
208
215
225
234
220
180
110
38
-34
-103
-143
-157
-165
-158
-157
-162
-158
-152
-139
-107
-75
-41
-21
-8
-26
-42
-61
-41
-2
44
83
115
129
121
114
117
125
132
94
43
-14
-86
-120
-153
-148
-136
-118
-103
-101
-108
-126
-133
-145
-141
-139
-143
-143
-164
-194
-229
-239
-199
-125
-47
39
111
164
194
206
210
202
174
128
63
-7
-68
-121
-147
-168
-172
-183
-172
-185
-178
-165
-148
-114
-78
-35
-13
-12
-35
-54
-48
-9
36
74
113
138
131
133
124
132
135
114
71
16
-35
-80
-105
-115
-107
-73
-37
-6
2
15
21
49
59
80
93
95
85
46
3
-31
-49
-13
39
86
141
179
189
187
176
176
172
145
98
35
-29
-85
-125
-143
-145
-135
-126
-123
-125
-123
-112
-94
-71
-44
-20
-15
-24
-50
-55
-49
-8
39
86
135
163
175
180
183
203
209
188
129
51
-30
-98
-141
-157
-147
-121
-91
-64
-37
-25
-5
8
33
55
73
75
70
40
7
-28
-39
-14
33
94
148
188
202
206
199
201
198
166
115
37
-35
-99
-138
-154
-158
-150
-141
-132
-127
-116
-99
-73
-41
-2
38
59
59
35
11
10
38
82
121
154
171
172
158
140
133
132
118
77
10
-58
-122
-164
-178
-159
-125
-85
-61
-44
-37
-27
-10
5
22
42
42
36
16
-19
-56
-83
-72
-27
27
86
134
169
180
184
189
198
190
151
83
8
-57
-108
-136
-146
-142
-133
-122
-111
-103
-96
-84
-60
-23
19
49
64
59
43
28
27
52
93
135
174
192
197
177
159
147
147
123
72
-6
-93
-166
-210
-218
-197
-160
-126
-97
-79
-64
-53
-37
-19
2
12
7
-5
-35
-65
-98
-113
-94
-45
10
72
115
140
137
127
113
114
95
62
9
-52
-110
-161
-187
-195
-183
-156
-134
-112
-106
-89
-73
-48
-10
17
40
48
48
29
7
-20
-29
-7
37
86
122
139
129
100
88
92
102
82
38
-25
-92
-151
-191
-206
-195
-165
-137
-118
-111
-106
-96
-80
-54
-35
-20
-31
-45
-64
-75
-63
-29
18
60
93
105
100
94
59
