-285
-308
-312
-290
-256
-236
-219
-185
-136
-75
-40
-7
-9
4
10
15
19
16
2
0
-4
5
2
-5
-5
-41
-89
-133
-139
-125
-118
-108
-117
-107
-82
-64
-45
-24
-34
-8
-37
-44
-61
-55
-63
-45
-49
-46
-95
-120
-163
-141
-115
-104
-104
-145
-149
-144
-133
-105
-116
-107
-108
-104
-82
-103
-96
-108
-99
-99
-63
-67
-82
-120
-130
-125
-124
-117
-117
-119
-103
-83
-60
-33
-36
-35
-38
-25
-10
15
30
56
75
93
100
69
15
-35
-34
-22
-20
-17
-20
-21
-2
12
19
23
50
50
77
76
106
117
133
152
134
116
61
24
-21
-68
-116
-127
-140
-146
-172
-152
-155
-110
-82
-51
3
62
90
108
115
100
94
82
51
15
-3
-30
-53
-108
-162
-191
-181
-155
-137
-111
-95
-43
35
119
207
261
263
246
217
201
173
132
108
98
92
112
115
110
67
69
74
109
153
146
136
111
118
108
120
119
122
97
92
76
82
85
68
57
54
35
50
15
0
-23
-19
-6
3
-15
-25
-31
-50
-32
-52
-23
-6
5
29
24
24
9
9
-2
-14
-19
-16
-14
-8
-42
-79
-117
-139
-141
-142
-138
-135
-111
-87
-59
4
41
45
64
67
73
87
81
84
88
89
81
53
1
-35
-80
-99
-134
-163
-182
-187
-184
-177
-156
-129
-91
-52
-12
21
42
65
74
83
85
98
101
102
95
84
80
73
45
14
-5
-28
-54
-90
-126
-122
-107
-72
-41
7
56
74
86
90
105
128
114
90
50
20
-8
-37
-76
-123
-162
-165
-154
-142
-133
-133
-124
-97
-68
-25
14
28
44
42
61
77
91
70
39
-1
-30
-56
-93
-130
-146
-134
-129
-104
-103
-84
-55
-22
10
28
46
51
61
93
106
84
34
-6
-47
-60
-63
-80
-99
-145
-168
-161
-168
-157
-177
-202
-184
-152
-106
-52
-39
-22
-31
-35
-48
-45
-43
-33
-34
-16
3
12
-4
-47
-72
-98
-87
-75
-54
-29
-1
31
61
97
106
133
144
153
166
145
143
114
84
34
2
-11
-21
-31
-50
-91
-117
-128
-124
-118
-112
-120
-100
-72
-20
33
65
78
77
61
42
15
0
-29
-63
-94
-124
-162
-177
-197
-221
-222
-225
-193
-151
-130
-130
-199
-246
-277
-259
-226
-170
-121
-77
-33
1
37
54
80
106
116
107
101
104
94
101
103
97
84
68
62
68
84
96
107
97
133
167
176
172
135
119
105
101
92
93
101
117
154
181
193
171
139
91
62
3
-34
-56
-47
-18
-2
21
31
45
55
46
51
52
54
70
74
90
89
107
94
93
67
43
24
15
-14
-23
-56
-92
-105
-99
-56
-29
-23
-88
-164
-208
-241
-241
-243
-223
-202
-169
-131
-85
-35
-6
4
3
-6
-3
18
33
37
43
46
33
15
-21
-70
-110
-160
-166
-152
-103
-46
-13
11
24
28
26
44
72
118
172
173
148
120
71
54
2
-29
-76
-111
-121
-129
-105
-106
-94
-105
-125
-111
-91
-50
-23
-16
1
31
84
104
100
64
20
-16
-47
-90
-117
-159
-168
-148
-117
-111
-132
-115
-116
-68
-25
26
58
86
100
94
101
89
74
87
86
82
72
46
-15
-55
-108
-125
-93
-77
-65
-55
-61
-46
-35
-20
12
27
72
92
105
116
134
131
129
128
136
124
107
69
22
-23
-58
-61
-42
-37
-18
-16
-2
25
63
103
106
144
146
161
143
100
66
32
23
0
-4
-36
-92
-123
-145
-132
-123
-92
-76
-39
-10
-1
17
17
24
40
32
41
41
39
32
14
-5
-32
-56
-71
-88
-104
-86
-29
46
111
135
128
104
68
20
-24
-64
-83
-92
-95
-83
-76
-48
-24
11
33
43
50
60
65
87
98
96
61
32
-2
-24
-57
-102
-136
-142
-129
-102
-79
-59
-50
-45
-36
-20
-7
-7
-3
-1
12
22
31
38
22
46
70
90
75
38
-7
-22
-52
-83
-94
-104
-84
-62
-10
43
100
127
139
152
165
167
156
162
133
119
79
64
49
32
29
20
25
33
29
29
48
73
87
90
51
0
-52
-83
-85
-105
-105
-114
-103
-77
-67
-43
-20
-14
-5
-10
-12
18
22
36
44
61
68
77
92
105
73
58
30
44
54
65
50
25
-1
-33
-60
-70
-66
-25
6
65
92
114
98
79
84
57
49
10
-19
-22
-4
27
24
27
13
-1
-18
-4
0
21
34
33
37
40
16
0
-17
-24
-2
14
13
-2
-36
-65
-88
-125
-172
-203
-220
-248
-271
-295
-277
-252
-200
-136
-69
-22
23
52
104
153
181
171
115
78
46
41
8
-19
-64
-105
-102
-99
-84
-75
-94
-96
-113
-128
-113
-101
-73
-75
-55
-71
-68
-64
-80
-40
8
20
12
-28
-47
-60
-77
-102
-129
-144
-127
-114
-94
-82
-45
-3
66
130
170
166
174
153
154
144
135
121
85
60
33
22
2
-18
-18
-24
-3
14
42
47
26
-4
-16
-48
-52
-74
-86
-91
-93
-103
-115
-129
-141
-131
-127
-122
-111
-97
-68
-44
-34
-12
19
82
124
179
180
185
158
138
70
8
-67
-117
-122
-122
-139
-150
-159
-144
-130
-112
-56
8
87
159
179
177
166
140
113
95
65
14
-38
-108
-123
-127
-111
-99
-79
-65
-47
-23
5
37
62
88
119
163
173
181
160
108
59
-17
-74
-126
-175
-226
-244
-234
-199
-173
-168
-177
-157
-121
-58
3
69
119
166
182
195
166
147
120
86
61
21
-14
-43
-75
-78
-76
-55
-25
1
1
-6
-53
-97
-149
-205
-235
-269
-278
-272
-246
-221
-177
-125
-80
-5
58
119
174
194
215
211
205
187
154
115
78
50
24
11
0
-2
6
20
41
45
30
-3
-18
-25
8
33
48
42
29
0
-21
-26
-18
7
42
75
85
85
71
60
40
19
4
-13
-2
25
90
156
192
167
105
38
0
-9
-2
9
14
23
39
65
100
128
165
186
197
195
201
200
200
183
154
130
105
93
80
70
68
83
99
114
121
104
86
60
34
-28
-73
-114
-122
-109
-102
-107
-117
-130
-129
-103
-88
-62
-40
-16
8
33
55
60
58
53
53
82
87
67
5
-63
-120
-185
-232
-262
-287
-258
-224
-186
-160
-146
-147
-155
-156
-158
-152
-125
-96
-43
-23
12
43
48
36
19
1
-13
-55
-96
-134
-146
-105
-61
-10
1
-8
-25
-19
-6
14
18
14
13
-5
-12
-13
-6
-6
3
3
3
-13
-47
-68
-99
-139
-170
-216
-247
-277
-317
-348
-378
-389
-361
-335
-266
-185
-75
17
108
163
186
185
169
123
77
49
14
-9
-41
-74
-116
-128
-125
-110
-114
-158
-202
-249
-233
-178
-77
15
100
149
178
183
178
164
161
134
101
54
5
-42
-76
-79
-73
-70
-64
-68
-47
-49
-21
-3
28
52
73
93
96
87
69
35
2
-22
-70
-116
-167
-204
-226
-240
-256
-296
-328
-301
-245
-141
-26
78
168
235
266
260
237
203
190
157
127
85
22
-46
-95
-107
-102
-90
-100
-100
-120
-131
-131
-117
-92
-41
3
59
100
118
129
112
120
121
135
123
95
55
16
21
15
-3
-21
-32
-51
-37
-37
-17
-20
3
10
18
-1
-13
-22
-18
-6
4
12
17
25
15
-1
-26
-62
-121
-163
-186
-192
-192
-187
-199
-194
-172
-119
-70
-9
24
61
115
157
210
218
213
196
172
134
89
52
23
-2
-43
-83
-151
-197
-224
-216
-188
-142
-97
-72
-61
-52
-35
5
30
49
50
31
41
21
39
27
27
33
40
82
98
118
133
100
53
9
-28
-56
-72
-92
-73
-72
-38
0
42
85
102
91
72
54
24
16
-17
-51
-99
-127
-112
-99
-56
-58
-50
-75
-92
-104
-126
-114
-86
-49
-3
30
65
97
99
97
77
70
53
37
21
16
5
0
-16
-27
-24
-34
-43
-53
-54
-39
-23
9
27
51
76
79
79
79
74
71
11
-66
-140
-199
-205
-186
-150
-104
-68
-49
-40
-40
-47
-54
-51
-55
-49
-64
-71
-80
-70
-38
17
66
99
109
101
81
66
47
46
49
66
87
102
120
131
136
138
117
85
40
12
14
31
45
55
57
65
79
100
122
144
163
187
211
231
226
190
125
67
22
-1
-1
0
1
12
40
85
111
133
121
95
40
-6
-54
-63
-42
-5
33
41
51
38
14
19
3
12
16
23
0
-21
-62
-68
-84
-95
-120
-118
-143
-154
-168
-190
-170
-128
-84
-23
7
17
-1
-26
-78
-110
-146
-166
-194
-217
-243
-255
-238
-211
-182
-146
-106
-59
6
45
70
85
76
67
57
43
46
38
43
3
-12
-49
-68
-69
-57
-48
-36
-30
-40
-46
-69
-58
-13
30
48
50
46
25
18
-11
-23
-61
-95
-123
-161
-199
-245
-269
-269
-248
-208
-175
-195
-203
-197
-161
-85
1
69
147
175
177
161
151
144
129
89
60
25
-20
-52
-77
-81
-52
-48
-48
-47
-72
-82
-105
-115
-111
-95
-70
-30
1
-1
-7
-13
-19
-40
-35
-36
-43
-63
-78
-87
-80
-47
-35
-45
-45
-18
7
39
64
81
106
105
100
74
49
23
-20
-35
-65
-78
-105
-123
-122
-107
-91
-73
-64
-54
-52
-41
-14
11
27
40
9
-25
-68
-101
-110
-120
-119
-115
-81
-27
25
61
94
98
108
101
103
95
110
106
100
86
62
60
55
55
66
77
81
69
58
37
32
42
61
86
98
111
109
64
-1
-84
-125
-124
-109
-88
-69
-52
-39
-21
39
121
181
209
202
181
151
111
91
86
85
85
74
59
39
25
15
18
33
56
66
86
86
87
85
93
98
110
122
118
83
17
-43
-93
-115
-118
-108
-113
-126
-145
-161
-151
-125
-82
-13
59
134
194
195
180
159
135
123
99
72
42
25
21
19
17
12
6
-3
11
21
30
37
45
42
7
-44
-101
-128
-114
-90
-67
-40
-20
-11
-10
-15
-22
-36
-45
-66
-83
-103
-106
-93
-82
-57
-22
17
55
90
91
119
134
144
137
117
98
87
82
60
61
68
81
88
98
100
67
36
-28
-82
-105
-101
-86
-59
-40
-51
-70
-99
-127
-136
-133
-86
-34
24
67
95
120
129
138
138
126
96
78
58
26
22
-2
-4
-22
-44
-60
-78
-84
-100
-109
-155
-218
-286
-330
-348
-332
-311
-284
-251
-219
-154
-78
-15
21
30
33
14
3
-8
-18
-25
-23
-32
-29
-48
-63
-87
-110
-130
-136
-140
-137
-127
-106
-72
-37
-7
33
61
89
106
98
80
-1
-80
-160
-215
-254
-259
-260
-256
-251
-265
-265
-262
-228
-184
-97
-3
123
211
266
263
235
182
125
90
71
45
32
17
9
9
9
12
5
1
-3
-11
-29
-55
-87
-142
-218
-275
-319
-307
-283
-265
-256
-242
-233
-206
-154
-69
-8
39
53
90
123
147
162
173
183
181
170
137
118
100
92
86
74
66
59
48
32
18
0
-16
-26
-39
-40
-41
-43
-89
-149
-209
-250
-254
-253
-256
-249
-224
-180
-129
-68
-10
28
35
29
25
35
58
69
77
96
137
174
201
208
211
198
165
127
73
39
4
-22
-32
-58
-86
-145
-208
-245
-266
-255
-226
-195
-160
-133
-99
-66
-29
3
44
86
117
139
164
176
162
135
79
33
-18
-58
-103
-132
-142
-137
-111
-72
-28
-3
-2
-7
-11
7
40
32
-5
-76
-139
-150
-147
-120
-94
-62
-22
29
76
135
161
170
181
170
184
170
159
133
117
87
61
35
0
-37
-76
-96
-102
-105
-114
-132
-174
-223
-277
-317
-314
-282
-245
-212
-172
-124
-70
1
61
121
164
181
177
156
113
80
30
-7
-35
-49
-54
-52
-59
-50
-53
-51
-60
-66
-53
-49
-42
-63
-88
-95
-84
-41
-27
-48
-111
-170
-181
-166
-131
-97
-73
-20
42
95
137
166
174
193
186
183
168
138
93
51
27
5
-17
-42
-64
-79
-84
-99
-123
-157
-214
-266
-294
-305
-282
-252
-210
-168
-113
-56
-13
34
64
87
124
153
179
206
194
178
116
62
38
4
-12
-47
-60
-62
-51
-53
-41
-64
-73
-84
-82
-72
-58
-51
-57
-63
-65
-76
-118
-180
-230
-235
-197
-134
-85
-53
-35
-12
21
50
76
63
61
65
66
65
51
53
47
60
66
72
77
70
63
45
12
-1
-18
-41
-73
-132
-187
-222
-227
-214
-199
-178
-150
-109
-52
-6
52
75
100
99
97
96
65
42
-10
-45
-77
-118
-129
-151
-168
-182
-180
-167
-157
-129
-94
-44
-3
43
72
75
78
62
42
15
-4
-25
-51
-89
-97
-72
-13
39
92
122
137
154
158
141
132
110
86
84
71
70
70
83
83
86
92
108
104
92
68
46
49
57
52
27
-26
-68
-82
-71
-50
-26
-18
-5
13
34
44
56
62
65
44
29
6
-10
-20
-39
-45
-44
-37
-30
-29
-30
-44
-46
-56
-58
-63
-80
-106
-138
-160
-166
-154
-136
-146
-171
-220
-251
-240
-191
-141
-109
-90
-62
-22
32
71
107
113
101
71
32
7
-11
-31
-62
-90
-126
-155
-183
-203
-236
-233
-232
-207
-197
-204
-211
-226
-228
-211
-193
-161
-133
-108
-76
-35
22
79
118
143
159
150
139
129
93
70
27
-9
-53
-87
-114
-131
-137
-123
-97
-53
-13
21
34
34
38
50
67
60
41
-12
-63
-84
-79
-50
-26
-11
1
33
77
131
169
209
234
249
259
260
247
225
198
158
114
52
7
-45
-81
-116
-137
-134
-121
-128
-146
-190
-186
-191
-167
-137
-102
-59
-43
1
30
73
113
158
186
208
182
160
129
89
76
50
29
18
14
-3
-20
-31
-26
-11
3
12
12
-5
-43
-64
-88
-96
-86
-76
-87
-118
-146
-141
-102
-54
1
25
88
144
191
235
261
252
254
237
227
213
199
152
100
53
5
-41
-65
-116
-143
-165
-168
-163
-174
-196
-209
-198
-157
-124
-86
-63
-33
3
28
44
42
55
57
73
89
92
82
88
78
58
29
21
6
17
8
19
25
39
63
68
76
82
72
75
80
95
83
46
0
-46
-49
-40
-26
-9
4
37
73
110
148
190
233
258
265
244
216
173
131
85
45
6
-27
-57
-73
-78
-82
-91
-101
-111
-123
-122
-109
-86
-82
-99
-133
-164
-164
-148
-129
-111
-99
-80
-57
-16
15
43
53
66
67
73
69
72
61
65
52
51
51
63
52
35
39
51
44
5
-41
-84
-125
-152
-183
-191
-209
-249
-306
-347
-339
-290
-233
-192
-165
-137
-110
-68
-28
2
27
23
27
44
66
77
55
1
-38
-56
-64
-89
-126
-176
-200
-191
-174
-172
-190
-214
-228
-220
-196
-177
-155
-136
-123
-85
-26
61
151
210
255
280
259
223
177
145
122
80
35
-7
-47
-80
-110
-138
-164
-185
-195
-178
-140
-102
-70
-40
-12
0
23
40
44
13
-37
-87
-98
-81
-40
-14
4
26
48
76
103
115
127
120
137
125
111
98
77
68
51
58
44
9
-47
-102
-113
-103
-88
-121
-146
-181
-162
-130
-67
-27
26
38
62
61
54
66
83
86
97
49
41
-6
-28
-61
-83
-103
-125
-141
-157
-170
-153
-138
-101
-67
-20
11
22
23
2
-11
-7
20
25
9
-38
-82
-85
-72
-45
-19
3
9
33
48
53
58
59
70
75
78
71
59
66
69
60
55
46
35
22
7
4
-8
-40
-90
-123
-130
-105
-87
-92
-127
-177
-216
-209
-158
-84
-13
32
70
96
123
156
142
165
149
152
127
108
56
8
-46
-85
-131
-182
-190
-210
-210
-196
-177
-139
-78
-21
36
102
141
167
174
170
154
142
128
113
102
45
-33
-85
-103
-80
-49
-28
-14
1
12
30
48
62
78
84
106
101
117
132
144
152
137
102
38
-24
-61
-80
-67
-43
-45
-72
-109
-148
-144
-135
-122
-113
-99
-96
-82
-49
-33
0
28
53
58
58
32
-5
-43
-64
-87
-99
-118
-121
-132
-139
-151
-159
-154
-140
-122
-107
-96
-69
-35
-22
2
14
13
8
-36
-89
-120
-112
-79
-37
-3
23
57
84
117
136
167
182
186
178
170
123
114
71
47
13
6
-23
-52
-101
-137
-143
-128
-115
-123
-138
-160
-167
-157
-132
-97
-58
-20
15
50
102
152
195
236
260
244
228
184
142
90
53
16
6
-30
-35
-43
-44
-49
-57
-48
-35
-12
18
48
79
93
113
116
106
83
70
59
49
11
-34
-43
-43
-5
-1
10
23
37
75
95
98
99
96
75
87
86
86
94
74
59
31
-28
-101
-174
-222
-235
-205
-175
-162
-170
-187
-187
-175
-152
-134
-113
-79
-32
11
74
122
163
162
164
150
138
122
96
63
29
6
-20
-48
-69
-89
-91
-98
-90
-72
-39
-10
11
16
15
17
2
-24
-46
-60
-78
-116
-149
-176
-172
-153
-132
-112
-96
-69
-45
-26
-2
28
43
61
55
52
45
32
43
43
42
39
-13
-65
-105
-110
-84
-40
-18
-27
-58
-90
-119
-134
-136
-121
-93
-74
-44
-11
4
27
39
38
42
45
43
32
18
-1
-29
-34
-63
-90
-131
-174
-199
-222
-225
-211
-179
-133
-79
-32
6
41
70
76
77
93
117
118
80
27
-16
-29
-18
-3
9
21
41
54
76
104
151
206
278
348
362
353
295
221
164
101
65
38
8
-13
-51
-74
-70
-51
-41
-55
-85
-117
-140
-144
-145
-130
-113
-97
-87
-76
-51
-16
21
69
106
125
133
140
136
111
79
47
5
-30
-76
-107
-128
-143
-141
-131
-109
-76
-34
7
46
78
98
104
87
65
50
54
57
37
4
-22
-20
-9
1
9
16
32
53
69
73
69
69
61
65
73
66
46
18
3
-11
-12
-18
-26
-35
-38
-23
-3
1
-22
-72
-119
-151
-172
-176
-185
-173
-172
-158
-143
-87
-38
21
38
70
58
60
31
13
-12
-39
-67
-97
-116
-142
-173
-228
-280
-314
-303
-254
-166
-93
-49
-36
-34
-30
-11
2
12
22
30
35
44
59
72
78
74
71
70
70
69
63
67
71
81
77
82
84
78
65
46
26
8
-11
-14
-18
-22
-21
-43
-62
-83
-69
-31
10
25
-10
-56
-96
-105
-92
-79
-60
-50
-34
-10
26
57
91
129
150
151
142
137
140
117
95
64
32
1
-32
-73
-100
-112
-81
-32
9
14
-28
-75
-106
-110
-117
-110
-105
-95
-98
-90
-70
-45
-9
27
39
31
21
-18
-39
-57
-80
-101
-118
-143
-165
-181
-189
-185
-166
-135
-90
-39
17
73
113
153
179
174
152
112
126
130
132
87
44
15
20
48
63
56
61
62
86
92
101
127
136
139
135
108
77
75
55
45
31
14
-1
-20
-39
-50
-34
-12
8
-7
-30
-40
-47
-50
-71
-70
-75
-73
-68
-42
0
56
109
156
156
117
72
18
6
-29
-53
-71
-77
-91
-105
-111
-109
-99
-119
-155
-203
-239
-238
-204
-151
-110
-91
-105
-117
-116
-109
-97
-86
-66
-49
-27
-5
21
44
72
83
91
107
117
146
155
154
141
119
84
44
-4
-58
-92
-96
-84
-73
-81
-99
-109
-83
-43
-19
-28
-49
-66
-70
-60
-58
-48
-41
-31
-20
-16
-1
22
42
64
84
116
144
176
180
178
155
123
83
48
19
1
-10
-21
-26
-40
-50
-56
-60
-62
-60
-43
-22
5
43
83
112
112
87
39
14
25
56
66
42
-1
-33
-37
-27
-16
-19
-21
-16
-9
1
13
37
75
108
135
127
112
91
89
77
25
-37
-119
-172
-188
-187
-158
-113
-63
-11
16
40
59
53
36
-1
-35
-60
-52
-21
18
77
87
78
55
32
-7
-56
-127
-168
-197
-203
-200
-204
-205
-188
-172
-162
-156
-149
-138
-137
-119
-101
-73
-53
-25
0
19
29
34
47
64
46
12
-37
-82
-97
-112
-96
-29
50
112
134
121
91
76
36
15
-10
-29
-41
-64
-75
-77
-98
-99
-93
-79
-82
-73
-81
-70
-62
-50
-38
-30
-20
-8
9
49
82
116
144
159
165
167
172
179
175
144
105
77
60
77
56
12
-24
-36
-25
2
-4
-5
2
3
18
43
44
61
49
54
56
58
59
47
16
-12
-44
-85
-111
-113
-125
-126
-125
-122
-130
-130
-143
-146
-144
-143
-142
-143
-157
-165
-172
-174
-198
-231
-277
-304
-289
-232
-116
-28
52
99
122
119
98
69
41
27
-32
-81
-126
-165
-177
-170
-167
-152
-139
-130
-117
-111
-102
-90
-75
-68
-69
-69
-62
-40
-7
36
56
40
1
-38
-47
-43
-39
-37
-23
-1
38
100
159
200
206
197
179
138
120
73
59
11
-32
-84
-108
-142
-142
-132
-112
-100
-127
-165
-229
-245
-238
-191
-150
-141
-142
-172
-180
-172
-148
-130
-90
-52
12
62
99
117
130
148
156
162
182
164
156
127
66
24
-29
-44
-64
-69
-88
-89
-86
-95
-109
-117
-118
-105
-37
10
41
32
-3
-31
-52
-60
-48
-41
-32
-13
10
43
78
122
148
162
165
144
118
95
80
51
40
12
-19
-56
-79
-81
-80
-74
-96
-137
-196
-229
-221
-175
-118
-82
-94
-124
-168
-198
-213
-190
-145
-69
-2
74
147
205
230
223
199
170
145
123
79
43
5
-37
-73
-102
-119
-117
-102
-79
-57
-43
-34
-15
7
26
10
-2
-19
10
47
71
70
39
6
-21
-18
-16
-12
-15
-17
-4
13
41
73
91
115
113
101
86
83
61
42
23
1
-16
-37
-67
-80
-75
-59
-48
-73
-115
-159
-169
-150
-92
-67
-74
-117
-157
-180
-177
-141
-90
-11
58
122
141
160
149
125
88
53
30
9
-9
-18
-28
-30
-19
-7
7
11
24
15
-13
-54
-92
-107
-89
-43
16
48
43
17
-29
-55
-59
-62
-62
-67
-77
-55
-11
26
89
137
206
255
277
241
205
140
115
82
55
6
-31
-53
-67
-55
-107
