-166
-204
-209
-160
-56
50
105
76
-24
-204
-404
-559
-581
-429
-170
169
529
864
1136
1236
1185
1034
815
571
285
-2
-262
-437
-522
-542
-501
-437
-362
-300
-238
-151
-48
56
99
77
-4
-97
-214
-326
-331
-228
7
263
427
458
391
291
170
86
79
162
341
523
661
756
786
715
550
550
322
104
-79
-216
-299
-356
-396
-447
-477
-506
-484
-406
-292
-171
-77
-16
45
105
173
211
217
171
70
-46
-162
-147
-75
102
266
432
594
730
791
786
720
599
453
298
168
52
-42
-142
-237
-315
-382
-420
-422
-399
-358
-313
-279
-262
-273
-307
-291
-266
-214
-211
-242
-240
-183
-74
43
156
236
367
434
456
475
517
630
749
789
769
718
643
529
373
177
4
-120
-175
-195
-208
-223
-220
-179
-117
-64
-37
-68
-94
-107
-88
-62
-80
-176
-333
-508
-564
-479
-232
44
229
287
268
270
286
350
413
524
643
733
753
704
596
440
282
134
8
-96
-190
-262
-312
-350
-362
-364
-365
-368
-380
-405
-414
-384
-282
-103
108
299
411
450
414
337
220
91
-39
-49
20
184
383
585
750
846
833
708
518
282
60
-93
-191
-256
-318
-377
-400
-377
-320
-272
-259
-278
-305
-292
-232
-138
-59
-13
3
20
56
101
142
162
133
55
34
43
150
311
464
599
677
675
610
487
334
211
134
95
42
-39
-105
-147
-176
-191
-219
-232
-188
-128
-48
7
7
-50
-177
-314
-381
-324
-152
56
209
259
233
152
97
53
100
222
449
649
763
766
693
572
425
266
145
29
-99
-238
-372
-470
-527
-544
-515
-438
-346
-260
-201
-162
-150
-168
-212
-280
-324
-269
-132
83
279
411
460
447
357
257
186
210
284
419
535
671
802
920
1024
1090
1113
1051
949
777
595
396
213
54
-59
-149
-217
-277
-342
-388
-373
-230
24
340
625
798
876
854
766
641
517
437
435
508
582
638
660
703
786
874
935
949
909
807
676
521
374
245
134
56
-6
-31
-58
-72
-77
-61
-71
-136
-294
-507
-642
-644
-515
-326
-115
128
328
456
553
553
604
647
711
788
864
930
980
988
914
746
511
260
44
-105
-197
-269
-323
-384
-445
-496
-518
-504
-467
-426
-387
-361
-346
-342
-339
-355
-428
-498
-541
-494
-375
-252
-124
9
146
251
324
388
458
555
642
725
794
821
780
631
438
275
142
23
-99
-205
-248
-246
-231
-250
-334
-470
-635
-724
-702
-578
-423
-302
-235
-186
-128
-45
42
94
123
107
44
-61
-213
-346
-429
-362
-175
58
281
444
534
542
450
312
169
60
-29
-105
-170
-228
-281
-334
-394
-442
-468
-474
-456
-429
-409
-416
-438
-468
-465
-366
-208
21
218
345
367
293
220
234
264
337
388
460
522
571
604
664
736
801
787
684
479
210
-58
-277
-415
-502
-587
-703
-821
-890
-828
-623
-332
-77
59
84
52
10
-24
-49
-70
-117
-164
-197
-208
-164
-117
-99
-120
-186
-253
-312
-317
-237
-64
160
365
494
532
521
437
263
40
-130
-221
-206
-182
-151
-81
9
100
131
105
30
-48
-120
-99
0
174
352
513
623
719
760
748
688
593
481
358
233
118
24
-69
-162
-252
-324
-366
-384
-398
-409
-389
-353
-320
-322
-357
-381
-373
-327
-298
-251
-199
-109
-13
28
-4
-82
-133
-105
-7
113
218
293
348
370
340
279
213
156
124
108
110
90
57
1
-81
-180
-279
-350
-381
-388
-378
-369
-363
-360
-375
-430
-537
-687
-763
-693
-485
-197
34
239
421
591
734
822
844
779
686
578
505
444
398
349
306
273
245
213
136
42
-102
-239
-351
-407
-405
-380
-351
-313
-252
-170
-99
-42
-23
-33
-54
-65
-64
-100
-210
-415
-624
-748
-718
-557
-354
-148
53
196
279
271
252
254
343
495
691
852
905
832
643
434
230
92
-9
-73
-135
-193
-259
-320
-371
-403
-433
-445
-465
-454
-409
-331
-242
-154
-85
-25
6
2
-38
-159
-302
-442
-479
-419
-324
-280
-283
-279
-194
35
323
641
903
1063
1114
1019
816
602
406
250
110
-11
-135
-228
-316
-387
-442
-435
-395
-315
-225
-169
-124
-111
-112
-118
-116
-102
-76
-43
-40
-68
-180
-328
-445
-450
-330
-119
61
178
204
169
132
155
172
230
275
343
414
484
539
612
661
660
589
464
325
173
25
-92
-202
-294
-364
-421
-422
-402
-362
-315
-216
-78
97
292
460
583
654
631
521
349
155
-21
-158
-258
-325
-348
-336
-297
-245
-197
-167
-168
-197
-225
-199
-128
-35
17
22
-14
-59
-82
-98
-89
-64
-52
-64
-122
-200
-224
-149
9
193
380
544
718
838
852
769
636
507
397
262
80
-127
-306
-409
-435
-406
-356
-292
-228
-181
-146
-120
-94
-70
-40
-10
0
-4
-23
-39
-32
-9
22
50
83
122
176
250
317
375
419
457
479
455
385
298
235
213
196
178
153
108
53
-23
-102
-164
-181
-166
-135
-130
-165
-240
-346
-477
-599
-663
-609
-432
-160
91
326
465
523
503
459
424
438
458
479
505
537
615
706
798
840
826
750
655
521
372
195
-17
-220
-407
-532
-588
-565
-512
-455
-407
-360
-305
-247
-187
-146
-119
-146
-224
-329
-377
-301
-127
58
206
273
281
233
222
244
354
499
671
844
969
997
940
799
621
430
258
121
-16
-136
-248
-340
-415
-458
-475
-463
-440
-415
-406
-376
-313
-233
-141
-65
-15
-14
-70
-189
-368
-504
-530
-424
-239
16
250
474
682
844
992
1100
1112
1072
946
754
543
358
204
70
-56
-155
-213
-253
-295
-363
-423
-446
-418
-342
-253
-189
-133
-108
-93
-96
-92
-77
-44
-5
33
9
-48
-177
-316
-401
-399
-261
-71
107
206
207
136
127
154
285
450
602
733
806
842
861
834
790
757
718
663
512
318
64
-172
-400
-568
-655
-664
-618
-518
-408
-322
-254
-226
-232
-249
-246
-214
-158
-151
-169
-213
-185
-101
18
138
220
264
268
243
210
156
120
69
14
-39
-47
-22
40
65
45
-40
-159
-308
-418
-421
-283
-26
270
507
650
666
577
415
251
140
93
110
138
132
100
41
-27
-75
-67
-13
70
116
92
-31
-188
-277
-307
-259
-184
-109
14
202
471
788
1071
1235
1230
1087
875
652
448
280
133
24
-46
-93
-138
-184
-218
-237
-245
-258
-264
-260
-234
-192
-140
-83
-30
-1
14
4
3
9
18
22
-23
-120
-263
-409
-496
-460
-310
-56
173
309
342
301
293
306
349
430
505
603
705
771
821
823
792
706
596
485
397
328
266
143
-40
-248
-422
-510
-525
-498
-443
-372
-297
-214
-138
-79
-57
-78
-140
-285
-471
-615
-666
-534
-308
-42
204
380
474
499
485
439
371
277
215
187
204
251
309
366
400
397
345
263
157
51
-81
-205
-319
-328
-265
-115
35
160
230
286
330
364
339
270
173
126
92
51
-8
-61
-103
-130
-183
-250
-286
-278
-200
-102
12
136
283
398
496
576
611
621
655
669
710
676
579
436
265
103
-29
-126
-192
-233
-246
-258
-275
-307
-334
-348
-343
-336
-315
-278
-236
-192
-159
-128
-115
-104
-104
-104
-104
-100
-92
-89
-84
-73
-63
-45
-57
-96
-171
-267
-370
-414
-359
-199
5
177
244
241
181
136
165
186
237
265
312
374
440
497
589
713
824
885
840
716
553
372
174
-42
-266
-435
-534
-546
-492
-405
-311
-232
-185
-146
-108
-75
-81
-81
-65
-31
48
158
248
317
323
273
196
87
-2
-58
-57
-23
-2
-7
18
57
121
147
130
111
104
114
110
71
58
71
147
279
420
534
581
559
504
404
284
146
31
-74
-140
-201
-225
-202
-128
-10
73
103
66
18
10
23
69
68
-9
-185
-339
-380
-131
270
731
1085
1292
1367
1340
1238
1071
869
612
378
176
20
-86
-190
-284
-400
-472
-520
-462
-329
-188
-58
0
45
84
104
115
119
108
74
23
-35
-87
-123
-169
-205
-228
-242
-234
-218
-228
-246
-272
-283
-213
-88
71
222
293
268
207
161
163
210
283
340
370
303
136
-62
-243
-343
-357
-328
-263
-123
104
353
579
704
731
678
561
434
302
175
55
-43
-136
-216
-302
-345
-371
-381
-364
-346
-325
-325
-332
-346
-358
-375
-405
-447
-485
-550
-553
-474
-336
-140
5
126
196
214
173
108
45
19
67
138
258
345
411
479
566
676
752
735
632
478
299
108
-86
-276
-431
-539
-593
-621
-619
-611
-574
-531
-489
-451
-412
-362
-303
-245
-175
-127
-108
-153
-282
-433
-503
-438
-235
-20
157
251
292
281
222
128
42
-15
-66
-117
-192
-252
-308
-244
-107
148
404
577
677
674
599
446
258
63
-72
-150
-190
-213
-200
-178
-129
-81
-78
-65
-58
-36
-10
16
41
55
15
-77
-246
-413
-505
-427
-172
201
578
889
1081
1165
1160
1058
882
632
383
171
-4
-133
-230
-292
-326
-361
-375
-363
-336
-278
-249
-218
-210
-197
-182
-154
-125
-97
-74
-55
-51
-51
-48
-51
-55
-69
-85
-95
-102
-96
-112
-150
-216
-304
-325
-285
-175
-55
81
212
357
537
722
936
1090
1147
1084
966
786
582
377
221
125
70
27
-25
-91
-149
-182
-183
-153
-118
-85
-60
-45
-29
-12
13
29
36
37
37
44
39
49
69
105
146
153
130
2
-157
-293
-308
-195
-39
98
180
212
162
18
-95
-104
68
371
687
909
1013
986
891
786
648
498
333
148
-21
-175
-298
-391
-457
-479
-468
-415
-330
-241
-154
-80
-36
-12
-28
-73
-144
-187
-208
-200
-214
-274
-330
-356
-281
-107
160
457
746
982
1096
1076
939
732
489
270
97
-2
-43
-60
-58
-55
-68
-110
-183
-267
-329
-367
-365
-337
-300
-261
-221
-200
-179
-180
-169
-167
-179
-195
-203
-179
-137
-88
-46
-9
7
35
78
146
237
322
357
321
176
-43
-249
-337
-283
-99
110
259
348
390
458
475
473
475
525
630
768
802
770
661
531
440
351
264
168
53
-82
-202
-267
-245
-171
-75
-1
49
82
103
121
127
97
68
37
20
-19
-112
-216
-323
-387
-434
-468
-477
-424
-268
-47
184
370
490
591
651
691
660
582
493
408
346
286
205
126
56
3
-33
-51
-73
-75
-88
-101
-129
-155
-190
-213
-218
-210
-181
-174
-188
-222
-260
-273
-254
-222
-182
-149
-129
-147
-196
-311
-427
-506
-447
-307
-76
164
436
667
845
912
930
904
867
786
668
544
463
418
401
400
431
468
501
469
362
177
-9
-166
-269
-315
-342
-360
-374
-371
-366
-346
-316
-291
-274
-281
-311
-367
-446
-483
-440
-310
-114
63
196
283
308
289
229
158
89
24
-72
-127
-82
63
243
403
511
595
649
655
628
574
505
426
325
204
32
-108
-214
-259
-277
-297
-310
-306
-291
-261
-232
-204
-196
-206
-211
-206
-214
-270
-357
-407
-363
-218
-57
82
163
182
152
112
128
209
297
366
396
459
565
668
751
800
793
748
633
464
246
34
-145
-245
-280
-307
-332
-353
-366
-375
-371
-363
-334
-303
-274
-264
-292
-370
-476
-584
-641
-600
-464
-267
-75
62
202
343
501
642
734
750
698
628
584
570
633
696
747
749
636
454
249
31
-148
-292
-405
-485
-515
-515
-488
-453
-402
-348
-278
-214
-155
-109
-78
-53
-54
-83
-150
-249
-348
-382
-312
-139
93
288
413
418
351
225
128
74
72
116
187
238
332
427
542
647
705
721
689
596
455
306
170
59
-10
-61
-115
-166
-234
-309
-387
-443
-477
-460
-412
-340
-262
-219
-214
-243
-287
-303
-254
-149
10
183
334
461
504
452
310
133
-10
-51
-55
34
161
339
535
728
874
974
989
929
787
584
353
124
-64
-200
-283
-321
-349
-372
-400
-426
-429
-403
-350
-286
-231
-195
-192
-234
-330
-420
-459
-418
-309
-197
-85
29
112
141
117
87
156
240
354
425
468
527
575
590
593
579
577
588
571
521
408
249
70
-99
-242
-356
-446
-507
-556
-632
-749
-779
-677
-379
-1
336
613
802
901
925
863
752
597
424
266
131
14
-69
-108
-98
-77
-71
-99
-165
-218
-251
-237
-210
-189
-181
-192
-202
-221
-234
-249
-260
-271
-285
-299
-300
-300
-306
-272
-187
-30
149
271
334
331
254
157
46
13
10
69
152
261
383
459
481
490
498
539
598
636
601
490
344
187
45
-106
-253
-390
-485
-525
-501
-448
-397
-356
-339
-328
-314
-309
-292
-278
-299
-302
-275
-184
-50
44
56
-14
-133
-232
-264
-173
4
220
402
498
487
413
257
56
-144
-261
-295
-141
123
463
764
927
938
836
680
507
355
215
87
-32
-140
-225
-289
-335
-367
-397
-415
-433
-407
-350
-272
-207
-165
-150
-144
-165
-209
-281
-378
-437
-453
-400
-322
-228
-62
182
509
858
1133
1295
1299
1173
973
738
484
279
132
46
-7
-63
-139
-227
-281
-304
-287
-264
-268
-271
-275
-265
-240
-201
-163
-132
-100
-88
-85
-108
-157
-229
-330
-410
-412
-312
-120
90
267
380
425
385
290
178
89
59
108
240
433
601
685
719
719
680
603
476
377
296
227
118
-62
-190
-240
-192
-79
-30
-27
-62
-114
-129
-135
-149
-164
-195
-206
-235
-258
-277
-260
-183
-65
91
242
374
486
517
507
464
425
385
309
168
-11
-197
-350
-423
-376
-176
106
390
553
566
491
376
274
178
100
63
73
88
85
50
-33
-130
-260
-315
-309
-205
-35
142
293
396
445
496
511
486
392
264
110
-6
-87
-144
-199
-261
-311
-336
-358
-367
-401
-448
-493
-501
-444
-336
-205
-88
56
212
363
496
592
647
689
700
668
609
538
494
498
530
547
515
443
299
116
-81
-261
-360
-399
-385
-345
-285
-260
-260
-277
-289
-288
-262
-219
-140
-51
29
59
25
-80
-224
-322
-327
-221
-62
77
132
106
96
104
167
235
311
393
489
608
722
831
867
812
692
520
334
156
6
-102
-186
-287
-418
-562
-591
-493
-294
-106
13
70
101
102
94
93
134
171
183
143
50
29
100
259
467
623
709
725
669
573
414
238
50
-169
-370
-496
-509
-422
-292
-152
-46
42
99
121
123
97
71
41
-13
-67
-105
-101
-79
-90
-158
-247
-287
-259
-144
22
222
404
525
535
455
341
252
220
259
317
361
348
296
209
119
29
-55
-151
-242
-329
-397
-427
-444
-431
-385
-274
-140
10
132
198
222
218
225
224
195
133
51
-60
-219
-346
-389
-278
-17
232
415
489
439
333
204
92
17
-38
-85
-110
-117
-160
-221
-259
-240
-103
93
308
500
661
740
729
625
433
215
9
-175
-312
-413
-472
-498
-499
-490
-487
-488
-497
-479
-395
-227
-10
198
365
453
463
420
353
259
163
84
71
138
263
387
468
500
487
494
512
522
498
450
387
318
229
138
3
-113
-209
-275
-308
-335
-350
-341
-338
-362
-438
-536
-586
-530
-353
-123
100
251
312
293
263
271
343
437
489
522
551
601
663
713
720
674
579
450
317
181
30
-128
-256
-322
-354
-370
-411
-443
-494
-507
-505
-482
-453
-434
-433
-443
-468
-519
-531
-490
-366
-172
51
247
401
451
434
351
286
274
330
404
507
673
867
1046
1129
1078
937
723
477
235
6
-183
-355
-473
-544
-546
-511
-472
-435
-417
-384
-347
-305
-266
-242
-245
-273
-325
-398
-442
-412
-277
-56
180
350
446
455
418
322
206
124
82
142
253
436
636
785
860
836
746
586
392
207
84
13
-44
-103
-212
-316
-400
-464
-517
-547
-526
-440
-339
-303
-351
-483
-609
-611
-475
-224
15
225
405
548
674
747
761
720
640
536
422
328
257
213
175
127
73
15
-47
-114
-166
-202
-226
-254
-279
-305
-326
-336
-306
-256
-187
-138
-118
-130
-181
-257
-342
-457
-594
-725
-814
-790
-635
-338
80
545
950
1182
1284
1246
1135
953
711
489
302
155
51
-6
-20
3
28
39
15
-32
-81
-118
-129
-126
-127
-137
-142
-139
-130
-112
-93
-101
-125
-183
-251
-334
-409
-449
-448
-380
-256
-108
47
169
190
114
2
-127
-114
62
377
727
963
1028
984
876
740
613
498
365
242
86
-60
-169
-234
-250
-231
-195
-169
-136
-116
-94
-78
-63
-50
-55
-54
-56
-34
-5
14
-15
-112
-226
-324
-323
-209
-29
157
292
341
309
209
94
-14
-33
-74
-57
3
155
411
625
789
856
810
678
494
296
120
-36
-183
-293
-359
-366
-355
-347
-392
-440
-475
-422
-319
-181
-38
120
271
372
391
320
190
46
-85
-168
-171
-80
104
334
544
693
747
704
599
452
297
144
0
-108
-180
-247
-303
-380
-476
-590
-620
-582
-428
-231
-22
157
283
327
283
186
27
-111
-192
-187
-69
95
308
535
736
875
889
803
632
432
243
72
-71
-163
-220
-240
-267
-313
-388
-465
-526
-499
-405
-245
-56
143
341
495
568
552
447
286
133
13
-60
-123
-179
-163
-91
53
204
323
421
491
544
558
525
397
231
57
-103
-234
-348
-417
-454
-461
-469
-508
-579
-613
-593
-501
-363
-240
-130
-37
24
67
80
89
92
82
79
128
248
415
565
637
647
621
565
495
407
307
236
199
179
158
108
29
-69
-161
-224
-263
-322
-444
-509
-528
-430
-269
-106
46
158
219
218
157
36
-115
-247
-292
-257
-122
83
337
540
694
774
813
828
769
637
459
257
68
-87
-201
-294
-400
-460
-476
-371
-186
2
150
235
259
236
174
97
15
-56
-147
-248
-391
-490
-470
-324
-24
293
542
711
770
745
646
491
348
257
208
165
85
-33
-163
-279
-348
-394
-410
-400
-347
-267
-180
-115
-90
-79
-54
-12
54
107
74
4
-92
-141
-53
156
436
676
779
774
686
560
388
226
79
19
19
38
55
58
53
48
37
11
-28
-71
-118
-157
-172
-174
-158
-141
-140
-161
-199
-221
-181
-104
-23
0
-31
-88
-141
-178
-202
-224
-243
-253
-263
-256
-231
-191
-126
-27
124
298
460
605
725
807
821
768
693
611
559
531
504
462
393
270
133
-16
-154
-257
-337
-389
-418
-414
-396
-385
-409
-460
-436
-346
-206
-44
88
203
272
276
226
126
27
-36
-24
49
150
248
292
321
298
266
271
344
461
572
613
583
509
395
258
96
-58
-166
-221
-209
-179
-146
-146
-193
-278
-377
-447
-429
-308
-133
72
244
372
440
464
476
496
530
580
628
633
587
481
336
191
64
-30
-105
-179
-252
-316
-352
-380
-363
-322
-248
-189
-158
-127
-91
-48
-6
17
20
-3
-55
-125
-196
-257
-298
-282
-182
-14
197
379
474
497
463
418
356
293
196
91
-11
-72
-115
-132
-143
-146
-128
-108
-126
-138
-151
-122
-110
-118
-156
-186
-155
-57
166
429
690
879
960
944
840
668
487
316
172
51
-61
-146
-205
-252
-270
-278
-236
-159
-62
38
96
91
58
37
26
3
-35
-65
-60
-32
-16
-17
-52
-95
-168
-239
-275
-246
-191
-142
-127
-96
-27
82
242
408
563
681
718
673
567
402
268
157
88
38
-24
-92
-172
-242
-256
-226
-156
-138
-173
-282
-371
-403
-335
-211
-76
-7
11
67
218
465
739
940
1001
937
771
550
316
92
-81
-181
-238
-241
-243
-236
-252
-251
-215
-149
-92
-71
-94
-149
-218
-274
-327
-366
-405
-389
-322
-158
46
221
350
412
413
382
304
221
158
122
89
33
-78
-235
-356
-365
-208
89
418
680
804
802
711
558
385
237
132
58
-15
-134
-266
-400
-487
-532
-526
-501
-487
-462
-426
-304
-132
44
205
298
338
354
325
298
300
307
300
213
69
-93
-158
-127
3
172
307
408
472
484
451
374
252
115
-32
-172
-267
-331
-364
-352
-332
-327
-376
-413
-383
-245
-18
181
326
383
377
334
251
183
105
41
-51
-170
-217
-179
-18
193
381
545
677
778
834
820
738
598
448
297
202
109
4
-139
-347
-551
-711
-794
-808
-773
-694
-592
-484
-409
-311
-125
126
392
519
551
494
396
309
256
246
263
272
268
254
245
223
187
159
175
235
287
318
276
207
116
15
-68
-147
-213
-261
-278
-274
-260
-239
-228
-229
-245
-267
-313
-355
-429
-470
-462
-343
-139
83
258
322
283
169
29
-44
-56
47
244
470
676
778
850
901
919
885
748
578
403
255
127
8
-94
-199
-273
-321
-327
-305
-273
-252
-229
-200
-162
-130
-111
-97
-98
-122
-156
-162
-119
-37
52
117
156
161
151
136
127
114
108
99
96
46
-4
-53
-72
-92
-88
-68
-9
104
235
373
501
602
670
675
586
409
174
-70
-299
-402
-414
-290
-133
25
147
233
292
328
311
251
160
69
-2
-82
-165
-261
-379
-455
-430
-247
40
340
549
662
658
595
443
236
20
-188
-346
-439
-440
-365
-261
-238
-237
-287
-256
-164
-73
57
184
308
396
418
374
291
205
123
57
29
27
50
63
24
-22
-99
-190
-221
-227
-127
35
224
386
483
486
409
286
140
25
-68
-153
-245
-368
-486
-591
-688
-713
-651
-491
-261
-50
85
148
160
157
183
227
356
544
773
976
1092
1118
1041
873
672
460
287
144
21
-110
-222
-331
-411
-449
-429
-354
-269
-211
-202
-214
-259
-317
-398
-408
-342
-168
39
226
348
397
374
314
226
139
66
20
-6
-31
-49
-40
3
70
158
248
361
477
558
605
634
642
613
527
389
186
10
-165
-333
-474
-575
-554
-423
-246
-69
65
133
140
122
110
141
191
245
264
246
216
207
201
193
153
119
134
201
292
345
345
277
173
65
-44
-154
-250
-291
-257
-184
-99
-33
-20
-45
-90
-130
-155
-165
-156
-137
-114
-115
-110
-117
-143
-215
-362
-513
-544
-427
-146
177
492
740
916
989
977
886
742
563
412
315
260
234
207
183
154
118
83
31
-14
-67
-131
-180
-214
-256
-281
-315
-343
-328
-265
-160
-51
15
27
-1
-48
-102
-157
-198
-220
-209
-168
-140
-112
-110
-110
-140
-201
-216
-169
-31
139
264
321
331
346
360
402
430
416
368
313
51
