401
577
667
669
604
488
356
223
97
-20
-128
-200
-233
-239
-229
-216
-203
-190
-179
-176
-200
-239
-275
-278
-222
-133
-37
21
12
-73
-183
-269
-283
-218
-77
95
268
408
499
531
500
377
204
8
-144
-245
-321
-337
-333
-282
-202
-102
-14
49
64
43
28
15
32
58
93
126
125
81
14
-33
-55
-65
-80
-123
-155
-164
-125
-48
23
85
131
163
163
163
163
137
107
68
24
1
10
37
75
129
179
216
213
175
113
52
4
-36
-62
-60
-56
-71
-116
-197
-267
-339
-396
-446
-425
-366
-240
-87
56
185
262
245
190
192
261
410
534
603
627
590
507
397
289
196
109
30
-28
-79
-109
-127
-154
-166
-191
-218
-255
-317
-383
-434
-458
-426
-335
-250
-189
-197
-235
-249
-218
-184
-135
-140
-117
33
220
447
581
636
672
660
607
512
383
254
136
37
-47
-131
-206
-255
-266
-258
-239
-232
-228
-210
-168
-116
-80
-80
-114
-143
-155
-136
-106
-110
-176
-265
-357
-395
-405
-411
-412
-311
-116
168
440
615
703
709
647
550
445
324
209
92
-3
-67
-106
-128
-126
-96
-53
-18
-10
-39
-80
-118
-147
-166
-191
-231
-261
-252
-218
-202
-239
-329
-389
-407
-409
-386
-225
13
318
537
649
699
693
630
540
431
327
216
113
32
-16
-35
-51
-77
-121
-172
-222
-273
-280
-275
-253
-227
-200
-152
-94
-60
-69
-147
-282
-382
-328
-166
98
355
535
629
619
535
443
380
322
255
157
53
-45
-104
-110
-106
-86
-90
-121
-166
-213
-244
-228
-188
-130
-112
-118
-151
-195
-195
-196
-183
-196
-248
-319
-366
-319
-198
-4
201
382
502
528
465
370
260
169
77
-6
-76
-130
-151
-155
-154
-145
-136
-137
-145
-151
-141
-114
-74
-71
-101
-145
-202
-247
-274
-288
-302
-298
-300
-307
-298
-313
-318
-319
-296
-241
-182
-135
-142
-261
-187
-72
222
471
622
669
642
532
381
215
82
-7
-45
-63
-101
-162
-248
-312
-360
-358
-352
-337
-331
-361
-410
-486
-538
-522
-499
-432
-339
-218
-107
-47
8
125
295
470
559
593
579
512
427
309
182
64
-8
-57
-94
-148
-211
-282
-334
-374
-378
-322
-232
-146
-108
-132
-168
-183
-183
-249
-315
-367
-386
-303
-251
-187
-63
145
398
654
789
838
801
697
539
363
198
56
-49
-124
-186
-234
-289
-340
-368
-366
-327
-265
-205
-168
-140
-119
-84
-26
47
88
87
34
-45
-145
-261
-348
-321
-238
-68
87
236
386
493
496
437
337
251
201
142
77
3
-61
-118
-195
-259
-300
-296
-269
-241
-225
-201
-155
-93
-52
-39
-61
-92
-116
-143
-153
-170
-181
-195
-187
-176
-148
-101
-72
-133
-154
-166
-89
39
161
315
465
571
618
618
593
542
472
390
300
215
140
84
48
41
52
75
73
35
-25
-90
-138
-126
-92
-66
-70
-116
-145
-167
-190
-206
-187
-134
-52
32
68
52
-82
-116
-25
239
530
707
764
745
675
570
448
308
171
16
-95
-190
-252
-303
-355
-393
-387
-365
-289
-189
-137
-126
-163
-207
-214
-186
-174
-148
-99
-24
47
42
-11
-16
38
165
268
341
388
431
447
451
419
356
273
179
83
-28
-138
-201
-231
-245
-239
-218
-193
-179
-181
-190
-195
-179
-162
-144
-107
-66
4
70
97
111
138
180
237
251
268
301
356
417
457
462
416
313
205
105
32
-22
-74
-125
-184
-211
-224
-212
-194
-157
-120
-108
-125
-159
-169
-153
-139
-138
-155
-173
-182
-186
-166
-134
-66
3
61
56
40
60
116
200
276
334
428
489
512
487
423
353
291
240
186
108
9
-113
-241
-339
-397
-415
-368
-306
-248
-228
-276
-330
-367
-353
-303
-205
-77
68
168
174
156
185
286
459
582
634
596
491
373
267
182
121
61
-10
-79
-120
-133
-114
-103
-99
-99
-111
-137
-202
-267
-323
-317
-263
-183
-133
-141
-161
-172
-130
-62
-43
-69
-126
-115
2
181
367
496
584
603
566
473
363
248
145
65
5
-49
-98
-167
-227
-275
-285
-265
-219
-174
-136
-116
-108
-96
-109
-117
-162
-203
-257
-304
-327
-319
-264
-196
-165
-137
-93
-25
60
165
284
445
556
600
587
553
498
374
208
15
-136
-212
-233
-220
-196
-171
-155
-137
-137
-149
-160
-172
-175
-171
-151
-141
-108
-97
-62
-26
1
15
8
-10
-33
-54
-70
-104
-122
-161
-169
-164
-150
-124
-126
-152
-202
-239
-235
-216
-181
-26
188
454
608
661
627
548
437
303
169
52
-39
-104
-161
-224
-296
-361
-397
-400
-376
-338
-305
-271
-238
-198
-178
-200
-223
-170
-90
42
137
222
310
354
356
327
286
250
212
183
150
115
85
51
-2
-59
-116
-167
-195
-175
-171
-176
-245
-337
-365
-307
-191
-93
-26
17
70
82
55
42
73
233
413
568
660
693
697
663
579
466
346
217
105
3
-95
-178
-254
-315
-354
-370
-370
-345
-322
-290
-261
-234
-211
-203
-215
-226
-239
-243
-237
-247
-231
-235
-219
-191
-153
-122
-66
82
264
470
571
599
604
574
517
429
321
214
113
36
-13
-64
-129
-197
-260
-270
-220
-141
-75
-59
-107
-151
-179
-193
-201
-201
-190
-180
-196
-211
-216
-163
-62
28
47
68
120
243
374
399
373
332
299
260
198
133
78
44
9
-27
-74
-105
-106
-70
-25
-5
-25
-86
-167
-226
-272
-293
-302
-309
-316
-274
-253
-209
-174
-129
-94
-100
-53
87
251
421
486
484
496
448
374
270
144
37
-43
-93
-127
-161
-183
-195
-220
-226
-231
-220
-187
-134
-67
-21
-1
-21
-67
-140
-256
-351
-401
-409
-397
-386
-351
-269
-121
42
232
410
549
611
607
571
516
437
295
139
-21
-130
-209
-253
-268
-264
-240
-206
-192
-174
-179
-166
-136
-100
-62
-21
-5
33
62
100
114
92
47
0
-19
-24
-14
-5
8
-11
-51
-115
-182
-214
-222
-203
-168
-126
-63
-31
-114
-291
-344
-254
50
348
528
598
557
457
323
181
41
-84
-183
-254
-301
-323
-323
-300
-264
-214
-162
-140
-146
-176
-200
-217
-238
-246
-244
-223
-164
-126
-84
-77
-95
-113
-114
-115
-132
-149
-130
-78
-9
38
86
165
257
352
397
402
358
272
169
98
77
88
86
63
9
-38
-71
-90
-97
-95
-77
-80
-97
-114
-120
-72
-5
33
-2
-88
-204
-286
-338
-310
-247
-187
-160
-160
-138
-97
4
129
284
422
517
567
571
528
442
336
234
142
68
-9
-64
-107
-114
-102
-65
-17
34
66
89
99
115
116
118
122
115
107
103
134
167
200
204
200
184
146
104
56
-15
-83
-126
-116
-87
-65
-83
-98
-80
-31
40
86
86
0
-54
-26
109
332
533
685
772
776
715
616
489
348
210
84
-13
-66
-81
-69
-51
-54
-113
-213
-338
-414
-439
-420
-372
-331
-289
-266
-241
-204
-185
-186
-205
-211
-191
-135
-54
42
111
148
208
287
403
486
513
509
485
452
405
350
265
151
14
-141
-266
-355
-363
-323
-290
-249
-243
-253
-268
-247
-209
-136
-111
-116
-130
-139
-106
-89
-52
2
78
127
106
50
47
81
169
236
289
348
384
382
332
245
139
17
-86
-158
-186
-203
-215
-246
-284
-321
-341
-356
-354
-323
-275
-223
-184
-146
-122
-93
-85
-72
-62
-45
-26
-13
-16
-11
-20
-22
-30
-38
-37
-23
9
50
79
101
101
104
74
43
-1
-52
-107
-147
-145
-117
-71
-48
-50
-85
-148
-223
-254
-224
-185
-45
123
365
587
718
780
787
720
613
475
341
235
163
92
35
-17
-63
-96
-90
-46
3
58
81
55
3
-55
-141
-213
-260
-270
-246
-231
-203
-167
-76
4
48
53
55
77
134
184
228
282
326
364
376
371
338
286
229
167
120
84
40
-2
-60
-106
-161
-187
-189
-154
-103
-76
-57
-77
-90
-106
-107
-88
-92
-80
-66
-36
24
66
98
92
76
79
76
75
76
100
183
260
328
308
283
229
181
145
89
15
-78
-147
-209
-230
-215
-214
-177
-165
-140
-111
-113
-103
-87
-57
-40
-12
3
20
26
-8
-59
-98
-146
-172
-191
-184
-114
-32
69
166
203
182
105
21
4
9
22
50
36
36
-24
-69
-108
-105
-94
-125
-158
-188
-204
-184
-121
-53
6
27
7
-18
-45
-74
-80
-77
-81
-75
-76
-85
-99
-144
-165
-185
-179
-150
-126
-110
-114
-127
-147
-172
-193
-208
-197
-161
-116
-61
-15
-5
5
1
-4
-16
-33
-58
-102
-147
-186
-192
-179
-157
-141
-142
-172
-232
-302
-320
-274
-227
-189
-82
40
228
349
409
442
437
401
326
227
133
51
-18
-80
-119
-135
-135
-146
-169
-205
-220
-208
-179
-121
-90
-65
-75
-86
-93
-71
-10
61
69
32
-51
-108
-140
-155
-173
-198
-197
-159
-65
41
136
207
252
252
219
144
59
-20
-64
-96
-106
-115
-115
-119
-134
-153
-184
-182
-180
-147
-121
-94
-73
-53
-64
-100
-118
-106
-44
14
33
35
15
16
13
38
87
150
206
231
236
239
232
212
175
122
66
-3
-65
-107
-141
-144
-177
-208
-239
-257
-250
-224
-199
-162
-118
-64
-13
39
87
132
173
193
205
204
162
106
65
66
114
183
246
265
249
177
102
4
-96
-143
-151
-138
-131
-227
-269
-240
-117
90
282
462
587
640
617
549
475
407
346
282
208
123
50
-18
-70
-110
-137
-151
-155
-149
-147
-148
-153
-169
-184
-196
-211
-198
-169
-102
-45
22
47
49
5
-52
-114
-117
-136
-173
-295
-427
-475
-387
-207
1
167
304
419
506
557
538
474
367
243
126
30
-47
-110
-159
-197
-234
-257
-269
-277
-275
-274
-271
-265
-256
-243
-207
-153
-87
-29
18
55
105
142
162
124
-2
-130
-180
-107
44
192
299
385
445
457
402
282
133
0
-70
-88
-54
-43
-35
-46
-54
-59
-61
-59
-52
-48
-36
-43
-53
-88
-113
-145
-176
-209
-234
-230
-208
-183
-163
-168
-189
-182
-174
-157
-141
-123
-67
33
140
237
310
363
392
414
401
313
205
75
-19
-73
-94
-105
-125
-135
-147
-188
-235
-271
-264
-211
-177
-144
-122
-87
-45
-17
3
0
-30
-63
-99
-112
-114
-113
-125
-177
-259
-328
-321
-259
-176
-135
-107
-79
0
89
189
291
383
470
497
470
374
253
137
27
-30
-64
-77
-71
-77
-121
-199
-274
-287
-283
-260
-259
-230
-203
-147
-102
-61
-23
23
25
-7
-21
11
119
200
259
255
250
241
220
186
140
76
8
-48
-77
-97
-97
-103
-110
-115
-120
-125
-139
-168
-199
-206
-189
-176
-192
-249
-316
-316
-280
-241
-202
-155
-33
164
336
510
588
598
578
507
440
369
289
210
130
83
35
-3
-40
-81
-106
-113
-91
-55
-1
59
111
131
130
109
85
64
25
-9
-69
-135
-201
-252
-261
-232
-193
-161
-179
-220
-236
-213
-174
-138
-160
-187
-137
35
284
491
594
626
614
583
537
474
414
346
262
177
87
18
-29
-60
-71
-63
-61
-50
-44
-59
-73
-123
-175
-229
-256
-238
-187
-106
-72
-65
-100
-147
-156
-143
-101
-57
-42
-41
-13
76
187
333
425
498
519
500
447
390
319
242
146
51
-35
-108
-159
-214
-252
-291
-317
-333
-319
-268
-202
-152
-109
-97
-103
-88
-62
-11
16
17
-21
-75
-130
-203
-278
-351
-402
-358
-204
33
268
495
626
698
691
613
501
370
241
128
44
-20
-55
-73
-64
-55
-58
-71
-90
-107
-117
-120
-116
-106
-88
-48
-5
22
32
32
29
9
-19
-57
-97
-146
-213
-286
-342
-345
-320
-306
-315
-333
-317
-226
-134
-63
-54
63
223
454
608
650
629
577
507
415
301
196
89
19
-43
-89
-124
-155
-167
-161
-129
-93
-57
-28
-2
20
21
8
-27
-34
-43
-51
-78
-114
-147
-166
-200
-245
-326
-416
-478
-445
-360
-258
-160
-3
207
450
596
660
653
606
522
424
304
183
71
-24
-91
-138
-169
-184
-194
-193
-185
-171
-164
-168
-198
-242
-288
-307
-295
-277
-248
-214
-174
-140
-131
-161
-160
-151
-156
-166
-176
-146
-72
-26
-13
-60
16
166
377
516
546
531
517
508
484
449
382
278
150
17
-87
-185
-269
-365
-455
-532
-580
-577
-538
-465
-391
-322
-267
-213
-169
-124
-115
-153
-244
-247
-189
-53
90
218
342
450
487
479
424
341
243
144
69
13
-5
-4
-11
-25
-61
-94
-117
-135
-122
-104
-90
-95
-132
-185
-246
-290
-321
-326
-317
-297
-303
-336
-377
-408
-392
-336
-290
-253
-280
-159
9
264
450
522
538
520
482
416
329
222
111
-2
-104
-180
-239
-259
-264
-249
-207
-165
-126
-99
-103
-104
-105
-74
-35
18
65
48
24
-13
-36
-5
37
89
115
91
39
-18
-57
-85
-109
-119
-78
35
191
325
423
445
410
342
250
158
56
-31
-101
-148
-180
-190
-206
-201
-195
-180
-167
-154
-147
-145
-172
-233
-304
-356
-339
-259
-144
-35
59
145
233
321
350
314
244
188
196
231
235
211
156
75
-34
-152
-259
-325
-331
-310
-251
-210
-181
-174
-169
-165
-151
-133
-96
-69
-35
-9
24
63
83
100
117
157
211
275
318
340
341
317
276
226
182
153
119
68
-12
-115
-210
-283
-317
-294
-257
-217
-210
-237
-268
-286
-275
-245
-217
-214
-138
-16
179
365
500
568
594
556
497
407
306
195
83
-5
-98
-172
-214
-256
-270
-283
-276
-251
-217
-185
-148
-112
-71
-57
-55
-86
-108
-104
-70
-6
68
148
190
198
168
106
72
37
10
-17
-62
-85
-85
-69
-72
-75
-99
-102
-111
-111
-120
-133
-134
-129
-120
-112
-108
-111
-30
92
265
402
451
448
412
391
359
311
246
179
130
79
52
28
9
-28
-85
-142
-195
-239
-248
-219
-163
-137
-145
-192
-215
-220
-229
-250
-273
-279
-258
-209
-140
-120
-178
-211
-120
68
309
452
527
554
523
453
355
243
133
51
5
-14
-22
-33
-44
-65
-86
-90
-84
-43
-8
16
5
-25
-38
-31
-10
15
20
-3
-45
-89
-122
-142
-179
-222
-302
-437
-505
-561
-541
-432
-252
5
292
509
653
704
681
621
551
485
390
266
130
24
-36
-83
-120
-159
-199
-227
-273
-321
-308
-294
-258
-224
-171
-94
-28
-30
-23
58
141
260
310
316
310
254
183
115
41
-21
-102
-153
-189
-209
-213
-220
-209
-192
-170
-165
-157
-162
-172
-193
-220
-214
-205
-166
-122
-75
-34
-15
-69
-182
-230
-154
45
245
362
403
403
381
327
255
162
48
-68
-172
-253
-321
-379
-429
-452
-441
-404
-350
-285
-213
-139
-77
-22
-2
-15
-68
-96
-105
-46
28
136
240
307
317
281
193
119
69
57
58
34
-9
-56
-100
-141
-187
-231
-283
-318
-344
-344
-315
-262
-200
-176
-215
-160
-72
122
308
436
538
577
555
493
410
327
251
178
113
54
15
-21
-47
-71
-98
-105
-99
-104
-112
-131
-162
-192
-233
-266
-241
-190
-169
-175
-190
-199
-159
-116
-56
19
93
122
111
84
73
121
151
203
240
257
269
262
249
234
192
143
101
90
91
78
50
-2
-36
-58
-76
-109
-150
-207
-254
-266
-246
-225
-164
-137
-129
-142
-155
-112
-38
25
31
4
51
116
259
355
411
427
385
323
234
162
73
-9
-77
-137
-183
-208
-207
-186
-156
-108
-58
7
65
114
105
51
-30
-115
-175
-207
-208
-187
-156
-136
-174
-274
-339
-369
-371
-340
-252
-54
216
449
555
587
556
503
439
357
268
174
100
34
-31
-95
-140
-160
-138
-99
-42
26
85
124
141
150
151
152
152
137
95
28
-48
-88
-106
-122
-139
-164
-193
-199
-219
-207
-217
-224
-179
-112
12
92
134
211
275
353
391
402
398
383
352
309
244
157
63
-23
-91
-154
-205
-251
-291
-326
-374
-390
-382
-353
-317
-274
-232
-185
-148
-132
-115
-100
-74
-38
6
37
41
19
-29
-72
-59
-10
70
127
164
182
139
60
-33
-79
-62
-2
97
209
309
432
550
669
730
705
605
452
294
141
15
-48
-112
-173
-258
-344
-380
-396
-383
-343
-293
-244
-208
-199
-204
-203
-193
-187
-183
-186
-190
-187
-186
-177
-167
-145
-125
-104
-105
-119
-134
-132
-124
-115
-107
-111
-113
-92
-79
-46
-15
6
24
42
71
103
130
147
176
219
260
292
295
288
283
258
221
178
99
29
-15
-45
-61
-79
-89
-100
-99
-106
-104
-96
-85
-69
-44
-2
45
86
113
118
101
83
70
65
86
93
81
43
3
-36
-36
-32
-16
-20
-49
-93
-145
-197
-246
-326
-434
-498
-567
-511
-384
-183
76
312
497
616
668
665
617
516
382
256
152
70
15
-12
-16
-18
-20
-29
-58
-93
-139
-188
-223
-249
-247
-228
-190
-170
-157
-148
-162
-180
-135
-25
107
226
271
292
300
284
235
185
108
24
-57
-107
-155
-174
-177
-154
-117
-101
-107
-150
-206
-285
-367
-425
-439
-444
-394
-351
-303
-301
-320
-343
-346
-258
-49
239
500
626
641
597
515
413
304
205
120
60
17
-21
-47
-67
-65
-44
-18
2
-6
-31
-66
-95
-119
-140
-166
-171
-165
-146
-131
-130
-125
-125
-124
-113
-145
-207
-272
-200
-58
124
222
265
314
360
398
413
369
294
190
80
-24
-106
-160
-193
-200
-204
-193
-188
-211
-250
-313
-336
-310
-251
-185
-162
-169
-158
-122
-77
-49
-37
-19
11
36
15
-30
-63
-57
9
95
184
252
307
360
403
410
358
279
207
176
164
158
147
116
67
-7
-72
-144
-188
-211
-228
-252
-283
-319
-346
-350
-333
-283
-225
-161
-94
-46
15
64
123
185
212
205
200
207
218
226
220
226
213
173
82
-49
-161
-252
-274
-240
-178
-122
-123
-161
-210
-208
-169
-107
-50
5
51
97
122
113
89
88
93
113
137
164
175
167
126
88
52
22
-18
-69
-120
-164
-188
-176
-161
-159
-208
-304
-353
-403
-394
-328
-179
146
485
756
860
829
738
625
492
368
245
152
69
6
-49
-80
-109
-136
-174
-233
-274
-308
-315
-328
-320
-299
-262
-210
-153
-76
-4
45
58
36
-5
-26
20
90
195
254
283
280
226
154
99
65
20
-39
-118
-181
-215
-231
-254
-287
-372
-418
-441
-400
-309
-177
-44
53
75
116
257
425
583
608
565
489
415
334
262
168
64
-32
-119
-176
-203
-193
-165
-133
-121
-128
-167
-213
-254
-276
-282
-273
-259
-266
-249
-230
-151
-51
66
132
153
122
35
-72
-139
-92
45
237
399
494
558
557
544
493
412
308
169
46
-53
-105
-127
-137
-137
-150
-192
-267
-327
-363
-367
-352
-324
-275
-213
-126
-51
36
101
108
67
27
23
48
86
68
62
40
63
98
149
213
244
262
242
187
113
37
-22
-68
-119
-185
-261
-321
-361
-360
-332
-277
-208
-100
10
115
159
117
54
20
45
127
203
301
400
446
428
354
239
132
15
-47
-129
-162
-235
-262
-263
-236
-188
-148
-117
-96
-70
-40
-8
5
51
117
202
275
292
290
279
246
196
128
63
5
-62
-116
-173
-210
-229
-215
-185
-155
-153
-168
-196
-180
-155
-111
-99
-90
-78
-48
-14
-10
-19
29
103
223
344
438
518
561
554
492
394
266
141
35
-45
-99
-132
-155
-165
-171
-214
-300
-410
-503
-533
-456
-315
-147
-24
38
37
33
49
94
164
227
288
314
324
313
290
272
234
167
60
-67
-177
-256
-310
-319
-316
-272
-221
-147
-79
-34
-30
-47
-57
-64
-56
-36
-19
-3
16
38
38
25
-8
-28
-23
5
34
38
20
-1
-1
3
5
-18
-54
-104
-165
-224
-297
-318
-299
-292
-284
-213
-82
151
359
506
602
638
615
535
422
292
180
91
34
11
12
16
-1
-38
-88
-129
-177
-217
-240
-249
-211
-158
-110
-88
-102
-122
-147
-120
-114
-149
-176
-141
-48
141
274
374
402
385
326
272
220
150
74
-6
-94
-142
-178
-173
-154
-144
-137
-139
-137
-124
-107
-92
-82
-87
-121
-167
-208
-226
-212
-163
-93
-35
-25
-69
-128
-146
-122
-61
-10
-4
-43
3
115
303
478
556
582
558
458
336
189
64
-35
-109
-144
-149
-129
-112
-106
-112
-107
-81
-73
-60
-86
-118
-159
-198
-221
-209
-180
-143
-102
-92
-82
-81
-70
-55
-66
-128
-155
-162
-84
8
105
185
242
254
234
200
146
82
14
-64
-124
-160
-166
-156
-123
-87
-53
-42
-48
-70
-96
-113
-131
-151
-201
-262
-320
-353
-322
-246
-171
-124
-152
-205
-249
-306
-322
-332
-324
-163
33
316
535
660
720
726
684
603
497
376
255
153
72
23
-14
-39
-57
-62
-65
-52
-38
-23
-10
-4
6
0
-18
-36
-52
-36
-31
-10
-8
-5
-17
-1
16
13
-9
-78
-131
-156
-152
-104
-48
-16
-8
-52
-77
24
179
382
483
517
527
521
500
445
368
273
169
91
30
-11
-62
-120
-198
-272
-348
-371
-365
-336
-334
-358
-406
-436
-441
-403
-372
-228
-36
213
401
489
495
487
468
415
329
212
93
-5
-71
-115
-144
-172
-182
-171
-136
-100
-77
-88
-122
-154
-181
-186
-163
-134
-107
-101
-111
-119
-135
-138
-124
-96
-61
-21
6
13
-18
-104
-125
-73
54
186
225
206
174
150
164
197
205
203
163
127
85
35
-25
-80
-122
-158
-174
-182
-185
-203
-225
-244
-280
-324
-356
-338
-283
-193
-69
43
162
240
280
295
273
243
219
203
165
96
25
-25
-30
-27
1
3
12
-10
-47
-71
-91
-108
-124
-146
-167
-185
-191
-176
-132
-83
-50
-39
-52
-82
-94
-94
-74
-65
-67
-56
-23
-8
-35
-51
20
133
321
452
544
584
560
509
416
289
144
17
-75
-139
-184
-201
-182
-142
-114
-115
-121
-125
-111
-102
-96
-97
-90
-80
-77
-75
-72
-61
-51
-33
-2
25
40
19
-19
-41
-42
-10
20
21
21
-6
-37
-45
-13
53
123
162
158
137
91
53
14
-11
-11
4
37
59
71
61
30
-10
-69
-111
-140
-144
-132
-88
-33
21
46
25
-25
-110
-189
-240
-242
-182
-135
-112
-47
45
173
269
293
291
272
237
172
83
-21
-99
-138
-130
-99
-63
-41
-40
-60
-79
-100
-94
-77
-202
