-224
-334
-411
-436
-449
-387
-257
-41
320
656
653
6
-747
-1259
-1051
-490
-71
77
151
203
300
415
486
480
405
288
168
56
-54
-158
-227
-280
-268
-254
-210
-185
-167
-149
-136
-126
-104
-43
57
185
397
622
808
902
1002
367
-229
-1037
-1235
-898
-565
-331
-189
-98
-22
47
105
118
112
78
44
-4
-43
-66
-13
45
114
278
473
391
-215
-740
-1082
-812
-372
-97
-64
-35
-20
36
122
184
244
274
284
249
195
132
85
62
68
76
85
100
125
145
185
241
327
327
394
546
281
-447
-1126
-1593
-1333
-826
-476
-283
-164
-80
43
190
318
398
420
404
352
277
187
100
49
20
10
-1
-15
-34
-70
-123
-180
-236
-270
-299
-317
-321
-295
-254
-215
-164
-106
132
357
610
804
518
-42
-703
-976
-725
-296
25
236
364
401
397
357
270
144
-18
-157
-275
-332
-287
-170
-46
-296
-836
-1246
-1233
-772
-260
-2
131
195
234
212
91
-50
-112
-58
95
214
301
370
389
337
206
63
-32
-99
-126
-135
-126
-115
-92
-64
-38
-7
13
50
111
315
486
618
685
898
1178
1183
368
-519
-1174
-989
-373
206
526
599
502
366
282
198
113
-6
-104
-178
-222
-249
-259
-246
-234
-216
-200
-187
-169
-141
-117
-84
-43
15
91
163
222
264
271
251
225
240
433
667
878
918
920
303
-500
-1163
-1342
-964
-551
-366
-285
-297
-319
-304
-253
-187
-172
-224
-335
-533
-737
-819
-715
-406
41
337
272
-349
-844
-1014
-638
-70
438
727
798
615
286
-154
-656
-957
-997
-751
-461
-45
165
319
12
-533
-1081
-1315
-1130
-716
-65
535
932
837
363
-253
-647
-727
-506
-136
248
487
507
382
181
9
-75
-93
-75
-32
54
143
236
299
340
363
400
453
498
523
553
553
535
523
534
576
618
551
-74
-849
-1559
-1582
-1087
-487
-120
61
108
145
219
293
341
361
356
331
293
261
245
266
284
299
296
291
283
276
277
273
258
245
263
306
329
286
232
186
194
184
104
-298
-786
-1193
-1186
-855
-488
-229
-50
117
281
403
499
561
575
486
324
120
-72
-231
-318
-358
-344
-301
-234
-145
-44
96
459
759
831
184
-494
-891
-671
-188
118
264
350
388
392
406
453
516
563
534
460
335
172
18
-96
-161
-197
-206
-183
-134
-79
-23
2
3
14
59
167
295
409
455
475
476
519
583
702
469
-308
-960
-1434
-1107
-566
-350
-290
-341
-358
-265
-167
-35
72
155
168
160
115
54
0
-39
-52
-39
-1
40
73
94
71
32
-28
-81
-118
-155
-195
-209
-131
46
222
469
725
1021
419
-308
-1241
-1401
-961
-422
-77
110
181
240
303
388
391
306
158
-25
-195
-328
-425
-464
-444
-364
-194
110
514
688
181
-637
-1238
-1243
-751
-239
13
192
276
327
380
409
440
463
472
472
429
334
186
15
-134
-236
-302
-330
-326
-312
-302
-282
-257
-219
-177
-136
-92
-26
64
184
416
666
907
1010
1100
871
126
-638
-1271
-1161
-711
-342
-94
39
71
49
23
31
53
64
28
-15
-74
-138
-197
-195
-153
-66
39
121
197
259
337
406
230
-257
-794
-1105
-1023
-602
-265
5
173
289
397
484
479
382
197
13
-137
-232
-288
-321
-339
-329
-295
-270
-232
-203
-153
-92
-6
92
174
251
329
519
746
970
1136
1250
1482
1190
230
-975
-1794
-1736
-1142
-595
-259
-140
-139
-112
-62
1
38
24
8
-15
-57
-135
-205
-229
-171
-53
182
547
695
300
-528
-1264
-1382
-896
-196
179
305
223
122
70
7
-132
-257
-278
-213
-82
31
117
182
208
218
202
201
208
236
260
293
332
523
828
1032
729
-310
-1386
-1863
-1621
-865
-272
13
45
-87
-255
-428
-582
-565
-442
-216
-14
112
208
273
321
359
379
394
379
355
314
256
236
395
590
631
41
-984
-1775
-1862
-1367
-431
190
502
413
141
-303
-642
-726
-534
-181
171
414
549
593
549
478
395
281
150
32
-41
-80
-90
-83
-77
-49
-8
42
99
178
305
440
551
628
662
713
744
724
636
455
-87
-628
-1012
-1063
-789
-509
-301
-180
-151
-142
-130
-78
-6
45
75
78
52
27
4
-7
-2
11
17
21
6
-7
-3
8
39
80
120
186
258
303
368
521
825
592
-203
-1159
-1691
-1472
-858
-470
-180
5
162
324
448
520
550
516
466
364
238
89
-40
-131
-219
-302
-370
-382
-356
-355
-366
-376
-342
-273
-237
-221
-208
-170
-93
-2
80
245
430
682
880
1017
947
275
-448
-1175
-1291
-1003
-659
-409
-224
-67
78
207
308
361
371
358
311
247
182
132
123
131
169
209
272
347
468
563
475
42
-651
-1133
-1284
-1062
-771
-601
-459
-344
-213
-39
111
268
375
439
449
425
373
315
256
208
163
124
89
65
54
52
73
84
100
129
146
127
87
77
200
395
583
592
330
-249
-958
-1413
-1458
-1149
-742
-362
-35
241
443
568
609
605
555
484
387
284
170
86
47
10
-15
-45
-69
-52
-36
5
-58
-430
-935
-1343
-1423
-1136
-787
-483
-216
-15
174
356
505
630
704
735
693
615
491
345
216
98
10
-57
-109
-132
-146
-147
-141
-124
-106
-85
-73
-51
-6
69
215
433
668
916
1023
1083
866
148
-685
-1466
-1552
-1232
-842
-537
-300
-98
56
171
252
272
256
212
153
110
54
10
-12
13
72
120
162
235
352
207
-108
-659
-994
-1117
-1017
-877
-658
-434
-219
-39
120
233
306
343
350
337
321
304
289
294
294
289
283
287
314
355
452
639
855
1014
1027
826
400
-337
-1025
-1486
-1500
-1189
-782
-419
-119
114
300
430
517
537
520
463
390
318
280
267
270
277
275
286
306
352
391
503
508
158
-512
-1159
-1462
-1304
-958
-758
-634
-506
-341
-121
66
218
319
381
400
386
336
269
187
117
58
10
-34
-72
-102
-113
-126
-121
-117
-112
-88
-61
-36
-40
-77
-129
-179
-221
-262
-276
-247
-112
82
308
538
675
694
414
-102
-789
-1266
-1349
-1082
-670
-301
4
259
444
589
652
656
602
485
340
216
178
228
320
416
496
713
871
489
-291
-1159
-1583
-1426
-981
-580
-221
7
167
314
460
568
613
608
568
508
432
343
257
188
138
105
81
68
56
58
52
59
74
126
154
121
-5
-169
-283
-311
-222
-29
179
329
437
486
546
420
-92
-803
-1411
-1545
-1191
-710
-311
5
261
470
603
675
682
632
508
311
95
-45
-94
-100
-77
-56
-3
49
44
-302
-846
-1330
-1523
-1325
-978
-760
-525
-352
-151
71
274
438
524
566
572
520
467
409
381
370
340
298
195
70
-79
-211
-298
-317
-226
-71
107
222
341
468
654
825
915
163
-652
-1479
-1559
-1053
-471
-46
261
455
601
688
708
722
707
630
452
208
-42
-253
-425
-504
-459
-298
-113
17
102
191
300
368
103
-372
-1040
-1417
-1426
-1021
-561
-181
67
240
398
520
578
584
534
433
291
101
-82
-234
-325
-366
-374
-361
-337
-316
-273
-235
-186
-132
-66
8
102
203
386
614
845
1011
1045
1076
873
207
-637
-1341
-1472
-1166
-810
-527
-315
-141
3
102
172
188
173
136
94
80
86
87
73
81
109
173
236
291
341
262
-118
-594
-1079
-1311
-1314
-1199
-982
-747
-536
-320
-95
111
259
343
365
355
305
255
196
157
124
102
88
78
50
-5
-58
-94
-104
-73
61
274
490
439
-58
-624
-1162
-1345
-1246
-1041
-728
-377
-56
226
461
621
695
682
613
501
371
238
125
33
-47
-117
-174
-208
-238
-250
-268
-267
-259
-231
-174
-97
7
195
483
789
1002
987
635
176
-507
-905
-1047
-824
-459
-102
188
380
483
518
506
443
347
243
147
93
87
112
160
198
222
227
227
238
279
329
349
69
-461
-953
-1192
-974
-605
-415
-361
-412
-397
-272
-100
47
146
194
227
248
263
262
246
224
194
163
133
113
98
95
88
86
89
104
121
124
137
162
242
426
724
1055
1211
1108
581
-84
-912
-1412
-1600
-1390
-1036
-653
-291
30
285
460
557
577
528
451
348
241
139
60
24
66
154
260
360
418
436
416
356
281
116
-353
-998
-1483
-1658
-1405
-1030
-792
-572
-399
-184
70
304
484
592
626
619
561
496
412
340
270
222
177
157
139
130
67
-21
-147
-268
-350
-405
-413
-406
-364
-301
-218
-97
118
392
675
862
857
559
87
-640
-1051
-1187
-900
-479
-114
156
357
466
507
459
344
218
99
-13
-132
-216
-216
-119
26
201
316
409
501
556
610
468
68
-451
-897
-988
-790
-486
-175
36
149
240
302
345
334
276
182
91
1
-61
-100
-114
-110
-84
-41
0
31
49
66
85
110
130
166
192
194
195
287
464
670
774
761
486
73
-750
-1393
-1733
-1515
-1079
-633
-284
-3
213
363
435
436
391
333
266
198
142
97
86
105
149
184
184
143
84
52
33
63
123
162
-82
-585
-1048
-1309
-1229
-1006
-884
-645
-425
-169
91
318
484
554
533
443
325
235
161
87
-12
-128
-247
-314
-362
-363
-359
-341
-313
-269
-208
-105
3
173
421
652
883
921
809
481
-71
-612
-1007
-1052
-765
-364
-8
244
388
437
407
319
209
101
6
-62
-122
-167
-188
-132
-11
122
251
356
442
548
608
639
500
18
-526
-998
-1099
-899
-651
-422
-314
-302
-253
-164
-58
31
92
122
140
153
150
146
129
117
99
83
70
62
58
61
61
61
54
57
62
91
137
209
329
507
757
966
983
698
139
-695
-1303
-1633
-1502
-1157
-746
-385
-67
187
367
466
487
448
377
294
201
114
40
-17
-52
-72
-56
-55
-88
-155
-248
-340
-392
-394
-338
-130
137
452
669
590
222
-196
-753
-962
-1048
-819
-509
-184
101
336
513
603
608
548
460
344
200
58
-75
-165
-224
-267
-285
-262
-215
-124
34
330
746
983
714
-62
-745
-1004
-652
-141
240
435
488
446
430
471
525
535
480
384
267
149
32
-56
-117
-144
-152
-138
-118
-94
-86
-81
-75
-62
-38
16
105
301
555
783
941
912
652
197
-451
-956
-1260
-1018
-573
-83
228
346
319
242
164
84
2
-61
-120
-138
-136
-101
-76
-59
-61
-69
-71
-58
-26
42
136
272
430
601
703
778
612
424
6
-566
-1154
-1666
-1762
-1572
-1239
-927
-639
-384
-182
-56
-13
7
-1
-13
-38
-64
-85
-98
-95
-77
-39
-4
59
212
441
702
901
929
848
462
2
-768
-1368
-1747
-1686
-1359
-918
-513
-195
55
248
374
416
404
332
248
171
106
53
14
-18
-40
-46
-43
-33
-20
-10
4
27
72
114
124
67
-31
-131
-211
-241
-172
-10
216
446
537
491
97
-296
-810
-1052
-1096
-873
-570
-229
75
334
535
664
711
690
592
478
398
366
338
274
174
43
-24
-51
-28
-41
-336
-750
-1131
-1067
-702
-227
-76
-267
-518
-643
-513
-234
30
231
357
401
395
357
331
311
288
271
280
326
366
330
235
90
-27
-111
-174
-189
-140
-2
199
378
484
606
695
838
846
593
23
-653
-1168
-1291
-979
-541
-124
177
393
525
569
556
450
315
156
6
-134
-271
-388
-451
-464
-435
-384
-317
-205
-69
126
395
631
839
933
964
796
507
-117
-707
-1128
-1205
-1015
-709
-432
-224
-68
51
112
118
87
58
39
27
16
9
-2
-17
-29
-35
-20
17
83
202
409
609
759
806
819
842
804
491
-156
-835
-1362
-1330
-1065
-722
-446
-261
-119
-12
54
72
60
39
12
-11
-28
-46
-50
-26
24
73
124
222
407
643
833
937
886
827
727
609
220
-440
-1210
-1667
-1666
-1255
-846
-505
-262
-77
106
266
378
425
421
378
330
284
241
168
95
16
-40
-70
-53
-2
38
35
-24
-105
-161
-198
-219
-238
-231
-197
-146
-98
-61
-33
-1
17
36
35
32
16
8
1
-4
1
-1
-7
-31
-45
-46
-1
89
276
511
746
989
1021
727
182
-648
-1201
-1442
-1396
-1120
-893
-720
-594
-479
-339
-180
-46
23
33
-18
-106
-213
-309
-360
-399
-410
-410
-360
-237
-49
168
403
562
607
538
359
-13
-394
-787
-902
-821
-718
-634
-561
-365
-136
119
346
520
627
653
642
583
524
462
407
359
291
222
159
122
108
94
73
66
90
173
246
230
121
-38
-164
-234
-251
-206
-56
166
379
495
575
609
712
687
487
-3
-610
-1056
-1198
-992
-599
-247
57
283
449
532
519
409
223
30
-150
-284
-372
-404
-401
-371
-326
-275
-223
-166
-86
13
183
405
590
762
853
962
1046
1217
854
140
-797
-1395
-1209
-616
-2
392
574
611
568
444
286
136
47
-17
-74
-155
-223
-261
-262
-240
-192
-129
-49
12
80
131
180
231
264
293
300
267
231
171
119
40
-59
-155
-238
-295
-312
-309
-273
-234
-196
-158
-117
-72
-9
151
354
568
738
715
625
399
-42
-570
-978
-1100
-950
-708
-524
-402
-326
-276
-206
-121
-20
31
1
-111
-285
-486
-643
-732
-751
-733
-681
-518
-286
-90
38
106
240
467
738
903
593
-9
-645
-837
-505
53
494
756
760
653
451
242
89
19
15
12
-15
-42
-45
-44
-65
-108
-131
-117
-81
-53
-41
-9
40
101
132
151
159
170
174
175
178
176
176
173
165
177
219
292
312
255
124
-21
-140
-215
-210
-87
100
250
319
363
397
390
224
-200
-746
-1096
-1156
-954
-606
-338
-159
-86
-88
-89
-74
-51
-83
-155
-270
-372
-475
-569
-642
-665
-644
-628
-608
-584
-533
-448
-369
-290
-182
51
300
532
722
793
913
999
1012
509
-226
-947
-1153
-746
-194
252
505
678
826
920
883
715
457
222
23
-111
-208
-252
-261
-245
-215
-167
-109
-55
-8
38
89
141
184
223
256
282
299
310
316
318
314
318
339
341
276
162
12
-99
-192
-260
-276
-234
-169
-30
151
365
511
613
646
698
621
278
-247
-830
-1172
-1212
-997
-719
-500
-339
-224
-144
-117
-110
-155
-222
-290
-348
-394
-439
-475
-500
-520
-504
-424
-197
-9
157
276
433
663
559
169
-403
-817
-840
-494
-68
323
551
638
629
586
527
449
376
274
180
90
19
-27
-55
-56
-45
-18
4
15
34
49
82
112
151
195
242
288
424
573
701
800
833
961
1070
1225
966
214
-776
-1460
-1473
-930
-447
-81
115
196
175
71
-48
-82
-46
18
34
26
11
-14
-56
-86
-98
-91
-48
11
92
154
173
124
22
-80
-165
-212
-235
-235
-219
-186
-142
-91
-34
3
33
49
44
19
-7
-35
-53
-67
-47
27
250
402
531
519
369
160
-163
-665
-1141
-1483
-1486
-1249
-908
-628
-413
-303
-290
-306
-349
-359
-351
-328
-311
-321
-351
-413
-458
-482
-469
-447
-458
-469
-461
-426
-368
-313
-267
-218
-152
-49
38
50
-21
-149
-234
-237
-180
-25
204
406
522
483
396
273
-60
-307
-718
-851
-872
-633
-328
-3
291
550
742
839
801
644
418
201
29
-70
-116
-83
15
169
292
420
483
501
485
428
385
370
313
113
-101
-212
-116
58
43
-142
-373
-580
-630
-544
-333
-101
75
163
164
6
-241
-459
-513
-396
-228
-97
-23
15
41
68
107
143
215
265
329
369
407
469
636
850
1043
1131
1135
1142
1261
1309
1154
564
-206
-929
-1259
-1247
-1005
-790
-610
-461
-256
-14
180
293
300
240
159
109
100
107
116
129
151
178
205
232
248
259
260
254
242
222
197
171
169
175
198
192
126
26
-87
-166
-202
-195
-107
54
272
411
464
506
504
564
439
93
-355
-946
-1194
-1213
-946
-640
-398
-216
-76
41
89
49
-66
-196
-291
-356
-428
-498
-553
-594
-616
-612
-570
-495
-385
-253
-18
214
415
556
614
748
862
1000
857
305
-466
-1075
-1131
-708
-202
182
366
413
390
355
335
375
463
537
554
498
373
216
40
-152
-313
-397
-382
-320
-239
-163
-61
74
263
458
626
752
793
835
857
856
807
455
-116
-678
-986
-929
-823
-771
-881
-879
-827
-668
-444
-190
-11
6
-148
-346
-455
-418
-317
-234
-183
-151
-116
-73
-22
40
96
146
183
209
223
223
223
230
244
265
295
304
251
150
23
-71
-133
-185
-207
-202
-169
-118
-75
-6
150
276
387
439
350
287
150
-96
-460
-837
-1044
-914
-647
-391
-179
-37
51
78
23
-123
-332
-517
-600
-587
-523
-483
-453
-441
-405
-339
-295
-284
-290
-278
-219
-61
181
376
556
680
788
943
1013
1149
894
320
-486
-1017
-954
-441
135
542
726
744
584
383
164
13
-61
-87
-57
-27
7
-3
10
15
52
94
148
209
276
345
395
420
425
410
386
356
313
265
193
114
32
-26
-60
-74
-86
-103
-108
-100
-80
-65
-65
-67
-79
-76
-62
-17
122
302
429
514
417
280
74
-203
-564
-861
-1091
-1051
-829
-558
-330
-180
-141
-195
-315
-456
-541
-547
-514
-486
-485
-481
-459
-385
-296
-214
-189
-199
-209
-181
-106
29
183
331
444
536
635
663
649
392
-84
-599
-814
-686
-500
-440
-554
-598
-507
-311
-55
220
451
579
510
334
147
54
75
107
129
142
158
163
162
161
164
186
207
230
231
206
185
154
124
66
-29
-131
-202
-226
-207
-158
-7
146
259
295
197
172
120
2
-402
-765
-1052
-929
-649
-342
-97
124
301
454
461
329
157
-7
-97
-153
-192
-211
-202
-183
-176
-149
-122
-76
-27
85
291
463
640
738
803
878
904
941
1061
880
370
-534
-1205
-1354
-886
-222
321
595
610
450
46
-408
-721
-761
-518
-220
-26
49
58
27
-7
-22
-13
-4
6
33
78
133
183
220
245
260
280
281
288
297
296
315
321
345
343
285
147
-28
-193
-290
-330
-305
-257
-203
-160
-118
-102
-76
-42
65
238
366
460
371
229
69
-230
-601
-954
-1120
-1023
-725
-432
-207
-45
52
34
-91
-271
-424
-464
-439
-403
-393
-417
-434
-434
-404
-374
-360
-368
-360
-299
-207
-17
207
372
545
642
750
866
916
1007
1096
904
385
-483
-1067
-1190
-807
-295
82
259
228
113
-89
-331
-455
-477
-380
-212
-63
63
154
203
221
230
233
240
263
291
321
344
385
433
494
519
492
397
272
138
24
-55
-104
-134
-130
-121
-100
-83
-60
-40
-25
-26
-49
-65
-70
-50
-23
5
89
261
374
450
430
329
309
290
151
-110
-467
-813
-884
-852
-776
-690
-580
-479
-462
-536
-641
-683
-615
-510
-417
-355
-343
-313
-266
-184
-122
-112
-130
-163
-172
-164
-149
-103
-59
26
256
455
593
635
533
519
513
546
717
495
-42
-942
-1429
-1354
-735
-70
375
664
773
692
471
132
-111
-171
-51
124
291
357
369
317
250
205
181
180
166
124
58
-18
-98
-195
-285
-324
-284
-177
5
168
311
476
584
740
880
971
1137
950
390
-570
-1228
-1285
-777
-188
211
448
569
563
410
123
-144
-305
-315
-292
-322
-410
-510
-563
-554
-479
-386
-294
-207
-114
-30
49
104
142
163
178
177
188
178
175
169
162
157
146
137
141
149
156
169
149
99
10
-96
-183
-236
-244
-217
-165
-93
-49
-11
4
50
204
357
484
425
231
35
-245
-468
-811
-1006
-1064
-942
-726
-469
-220
17
198
210
105
-41
-168
-224
-300
-407
-495
-554
-592
-591
-590
-584
-570
-540
-453
-312
-149
16
173
302
379
402
390
358
322
282
256
252
259
263
256
252
255
236
236
235
277
356
466
357
-198
-1032
-1610
-1676
-1059
-426
-15
118
-75
-479
-797
-805
-425
87
479
680
821
870
861
839
758
651
547
473
442
394
325
221
106
-4
-104
-161
-199
-197
-188
-145
-127
-108
-90
-56
1
77
224
449
648
814
885
900
942
936
913
831
478
-111
-772
-1154
-1085
-705
-323
-155
-132
-137
-137
-123
-294
-493
-686
-679
-497
-262
-96
-17
27
55
89
136
185
234
272
302
314
311
286
226
189
158
139
121
83
21
-63
-163
-249
-298
-299
-284
-264
-231
-185
-78
126
312
476
580
619
662
662
698
782
589
-58
-909
-1499
-1485
-1039
-548
-221
-111
-45
-71
-191
-385
-538
-557
-414
-272
-194
-173
-177
-196
-213
-224
-218
-195
-161
-126
-82
-39
17
56
93
125
151
185
236
272
314
349
395
440
478
474
407
281
127
-22
-145
-243
-306
-342
-341
-304
-238
-124
101
288
415
379
205
100
-16
-145
-387
-737
-964
-922
-643
-260
103
373
451
327
136
-32
-59
-69
-134
-207
-273
-302
-335
-367
-374
-346
-298
-227
-181
-139
-130
-123
-112
-80
-38
-13
3
28
90
153
230
256
274
273
263
263
257
249
246
256
300
377
466
525
511
451
460
532
596
617
519
399
281
111
-66
-342
-743
-1124
-1371
-1328
-1120
-850
-649
-455
-299
-113
73
94
17
-113
-138
-80
0
33
25
-8
-41
-81
-102
-125
-150
-182
-210
-228
-219
-154
-88
-38
-34
-39
-58
-2
182
377
547
558
456
395
351
374
458
499
267
-187
-816
-1090
-924
-475
46
311
436
427
282
108
-208
-488
-669
-642
-395
-139
46
88
67
51
47
71
114
179
231
288
326
358
379
391
384
360
334
294
258
213
193
173
183
178
173
151
124
88
58
33
2
-27
-56
-59
-34
36
219
380
467
419
244
93
-48
-224
-472
-768
-1071
-1218
-1058
-640
-154
231
438
384
189
-78
-245
-284
-287
-319
-376
-423
-433
-402
-328
-242
-137
-67
-12
18
41
69
92
102
105
111
111
126
146
168
199
234
268
295
307
294
251
188
130
85
71
50
41
24
16
27
54
98
147
219
391
555
672
692
538
356
121
-78
-224
-435
-673
-1027
-1202
-1109
-732
-348
-86
-51
-41
16
45
40
-5
-20
94
210
207
91
-86
-250
-340
-364
-343
-297
-234
-168
-95
-55
-23
-14
-4
-1
-8
-28
-43
-51
-51
-20
25
96
247
439
628
721
729
661
620
580
555
614
681
528
-65
-1018
-1617
-1631
-1107
-526
-230
-17
112
209
119
-136
-398
-470
-311
-51
189
323
360
311
241
205
195
182
188
219
268
334
386
405
380
294
32
