119
125
129
134
134
133
128
127
115
109
96
81
68
68
78
109
184
292
367
358
240
131
11
-82
-180
-263
-289
-278
-278
-253
-222
-183
-145
-116
-96
-84
-86
-102
-119
-138
-154
-169
-185
-203
-228
-244
-262
-274
-285
-288
-286
-283
-276
-271
-263
-254
-237
-224
-213
-202
-197
-189
-183
-170
-155
-142
-135
-124
-67
151
480
754
779
609
388
218
126
72
62
113
140
162
172
171
156
142
141
149
165
177
191
204
214
232
244
256
254
248
240
223
200
182
164
142
128
106
91
93
115
144
184
236
261
252
195
128
62
-6
-58
-105
-132
-150
-157
-164
-165
-159
-155
-151
-157
-160
-165
-170
-174
-183
-197
-213
-224
-237
-241
-242
-241
-243
-245
-242
-243
-241
-239
-238
-240
-239
-236
-235
-230
-224
-219
-214
-209
-200
-195
-184
-173
-160
-154
-147
-142
-145
-147
-143
-140
-138
-135
-134
-131
-125
-124
-95
77
373
649
666
452
235
72
27
-3
4
51
90
96
106
119
133
149
173
207
241
258
272
284
298
308
303
302
287
275
262
252
242
239
239
228
249
258
269
253
200
148
78
8
-41
-70
-80
-84
-93
-102
-111
-116
-121
-133
-133
-137
-137
-143
-150
-158
-165
-161
-150
-144
-134
-118
-80
-4
149
369
566
630
562
323
105
-54
-121
-92
-32
8
27
20
18
18
10
2
2
1
7
19
26
27
26
27
44
86
151
195
262
293
323
307
247
131
23
-55
-75
-47
-30
-26
-28
-27
-13
-6
-4
-33
-59
-82
-100
-123
-136
-150
-171
-194
-216
-239
-264
-285
-310
-332
-352
-358
-366
-369
-369
-368
-366
-361
-352
-348
-343
-336
-330
-320
-306
-288
-274
-258
-241
-230
-221
-160
87
431
696
699
524
334
211
135
35
-7
12
11
24
56
90
112
124
145
164
170
174
193
201
229
241
257
256
251
246
259
275
281
278
272
270
256
221
150
69
-6
-56
-47
-8
31
50
59
60
52
38
1
-47
-100
-145
-181
-191
-178
-129
-59
23
74
92
82
33
-9
-99
-173
-229
-264
-261
-234
-203
-175
-150
-136
-127
-117
-108
-102
-104
-110
-125
-149
-173
-197
-215
-230
-231
-229
-221
-216
-213
-213
-215
-213
-217
-222
-230
-234
-239
-240
-238
-239
-242
-240
-238
-237
-242
-241
-173
103
467
739
719
515
330
212
132
28
-18
7
28
47
49
58
71
98
129
157
179
188
212
221
241
238
237
232
232
246
265
267
273
245
253
241
216
160
47
-41
-77
-37
31
57
85
75
52
19
-34
-86
-125
-157
-171
-170
-168
-165
-164
-172
-177
-181
-150
-81
32
167
281
330
285
109
-94
-251
-335
-318
-266
-222
-176
-125
-81
-53
-32
-9
10
23
28
22
14
6
2
-7
-18
-33
-43
-57
-63
-73
-77
-90
-94
-96
-99
-103
-105
-111
-119
-126
-137
-149
-161
-172
-186
-206
-229
-268
-307
-329
-324
-304
-285
-276
-276
-285
-307
-280
-81
256
558
618
445
257
117
39
-36
-55
-16
8
13
7
-7
0
-2
1
7
8
16
34
67
107
136
153
172
198
230
245
263
248
231
265
261
253
167
70
28
41
106
139
168
156
144
107
46
-12
-66
-116
-146
-167
-173
-175
-171
-171
-181
-193
-206
-221
-227
-232
-238
-253
-270
-290
-335
-356
-314
-123
180
487
625
582
447
248
91
-22
-70
-28
3
9
21
17
22
18
11
9
25
45
61
69
83
99
113
130
127
116
88
71
72
79
106
131
171
213
233
219
205
155
117
44
-20
-28
-21
-20
-34
-48
-72
-101
-123
-137
-140
-144
-155
-173
-189
-206
-227
-256
-298
-340
-377
-390
-379
-356
-338
-330
-325
-326
-322
-319
-315
-315
-312
-304
-301
-297
-296
-299
-306
-332
-369
-313
3
405
696
697
526
320
194
91
34
53
112
143
172
163
155
144
138
142
143
138
132
137
149
173
185
208
212
222
242
274
282
291
262
245
252
228
211
151
93
66
63
81
107
121
125
80
29
-2
-38
-46
-72
-123
-144
-163
-159
-141
-123
-113
-114
-122
-129
-135
-143
-151
-158
-172
-179
-186
-197
-213
-242
-257
-190
38
377
617
727
686
531
350
155
48
38
76
68
60
52
48
59
59
66
67
65
56
56
61
66
82
90
94
91
84
84
84
97
106
113
122
114
106
85
36
-27
-101
-137
-123
-87
-78
-80
-88
-106
-137
-158
-171
-176
-180
-188
-191
-203
-205
-214
-223
-233
-242
-249
-260
-266
-280
-310
-346
-376
-379
-358
-319
-295
-280
-273
-262
-257
-251
-244
-241
-243
-244
-242
-242
-238
-239
-257
-132
200
549
759
692
531
362
230
106
76
102
154
177
183
165
162
156
161
173
177
175
163
163
171
175
186
189
192
202
212
219
205
185
133
130
104
84
52
-18
-54
-67
-69
-61
-40
-39
-53
-72
-114
-135
-161
-188
-208
-248
-272
-273
-252
-220
-188
-172
-168
-172
-177
-185
-189
-192
-198
-201
-208
-206
-212
-210
-211
-213
-220
-227
-230
-244
-271
-297
-311
-297
-260
-222
-205
-201
-206
-209
-218
-235
-178
96
444
732
818
742
593
449
288
187
175
190
187
184
177
177
167
157
142
127
114
111
116
131
149
163
173
193
221
246
258
252
217
180
161
108
47
-22
-36
-12
46
76
69
59
18
-10
-53
-90
-114
-126
-134
-132
-129
-134
-135
-141
-150
-169
-189
-212
-238
-261
-276
-289
-298
-306
-311
-316
-314
-310
-306
-305
-305
-322
-359
-401
-414
-391
-349
-308
-289
-279
-273
-268
-274
-292
-316
-333
-340
-229
119
478
755
793
690
524
357
190
113
135
195
220
231
217
215
205
198
204
211
208
213
226
229
247
255
268
265
268
276
295
292
262
217
157
125
71
13
-33
-58
-42
-25
-19
-20
-30
-40
-40
-45
-59
-80
-115
-141
-184
-245
-307
-345
-327
-272
-218
-182
-156
-140
-132
-125
-133
-138
-143
-140
-142
-143
-144
-153
-161
-175
-184
-197
-205
-209
-212
-212
-212
-203
-198
-188
-181
-182
-217
-261
-304
-325
-304
-275
-258
-256
-267
-280
-285
-266
-159
136
490
739
833
750
593
414
205
96
109
168
180
167
126
108
86
63
38
14
-9
-9
-4
19
57
90
116
144
183
230
264
267
239
177
145
109
57
20
19
51
94
102
91
80
79
70
40
-25
-71
-102
-126
-148
-186
-200
-203
-188
-168
-153
-135
-126
-120
-121
-124
-131
-146
-160
-178
-192
-207
-217
-228
-239
-248
-255
-259
-264
-267
-270
-273
-275
-274
-273
-274
-299
-334
-381
-398
-365
-321
-285
-266
-271
-289
-311
-312
-295
-260
-233
-220
-222
-228
-228
-242
-266
-298
-318
-318
-295
-266
-251
-242
-244
-249
-262
-272
-278
-269
-248
-218
-196
-193
-188
-183
-183
-184
-192
-199
-212
-213
-210
-194
-171
-149
-134
-142
-146
-75
236
630
894
980
852
705
584
459
435
462
460
423
368
316
280
257
241
232
232
257
299
367
452
522
518
488
425
395
375
376
375
381
394
415
421
390
305
239
163
127
78
58
46
65
87
98
105
104
98
78
58
33
12
-2
-16
-19
-28
-27
-38
-47
-57
-62
-68
-75
-84
-100
-143
-186
-230
-245
-233
-207
-187
-180
-183
-188
-211
-236
-264
-274
-276
-263
-250
-244
-243
-262
-249
-34
312
611
770
763
615
473
258
122
107
145
158
163
143
141
120
83
34
-1
-9
3
35
65
103
144
193
243
263
246
199
166
132
101
88
75
86
95
84
68
57
48
21
-14
-45
-79
-90
-99
-109
-125
-141
-158
-180
-200
-223
-242
-262
-280
-292
-306
-323
-347
-394
-442
-483
-488
-462
-429
-403
-390
-409
-431
-470
-492
-497
-484
-478
-442
-210
124
404
530
524
372
249
65
-32
-1
49
74
70
55
38
16
-27
-63
-79
-77
-63
-37
1
41
95
164
220
266
245
219
173
146
126
113
104
114
128
120
109
110
93
68
31
8
-7
-5
-16
-25
-45
-65
-83
-109
-131
-155
-179
-203
-224
-236
-251
-264
-274
-283
-292
-302
-330
-377
-422
-443
-427
-400
-370
-355
-362
-388
-410
-369
-107
259
534
601
538
376
293
172
113
127
142
136
131
119
103
79
47
23
13
19
35
64
93
123
163
229
309
399
451
433
385
277
197
154
130
142
153
156
154
148
145
119
90
71
59
59
47
37
16
-12
-31
-55
-81
-102
-122
-140
-153
-165
-180
-202
-226
-272
-308
-337
-332
-300
-262
-229
-218
-232
-247
-261
-256
-243
-218
-197
-190
-194
-204
-225
-248
-260
-261
-256
-245
-232
-227
-232
-249
-270
-293
-305
-304
-300
-286
-271
-264
-271
-285
-293
-294
-287
-275
-266
-255
-237
-231
-238
-243
-243
-234
-229
-229
-239
-247
-255
-256
-246
-229
-202
-181
-174
-169
-159
-150
-145
-135
-128
-123
-115
-108
-101
-101
-93
-91
-90
-90
-87
-81
-73
-61
-49
-85
-93
121
462
738
835
727
508
377
220
147
173
241
350
466
523
493
387
277
248
319
429
518
517
464
403
385
396
387
399
435
504
542
489
371
250
166
145
136
155
187
207
207
213
250
292
269
176
40
-60
-137
-191
-223
-206
-151
-86
-35
13
43
67
85
99
106
107
103
96
88
78
76
67
59
47
37
22
6
-13
-42
-79
-117
-146
-155
-143
-114
-92
-80
-79
-103
-135
-167
-185
-185
-172
-151
-135
-133
-139
-160
-193
-229
-280
-229
41
359
583
555
357
118
-64
-147
-88
-8
48
65
78
74
44
13
0
-3
13
43
85
123
165
242
336
388
386
305
210
167
145
146
148
157
168
172
177
170
163
154
128
95
60
39
39
38
36
35
22
11
-2
-13
-29
-52
-86
-125
-174
-205
-231
-224
-205
-179
-163
-156
-165
-190
-221
-251
-265
-267
-258
-241
-230
-228
-229
-235
-250
-275
-296
-318
-315
-305
-284
-268
-250
-239
-239
-242
-257
-276
-292
-302
-292
-279
-254
-233
-221
-218
-220
-222
-227
-229
-227
-225
-223
-224
-220
-220
-215
-210
-207
-205
-204
-206
-225
-253
-301
-346
-381
-381
-342
-298
-264
-243
-255
-273
-224
62
429
714
783
705
539
430
261
147
143
160
187
220
307
422
482
443
338
237
177
183
268
414
556
590
532
433
381
368
367
358
366
439
525
552
460
309
180
118
87
84
101
124
148
162
197
283
324
273
131
-61
-151
-216
-271
-294
-274
-201
-132
-85
-54
-29
7
33
54
64
73
88
97
101
99
99
94
90
82
66
45
14
-22
-70
-93
-106
-96
-78
-59
-46
-47
-46
-53
-62
-74
-79
-87
-94
-103
-124
-160
-192
-59
148
343
387
272
1
-210
-382
-399
-302
-164
-32
81
108
72
-12
-82
-111
-112
-107
-78
-36
9
117
233
350
386
339
240
173
125
127
125
138
141
158
156
153
155
149
142
136
124
113
101
87
67
42
20
0
-24
-40
-71
-108
-159
-195
-221
-222
-206
-178
-161
-146
-143
-153
-184
-226
-268
-317
-291
-88
135
312
263
103
-188
-384
-529
-476
-287
-103
26
114
143
129
66
-12
-62
-80
-78
-60
-31
2
35
83
192
287
364
346
244
134
59
30
20
26
23
33
44
57
63
65
68
68
66
65
60
44
23
-1
-24
-46
-73
-105
-150
-201
-260
-292
-316
-303
-277
-240
-213
-199
-188
-190
-189
-193
-195
-213
-175
-17
165
292
209
22
-282
-506
-602
-510
-283
-115
-3
58
106
121
71
7
-37
-53
-50
-33
-7
15
41
64
95
191
287
372
352
251
123
32
-21
-29
-23
-20
-12
12
24
33
41
43
44
49
46
36
12
-8
-36
-55
-77
-90
-119
-142
-173
-210
-225
-231
-211
-190
-169
-147
-145
-146
-151
-166
-185
-208
-238
-254
-268
-253
-234
-214
-197
-190
-182
-195
-213
-253
-298
-331
-338
-316
-295
-269
-248
-248
-275
-255
-84
129
378
403
282
-25
-262
-411
-355
-151
15
64
15
-60
-121
-123
-126
-113
-81
28
174
286
290
232
187
186
206
208
206
218
233
247
241
258
348
431
446
324
147
-1
-61
-89
-90
-82
-53
-20
-3
12
28
25
25
18
25
33
46
47
46
37
27
1
-35
-69
-118
-147
-172
-176
-166
-154
-135
-126
-129
-142
-161
-179
-201
-218
-226
-235
-231
-239
-132
78
272
411
332
156
-168
-423
-556
-452
-224
-42
78
134
126
88
30
-3
-12
-10
-3
6
27
55
77
139
230
358
391
351
254
204
175
160
130
85
61
65
73
87
100
106
115
118
121
116
102
88
66
41
13
-13
-42
-86
-111
-137
-138
-127
-105
-85
-75
-69
-81
-99
-119
-149
-174
-221
-208
-71
61
196
133
-3
-224
-415
-534
-518
-390
-261
-204
-151
-86
33
91
87
29
-37
-73
-83
-77
-59
-28
2
28
46
64
76
85
96
99
100
97
92
80
56
33
0
-34
-61
-76
-80
-81
-74
-76
-91
-117
-141
-166
-199
-223
-264
-293
-231
-109
-13
55
-33
-168
-438
-604
-640
-479
-262
-109
-24
7
2
-29
-88
-147
-175
-184
-188
-177
-141
-95
-35
26
84
131
170
205
221
239
247
250
245
238
231
218
204
187
169
146
122
93
50
-1
-54
-103
-141
-176
-192
-193
-192
-190
-208
-236
-265
-288
-303
-308
-299
-293
-288
-289
-304
-328
-346
-358
-369
-366
-356
-349
-341
-340
-343
-348
-356
-358
-366
-396
-351
-201
-100
109
127
82
-179
-446
-618
-537
-345
-199
-135
-134
-135
-132
-137
-131
-95
-7
58
59
76
120
231
303
285
239
224
235
265
296
348
418
463
390
336
287
307
307
236
158
117
109
122
137
147
157
173
193
206
203
196
180
166
156
153
148
139
129
122
107
93
79
57
23
-5
-37
-56
-75
-78
-79
-90
-77
-25
-28
43
-4
-79
-264
-489
-620
-598
-444
-280
-156
-78
9
83
79
38
22
73
158
172
120
76
76
102
145
177
209
229
243
254
264
265
262
260
252
244
236
229
221
215
210
201
189
178
165
140
108
83
50
24
-4
-13
-10
-1
8
0
-19
-41
-53
-72
-82
-87
-88
-94
-114
-121
-140
-152
-160
-173
-179
-180
-187
-197
-210
-222
-232
-244
-248
-252
-248
-241
-242
-245
-250
-255
-254
-256
-251
-238
-228
-222
-224
-230
-234
-237
-238
-239
-246
-243
-235
-105
30
177
232
200
59
-163
-364
-396
-303
-225
-185
-156
-114
-74
-1
50
21
40
51
135
229
270
286
300
310
353
436
491
489
495
495
535
507
445
373
338
329
337
354
368
373
385
431
459
363
291
201
177
177
110
45
7
11
50
81
116
145
168
183
194
206
220
231
240
241
235
223
217
200
180
167
155
156
159
163
151
136
121
116
106
97
86
86
91
83
56
18
32
53
74
130
63
-36
-311
-530
-606
-508
-341
-196
-97
-21
13
-30
-45
-26
34
48
2
-29
-26
8
57
108
149
183
212
229
245
253
263
267
269
267
258
243
225
208
177
153
127
117
113
110
97
73
54
42
25
3
-18
-26
-28
-38
-54
-75
-89
-100
-105
-118
-129
-123
-118
-123
-144
-168
-187
-201
-202
-202
-200
-188
-151
-198
-114
19
155
253
96
-171
-519
-783
-874
-800
-643
-523
-453
-399
-351
-293
-250
-298
-279
-255
-171
-121
-106
-80
-36
-7
-50
-59
-9
124
234
231
196
147
156
165
136
53
32
56
137
154
88
20
-22
-28
-10
12
32
64
88
106
122
132
146
146
138
111
83
68
55
56
43
48
53
64
67
62
50
37
20
-9
-32
3
-16
38
-32
-141
-346
-567
-672
-599
-433
-272
-145
-77
-33
22
52
-7
-30
-41
39
135
132
85
49
45
76
116
159
189
217
230
243
251
254
250
245
235
215
196
181
162
149
132
126
129
134
134
122
101
88
82
69
53
40
45
50
53
38
12
-2
-6
-14
-27
-38
-46
-41
-39
-50
-72
-98
-108
-117
-124
-133
-135
-131
-130
-131
-152
-183
-210
-222
-238
-247
-263
-259
-250
-239
-232
-239
-246
-260
-264
-172
-94
32
59
9
-148
-470
-761
-820
-655
-449
-347
-352
-355
-333
-298
-251
-185
-195
-113
-99
-25
23
49
63
86
116
161
201
243
304
345
344
341
332
353
327
252
194
155
170
186
216
237
259
273
286
300
312
308
299
275
248
229
219
199
187
171
171
175
179
175
152
137
130
123
109
89
80
82
90
90
78
53
35
28
16
5
-7
-11
-8
-1
0
-20
-43
-54
-56
-56
-60
-68
-69
-63
-56
-65
-88
-110
-124
-132
-134
-139
-136
-125
-107
-96
-113
-163
-180
-70
-13
154
156
100
-93
-421
-696
-732
-522
-240
-79
-72
-144
-207
-231
-199
-135
-135
-36
4
104
176
179
169
159
167
186
214
238
282
331
300
306
287
299
276
203
119
68
59
81
109
131
150
162
176
196
215
225
233
232
224
207
194
178
160
137
127
126
128
132
118
96
78
78
72
66
56
45
35
20
62
59
50
57
-51
-159
-418
-606
-668
-564
-403
-266
-193
-149
-168
-48
-29
50
35
-15
-50
-80
-104
-91
-44
10
57
97
126
153
172
189
201
200
201
188
165
152
144
130
120
105
104
113
120
120
107
89
80
76
64
51
39
42
47
51
25
3
56
59
122
70
-48
-247
-529
-730
-773
-640
-457
-309
-158
-20
97
104
22
-73
-113
-117
-107
-87
-45
-7
39
74
105
134
155
172
181
192
202
208
197
178
152
132
110
98
80
74
87
96
101
91
72
51
43
41
27
11
-1
7
19
25
19
-1
-32
-51
-56
-69
-82
-98
-105
-105
-101
-103
-117
-143
-166
-181
-188
-204
-210
-224
-222
-208
-196
-193
-214
-241
-268
-272
-273
-276
-277
-279
-261
-237
-209
-192
-213
-239
-124
-18
173
205
147
-17
-349
-649
-699
-547
-332
-261
-305
-340
-319
-290
-205
-190
-53
-15
40
23
13
23
43
87
132
189
232
270
297
291
442
506
495
366
181
107
82
88
95
130
156
181
201
220
235
246
252
260
259
254
248
232
203
173
151
136
117
104
90
95
105
118
122
107
87
71
68
66
60
47
32
26
83
150
159
186
66
-48
-276
-508
-641
-606
-466
-317
-227
-270
-107
12
160
159
-2
-102
-114
-116
-118
-104
-56
-12
30
68
104
126
148
165
175
185
195
198
189
171
148
128
114
94
85
69
75
88
93
101
92
70
47
32
25
8
-10
-23
-14
-6
8
14
6
-16
-45
-69
-80
-93
-107
-123
-127
-115
-96
-92
-91
-110
-138
-156
-166
-179
-191
-204
-215
-207
-199
-186
-189
-205
-234
-265
-287
-298
-300
-305
-308
-300
-289
-300
-300
-98
15
248
245
153
-46
-367
-634
-648
-476
-272
-219
-276
-323
-317
-268
-188
-111
-30
-22
12
-8
-17
-16
-6
27
72
122
164
195
234
213
335
439
503
437
253
123
78
80
83
108
139
161
183
209
220
232
242
249
250
243
240
233
234
230
226
219
213
209
200
179
141
102
70
38
24
9
17
38
54
61
48
25
3
-15
-23
-33
-53
-57
-48
-38
-30
-31
-45
-72
-102
-124
-142
-163
-179
-195
-198
-182
-168
-164
-165
-175
-195
-221
-236
-247
-259
-274
-283
-277
-262
-244
-224
-217
-207
-193
-176
-162
-151
-145
-87
-47
115
252
366
295
-17
-435
-775
-713
-544
-294
-230
-294
-341
-344
-347
-318
-263
-63
8
63
22
-42
-59
-35
-6
49
92
145
184
245
247
343
423
536
507
357
180
74
63
66
78
103
125
150
180
197
211
211
223
228
232
231
234
227
226
225
222
223
214
212
199
192
179
167
157
143
137
127
120
115
106
95
85
80
70
66
62
59
49
45
40
32
29
23
21
13
12
7
-4
-11
-19
-25
-32
-35
-43
-51
-65
-67
-73
-78
-88
-96
-97
-107
-108
-116
-117
-118
-113
-112
-106
-97
-95
-107
-116
-31
78
156
126
3
-159
-446
-741
-904
-813
-621
-477
-478
-544
-571
-568
-462
-390
-238
-154
-88
-74
-121
-152
-150
-135
-92
-43
26
89
144
155
305
414
537
438
268
121
51
56
57
81
117
151
186
210
247
285
286
275
314
400
416
273
43
-122
-155
-125
-89
-53
-28
-23
21
111
263
383
357
209
2
-123
-178
-149
-92
-40
33
77
123
159
191
208
214
215
216
227
234
241
243
241
218
189
155
131
101
87
64
59
76
86
90
80
66
52
46
35
7
-16
-30
-18
-8
-5
-19
-47
-76
-92
-99
-118
-139
-159
-158
-148
-135
-121
-125
-142
-162
-178
-184
-196
-206
-223
-231
-220
-203
-187
-187
-203
-233
-250
-253
-260
-273
-292
-294
-281
-253
-220
-185
-163
-147
-158
-199
-118
59
179
254
183
71
-150
-421
-637
-611
-415
-203
-154
-233
-317
-295
-178
-157
-82
-118
-82
-35
-22
-7
27
96
205
285
300
335
273
270
208
142
89
83
97
127
152
183
210
229
253
277
311
338
325
297
322
380
344
187
-39
-187
-201
-167
-123
-78
-59
-55
-19
86
227
293
189
3
-178
-259
-255
-216
-143
-79
-5
44
81
127
157
183
193
193
200
210
221
227
233
227
217
207
200
193
190
187
181
173
163
155
148
138
135
127
120
112
104
98
90
89
87
76
66
58
46
40
30
21
12
2
-6
-16
-23
-34
-43
-59
-75
-93
-114
-128
-142
-153
-167
-174
-188
-198
-206
-206
-203
-198
-191
-187
-188
-201
-206
-102
-11
44
-42
-190
-354
-602
-874
-1066
-1065
-825
-595
-482
-515
-624
-648
-632
-561
-426
-358
-146
-99
-52
-130
-176
-163
-137
-109
-55
-10
47
107
145
339
434
428
258
45
-45
-35
-20
-8
3
23
57
90
127
171
222
240
220
221
275
314
215
38
-148
-232
-213
-180
221
