39
152
257
343
455
506
471
398
265
132
18
-83
-138
-163
-175
-180
-177
-164
-157
-141
-128
-121
-114
-97
-85
-69
-63
-51
-50
-41
-35
-24
-23
-25
-31
-50
-68
-90
-107
-114
-81
-35
5
47
63
75
120
161
161
188
166
106
65
51
32
11
-18
-48
-77
-105
-123
-133
-141
-150
-171
-195
-212
-222
-216
-197
-171
-150
-128
-112
-102
-87
-69
-53
-41
-30
-18
-5
5
18
33
42
44
38
20
-16
-57
-85
-86
49
184
307
353
296
341
310
277
230
148
94
23
-65
-129
-163
-182
-189
-189
-179
-168
-156
-138
-123
-112
-103
-93
-85
-76
-64
-58
-56
-52
-45
-42
-44
-53
-66
-80
-96
-100
-96
-82
-60
-47
-33
-16
4
38
68
111
171
194
199
162
110
75
47
23
-4
-24
-43
-62
-78
-84
-91
-94
-91
-87
-83
-78
-71
-68
-66
-60
-57
-54
-48
-39
-28
-23
-13
1
4
7
14
22
30
37
42
45
41
44
41
41
44
41
42
42
46
45
43
43
33
9
-32
-65
-82
-1
148
246
373
389
462
431
302
140
-1
-83
-131
-166
-192
-213
-222
-224
-220
-212
-206
-202
-191
-180
-164
-151
-137
-127
-123
-122
-119
-119
-122
-127
-134
-142
-144
-130
-116
-96
-79
-65
-58
-63
-65
-74
-73
-76
-77
-81
-82
-75
-74
-70
-67
-60
-54
-53
-41
-35
-24
-19
-27
-34
-62
-91
-121
-90
6
126
231
281
283
317
302
275
201
118
48
6
-34
-76
-98
-101
-102
-92
-88
-89
-84
-75
-70
-75
-73
-72
-73
-78
-76
-72
-52
-48
-44
-11
33
91
121
139
145
148
116
87
56
32
26
18
9
-2
-5
15
20
7
-17
-42
-56
-61
-60
-67
-67
-62
-57
-50
-45
-40
-44
-46
-38
-34
-33
-30
-32
-26
-23
-10
1
8
16
21
19
3
-17
-54
-82
-72
30
162
267
358
390
452
470
401
291
163
83
20
-32
-61
-83
-98
-109
-111
-115
-112
-105
-93
-86
-74
-62
-58
-56
-54
-59
-69
-77
-79
-80
-84
-90
-92
-90
-78
-63
-8
36
53
21
-37
-47
-28
0
19
31
38
25
20
5
-4
-26
-57
-78
-70
-22
10
13
-9
-20
-9
14
26
13
-9
-41
-58
-62
-59
-46
-36
-27
-19
-9
-3
8
18
29
32
38
47
53
60
69
75
79
81
87
91
91
94
97
97
99
105
103
109
111
113
106
98
76
37
-10
-44
-41
57
189
293
440
570
627
595
377
170
35
-48
-111
-153
-177
-191
-190
-186
-181
-173
-159
-144
-130
-117
-109
-104
-107
-95
-97
-98
-101
-105
-107
-110
-115
-125
-132
-134
-131
-133
-139
-136
-118
-82
-43
21
62
89
88
62
67
91
106
82
35
-25
-73
-109
-134
-159
-185
-179
-113
-11
67
129
182
237
263
211
114
48
8
-15
-48
-72
-87
-90
-95
-93
-92
-87
-71
-59
-48
-38
-22
-12
-2
12
20
26
34
45
51
59
66
69
71
69
73
71
73
75
75
73
71
70
66
61
61
62
57
55
46
33
21
-3
-38
-89
-127
-133
-57
56
166
301
479
664
646
476
190
27
-66
-151
-220
-262
-286
-298
-294
-279
-260
-233
-208
-187
-170
-159
-153
-145
-136
-129
-130
-129
-124
-125
-126
-131
-136
-136
-140
-133
-135
-133
-123
-110
-92
-66
-48
-34
-15
1
7
-2
-4
-5
-21
-46
-73
-88
-94
-99
-97
-99
-98
-96
-96
-97
-104
-118
-141
-162
-172
-132
-42
60
152
227
361
481
519
420
268
153
62
-10
-69
-103
-119
-128
-131
-134
-132
-123
-115
-105
-86
-73
-63
-53
-45
-42
-43
-42
-39
-43
-46
-38
-26
-19
-25
-40
-44
-43
33
144
248
289
222
119
47
12
-3
-7
-3
-9
-15
-11
-9
-7
-10
-5
-1
1
10
17
20
24
29
34
34
37
37
33
29
36
39
41
45
42
37
34
30
16
-18
-57
-95
-88
10
127
217
355
531
601
564
327
97
-16
-95
-157
-210
-243
-264
-270
-271
-261
-249
-231
-216
-191
-167
-150
-133
-120
-106
-101
-98
-94
-88
-83
-88
-92
-90
-68
-41
-29
-38
-55
-66
-58
-40
-27
-13
1
10
22
25
41
45
36
23
4
0
-2
-1
-7
-15
-24
-20
-24
-24
-26
-31
-32
-37
-40
-58
-81
-107
-130
-131
-35
87
203
305
355
438
475
447
396
309
208
110
13
-56
-96
-117
-129
-134
-130
-122
-112
-95
-82
-70
-61
-50
-43
-46
-47
-52
-63
-73
-66
-54
-47
-58
-74
-77
-57
-32
-8
1
54
106
124
105
56
23
13
2
-14
-32
-40
-41
-40
-37
-32
-24
-19
-10
2
8
17
28
35
40
46
51
58
61
69
73
72
71
73
72
72
79
82
83
81
69
40
3
-38
-63
-11
132
231
349
451
567
547
408
184
53
-36
-109
-159
-195
-212
-218
-221
-221
-220
-209
-203
-188
-171
-156
-148
-142
-135
-133
-138
-134
-131
-129
-141
-151
-156
-150
-124
-106
-91
-99
-120
-160
-176
-152
-82
-25
-1
-1
-13
-17
-19
-6
9
21
17
-5
-27
-44
-57
-70
-70
-70
-62
-58
-52
-46
-47
-38
-33
-28
-23
-13
0
6
22
35
49
59
70
75
77
76
77
74
68
63
32
-7
-43
-32
87
221
347
421
477
512
520
425
285
158
62
-11
-61
-104
-132
-151
-152
-149
-140
-126
-112
-103
-98
-88
-86
-79
-83
-83
-77
-72
-69
-89
-95
-88
-61
-43
-36
-36
-27
-16
15
34
56
87
117
117
92
57
37
16
-1
-20
-45
-59
-73
-86
-96
-100
-105
-107
-110
-103
-97
-91
-80
-74
-68
-64
-52
-45
-36
-24
-17
-14
-9
-4
-3
2
8
17
16
17
20
8
-6
-33
-71
-115
-90
39
176
299
391
476
491
459
314
170
63
-3
-65
-107
-137
-162
-178
-180
-169
-159
-152
-141
-132
-121
-110
-103
-96
-98
-106
-107
-103
-100
-96
-114
-120
-108
-71
-40
-21
-19
-35
-51
-56
-68
-74
-86
-47
-11
35
41
21
27
43
70
62
41
16
3
-3
-12
-20
-23
-27
-27
-35
-44
-53
-64
-71
-71
-65
-56
-47
-38
-29
-22
-10
0
16
28
46
61
69
73
80
82
87
89
89
87
84
83
80
80
70
35
-17
-72
-83
13
117
233
343
507
664
669
514
272
106
2
-88
-156
-199
-226
-242
-249
-249
-240
-222
-196
-174
-153
-133
-118
-110
-104
-105
-82
-71
-53
-67
-75
-76
-67
-64
-65
-63
-61
-56
-51
-57
-83
-79
-42
14
44
33
28
35
58
64
38
3
-17
-29
-41
-54
-58
-62
-69
-77
-84
-91
-91
-90
-88
-91
-90
-91
-90
-84
-67
-57
-40
-27
-13
0
10
25
29
38
51
63
68
71
75
71
75
75
77
78
79
82
81
76
77
74
71
65
59
53
51
54
53
53
54
55
52
49
56
58
61
64
60
56
54
59
59
56
54
52
49
50
53
53
52
52
52
50
40
21
-18
-62
-97
-56
29
129
232
368
594
682
601
352
83
-52
-126
-181
-219
-243
-262
-275
-276
-273
-260
-250
-236
-223
-199
-185
-180
-180
-176
-167
-165
-165
-173
-178
-167
-144
-136
-140
-161
-173
-175
-168
-154
-135
-112
-90
-80
-89
-101
-109
-117
-118
-109
-102
-91
-85
-70
-59
-51
-45
-38
-30
-20
-9
-8
-2
3
8
10
13
16
17
16
29
33
35
32
33
35
39
42
50
48
53
51
25
-17
-62
-56
52
176
306
425
531
587
598
481
355
214
93
-8
-80
-126
-164
-184
-191
-184
-173
-152
-133
-113
-96
-85
-89
-80
-64
-54
-58
-79
-90
-94
-86
-83
-78
-70
-68
-77
-89
-99
-101
-113
-121
-124
-126
-129
-136
-137
-141
-141
-137
-135
-129
-122
-112
-96
-84
-67
-49
-34
-21
-8
3
16
31
41
48
51
50
41
37
36
32
5
-31
-75
-75
18
138
254
387
578
655
620
402
187
79
-2
-73
-132
-166
-187
-194
-205
-205
-193
-174
-147
-128
-106
-99
-94
-71
-50
-29
-25
-35
-52
-56
-50
-46
-51
-57
-73
-78
-80
-75
-66
-69
-72
-74
-76
-75
-75
-73
-72
-69
-71
-78
-80
-78
-71
-65
-59
-54
-45
-35
-18
-9
1
13
26
32
45
51
58
66
70
65
38
-7
-55
-55
50
172
301
466
648
707
662
468
320
227
138
34
-46
-92
-125
-143
-158
-160
-151
-128
-116
-99
-87
-75
-83
-67
-46
-26
-21
-24
-43
-45
-24
-24
-21
-47
-66
-70
-70
-69
-68
-70
-70
-65
-64
-66
-61
-68
-73
-78
-77
-74
-67
-63
-63
-62
-63
-57
-54
-48
-37
-27
-15
-1
13
23
34
47
61
66
72
83
85
91
95
99
99
100
97
92
86
84
83
79
75
72
65
60
57
57
53
52
49
46
45
44
48
46
50
51
50
51
52
57
62
68
74
72
70
71
66
64
62
58
51
51
59
53
52
55
52
50
49
51
53
53
57
56
52
50
49
49
44
43
43
42
41
44
35
23
-15
-67
-117
-105
-20
74
168
318
529
630
580
349
92
-33
-106
-165
-210
-235
-256
-273
-277
-271
-255
-246
-239
-231
-226
-214
-211
-211
-226
-219
-207
-188
-181
-190
-206
-212
-197
-178
-163
-154
-147
-153
-163
-177
-151
-120
-93
-89
-92
-71
-50
-47
-65
-64
-23
14
27
-1
-45
-73
-84
-76
-70
-61
-55
-54
-46
-45
-37
-35
-31
-24
-20
-10
-4
7
12
12
18
27
34
47
47
55
55
63
72
73
85
90
91
95
97
95
94
94
82
44
-1
-45
4
118
238
377
494
610
661
597
482
353
227
106
4
-58
-105
-137
-152
-151
-145
-129
-112
-104
-101
-104
-102
-87
-72
-54
-67
-75
-91
-100
-97
-83
-75
-81
-104
-120
-129
-147
-156
-159
-157
-154
-149
-144
-139
-133
-128
-125
-121
-117
-114
-114
-107
-101
-95
-83
-68
-57
-34
-16
0
13
22
36
41
48
54
58
57
59
65
63
68
74
77
80
76
80
78
82
86
83
81
77
76
73
74
74
78
77
76
78
75
74
73
73
67
63
62
60
57
59
58
55
56
54
53
49
48
49
47
47
44
37
33
36
39
39
42
42
35
25
4
-39
-81
-77
-3
75
151
260
446
650
641
483
224
67
-11
-88
-152
-194
-227
-251
-266
-266
-266
-253
-245
-225
-210
-195
-185
-185
-186
-182
-180
-180
-187
-173
-152
-137
-131
-144
-150
-151
-151
-152
-146
-129
-120
-132
-147
-161
-132
-101
-81
-94
-91
-69
-26
-25
-59
-86
-89
-76
-59
-61
-71
-76
-72
-66
-61
-55
-53
-51
-47
-36
-31
-17
-7
3
6
14
22
29
41
47
52
53
58
63
66
67
71
71
71
73
72
65
59
30
-4
-53
-39
70
177
288
441
572
666
649
545
445
335
213
79
-22
-80
-130
-162
-179
-175
-165
-151
-141
-131
-128
-130
-111
-91
-71
-66
-70
-90
-98
-72
-64
-50
-67
-93
-117
-117
-119
-119
-125
-128
-126
-124
-130
-138
-141
-128
-114
-105
-106
-105
-98
-92
-83
-73
-66
-61
-52
-41
-36
-29
-22
-12
-7
-19
-38
-71
-21
113
233
325
409
435
459
436
376
323
250
148
48
-21
-77
-104
-120
-134
-136
-138
-136
-123
-108
-100
-94
-96
-91
-63
-47
-26
-32
-36
-34
-29
-33
-44
-56
-64
-59
-50
-54
-64
-72
-83
-92
-103
-106
-106
-107
-105
-112
-124
-127
-125
-118
-110
-98
-81
-67
-53
-35
-21
-13
-1
5
10
13
-5
-23
-50
32
156
265
376
454
516
503
466
389
337
260
157
61
1
-49
-85
-109
-129
-131
-134
-132
-127
-116
-110
-106
-103
-115
-119
-85
-58
-46
-38
-27
3
47
59
59
23
3
-3
-8
-5
-7
-24
-51
-80
-99
-108
-110
-114
-113
-110
-102
-93
-87
-76
-64
-49
-40
-27
-23
-16
-14
-6
3
4
18
26
30
36
45
48
53
52
60
53
56
53
51
54
57
59
56
58
59
55
49
43
3
-30
-92
-83
16
136
288
490
688
713
616
370
214
143
58
-20
-82
-126
-161
-180
-197
-199
-196
-188
-162
-140
-115
-97
-81
-90
-92
-91
-99
-96
-105
-120
-143
-152
-146
-127
-110
-93
-94
-82
-64
-55
-42
-31
3
19
9
-26
-71
-93
-110
-111
-110
-110
-105
-100
-94
-85
-79
-78
-74
-64
-55
-51
-41
-36
-26
-22
-13
-2
2
9
14
16
20
30
32
9
-12
-34
43
145
261
370
502
608
601
513
365
296
220
134
46
-21
-77
-119
-144
-164
-179
-178
-168
-156
-150
-143
-142
-154
-130
-106
-82
-66
-54
-38
-13
8
7
-8
-23
-30
-34
-40
-58
-71
-83
-96
-110
-128
-138
-143
-145
-147
-146
-136
-124
-110
-94
-78
-62
-47
-36
-25
-13
-2
6
12
18
4
-21
-55
-11
98
195
279
372
459
524
493
394
305
240
163
71
-3
-52
-101
-132
-145
-155
-167
-176
-180
-174
-169
-164
-167
-169
-166
-160
-152
-142
-131
-120
-117
-109
-103
-92
-83
-72
-66
-60
-52
-46
-38
-33
-29
-25
-26
-27
-24
-26
-33
-53
-77
-81
17
108
193
246
363
550
590
517
341
200
146
87
14
-53
-104
-148
-191
-216
-230
-228
-221
-202
-184
-165
-148
-128
-119
-104
-92
-81
-76
-70
-59
-52
-48
-46
-46
-46
-46
-44
-45
-48
-47
-49
-55
-57
-58
-56
-58
-58
-53
-60
-64
-61
-62
-57
-53
-49
-43
-41
-42
-40
-41
-38
-35
-33
-32
-33
-35
-32
-31
-24
-31
-31
-37
-42
-48
-83
-113
-167
-120
-18
116
264
513
725
748
597
322
162
82
0
-81
-136
-165
-195
-207
-223
-228
-223
-203
-181
-156
-138
-144
-138
-139
-132
-134
-123
-130
-142
-151
-158
-149
-134
-112
-109
-99
-108
-113
-115
-91
-66
-56
-63
-89
-120
-143
-159
-168
-173
-171
-165
-164
-157
-150
-145
-143
-142
-145
-140
-139
-128
-120
-116
-110
-105
-105
-97
-111
-119
-141
-77
43
154
245
331
391
444
418
344
282
211
143
64
3
-35
-67
-90
-94
-88
-90
-89
-78
-68
-48
-44
-42
-44
-55
-65
-80
-95
-107
-110
-112
-110
-99
-93
-85
-75
-63
-53
-46
-32
-22
-13
-1
11
16
19
26
32
39
49
54
56
59
63
65
70
71
71
70
69
77
76
80
84
83
78
76
73
73
73
70
69
60
58
59
57
59
59
58
59
58
58
58
58
61
63
64
63
60
60
58
56
57
50
45
44
22
-8
-59
-63
26
145
290
512
770
830
741
463
254
160
86
7
-43
-83
-118
-140
-151
-150
-134
-113
-98
-90
-78
-73
-66
-64
-68
-73
-79
-75
-58
-47
-50
-57
-73
-78
-77
-80
-81
-87
-94
-111
-130
-124
-118
-108
-92
-53
-17
25
46
45
48
44
57
49
21
-23
-60
-81
-92
-95
-98
-98
-93
-87
-79
-69
-59
-49
-44
-37
-28
-22
-13
-3
5
14
28
36
42
49
55
59
52
31
4
2
97
176
267
360
463
537
536
479
417
372
283
179
82
14
-39
-78
-98
-112
-117
-118
-115
-104
-92
-91
-91
-97
-106
-117
-121
-120
-120
-118
-112
-106
-101
-93
-83
-77
-70
-59
-53
-44
-34
-27
-26
-22
-20
-18
-17
-13
-7
-7
-6
-4
0
1
10
15
18
29
29
31
30
32
30
25
27
24
25
27
30
37
37
24
0
-25
2
45
100
107
160
427
694
808
683
372
210
114
37
-43
-116
-170
-201
-225
-226
-217
-198
-177
-158
-159
-156
-154
-143
-142
-137
-139
-135
-135
-134
-135
-143
-155
-162
-161
-144
-131
-126
-126
-131
-127
-136
-132
-119
-109
-107
-111
-111
-111
-108
-107
-109
-105
-102
-93
-87
-90
-86
-85
-83
-76
-68
-71
-66
-67
-72
-88
-102
-114
-57
46
140
235
316
385
397
376
313
282
244
176
119
53
-17
-72
-98
-101
-87
-71
-66
-60
-47
-30
-23
-25
-38
-44
-56
-66
-82
-96
-104
-106
-111
-110
-109
-105
-99
-93
-80
-70
-61
-55
-42
-38
-31
-21
-12
-8
-2
6
16
20
23
24
29
35
40
38
38
41
42
47
51
49
48
46
52
47
48
48
52
45
45
41
37
30
33
33
29
31
28
23
21
23
21
18
16
17
0
-34
-78
-82
0
101
221
432
726
843
794
522
286
183
110
24
-34
-86
-128
-160
-191
-205
-204
-178
-153
-134
-130
-132
-130
-120
-104
-98
-96
-107
-117
-126
-116
-93
-62
-51
-54
-68
-72
-51
6
19
21
-11
-43
-70
-84
-104
-122
-135
-136
-135
-135
-133
-129
-129
-124
-117
-114
-111
-106
-101
-97
-94
-83
-77
-66
-54
-44
-36
-23
-19
-12
-8
0
5
13
18
28
32
36
43
49
53
57
63
66
69
70
69
67
68
71
70
72
72
74
70
69
69
59
55
56
35
4
-38
-5
80
194
327
578
820
873
752
462
277
190
118
59
7
-43
-89
-119
-138
-145
-149
-137
-123
-109
-101
-92
-87
-85
-82
-85
-90
-104
-116
-130
-129
-114
-87
-73
-64
-62
-66
-63
-49
-45
-56
-79
-97
-110
-117
-112
-116
-122
-127
-131
-137
-138
-139
-140
-145
-141
-141
-144
-143
-132
-124
-119
-105
-103
-93
-90
-85
-88
-94
-83
12
104
202
291
367
423
432
392
331
284
219
146
71
13
-51
-76
-92
-85
-81
-86
-85
-73
-58
-55
-60
-76
-85
-86
-95
-110
-123
-126
-134
-134
-127
-117
-110
-110
-97
-89
-85
-69
-58
-52
-47
-38
-31
-18
-16
-3
-5
-7
3
3
-1
-8
-23
-2
82
147
220
314
469
582
583
506
401
343
262
153
62
5
-36
-50
-60
-71
-75
-78
-79
-85
-100
-115
-127
-130
-138
-143
-143
-143
-145
-148
-144
-138
-128
-118
-108
-102
-91
-78
-72
-62
-55
-49
-39
-39
-31
-28
-19
-9
-3
-3
-6
0
-2
-1
1
4
7
9
12
7
8
6
5
11
17
17
13
10
16
13
14
20
21
19
15
18
14
13
14
10
12
0
2
-1
-2
3
2
3
-15
-43
-85
-88
-4
96
215
443
733
812
732
435
207
117
49
-21
-79
-129
-169
-195
-211
-213
-194
-173
-154
-138
-136
-128
-118
-107
-101
-100
-100
-106
-121
-138
-126
-112
-78
-42
-41
-35
-39
-40
-33
-23
-35
-44
-74
-100
-118
-133
-141
-150
-156
-163
-161
-160
-162
-164
-164
-162
-159
-150
-144
-143
-140
-131
-123
-112
-104
-90
-84
-81
-77
-86
-89
-91
-27
51
146
253
381
477
505
449
331
279
228
162
91
14
-37
-61
-64
-63
-67
-86
-85
-75
-63
-62
-72
-89
-89
-96
-105
-121
-126
-132
-135
-136
-134
-130
-127
-119
-110
-103
-95
-80
-73
-62
-53
-46
-42
-41
-32
-28
-23
-17
-15
-7
-4
4
7
12
16
20
17
17
22
27
29
33
38
33
36
40
40
40
38
38
35
40
33
32
27
29
30
23
19
9
3
-2
-3
-3
-3
-2
-3
-7
-14
-21
-46
-88
-85
0
97
214
448
733
807
731
440
220
137
76
5
-47
-95
-136
-172
-203
-209
-198
-172
-143
-130
-126
-123
-120
-116
-112
-109
-102
-102
-108
-111
-96
-73
-50
-11
-11
2
12
4
13
37
41
41
12
-28
-67
-97
-118
-131
-139
-141
-145
-149
-152
-150
-143
-139
-132
-125
-123
-123
-117
-111
-108
-98
-91
-84
-81
-72
-67
-63
-53
-44
-39
-34
-22
-20
-15
-8
-5
-1
-1
1
3
3
8
11
9
5
12
8
11
14
15
14
16
16
18
20
22
25
22
22
21
21
22
24
29
25
28
21
19
20
-1
-28
-85
-43
41
170
348
646
840
867
672
379
245
166
93
25
-50
-98
-150
-190
-207
-181
-151
-119
-109
-117
-119
-121
-118
-110
-111
-105
-96
-95
-100
-76
-69
-51
-33
-39
-38
-26
-25
-3
30
43
45
14
-27
-67
-93
-111
-120
-134
-147
-152
-155
-150
-153
-150
-153
-153
-154
-155
-152
-154
-148
-142
-137
-128
-123
-117
-115
-107
-101
-89
-79
-68
-62
-51
-42
-43
-31
-22
-8
-1
4
10
13
18
23
24
25
27
33
34
36
38
42
41
42
43
45
50
57
56
55
51
57
52
55
60
66
64
58
52
23
-14
-35
26
114
237
439
717
867
844
607
347
228
159
76
15
-37
-76
-116
-145
-166
-163
-150
-127
-111
-106
-102
-107
-95
-101
-90
-87
-89
-83
-79
-61
-47
-31
-21
-30
-30
-19
-4
38
72
75
70
51
29
-2
-18
-18
-16
-35
-59
-78
-70
-50
-26
-19
14
63
94
100
81
73
64
53
32
-1
-17
-26
-40
-35
-27
-8
23
36
39
24
-3
-40
-56
-69
-76
-83
-86
-95
-97
-96
-89
-89
-86
-83
-80
-81
-78
-76
-69
-58
-51
-47
-47
-41
-37
-36
-27
-19
-21
-15
-18
-23
-12
-8
-1
1
2
12
10
13
16
18
19
21
17
19
21
20
25
21
23
20
19
20
23
21
22
22
14
14
10
12
14
15
20
21
22
27
30
35
29
3
-21
-63
-10
67
178
361
654
846
845
621
321
173
100
34
-10
-57
-105
-134
-171
-188
-185
-161
-137
-110
-110
-105
-98
-94
-101
-122
-132
-132
-116
-77
-61
-62
-86
-87
-60
-54
-59
-88
-110
-121
-128
-135
-135
-137
-121
-99
-107
-114
-107
-79
-44
-9
0
50
117
174
185
142
89
37
8
-21
-53
-74
-83
-78
-74
-83
-83
-66
-52
-44
-55
-75
-83
-83
-86
-86
-94
-91
-100
-100
-102
-99
-96
-90
-83
-81
-79
-72
-64
-63
-58
-53
-47
-41
-34
-27
-27
-16
-11
-5
-3
1
6
11
17
21
22
23
27
31
35
38
38
37
33
28
25
18
20
18
18
12
11
5
7
7
9
11
4
5
1
0
4
3
-24
-60
-86
-34
36
137
307
590
787
798
586
307
171
92
27
-41
-86
-122
-153
-176
-204
-221
-212
-179
-155
-135
-138
-137
-144
-139
-144
-145
-140
-137
-132
-122
-108
-94
-97
-108
