-187
-132
-53
29
158
294
418
486
491
457
397
331
261
186
109
33
-24
-69
-100
-125
-148
-168
-195
-221
-250
-277
-303
-329
-336
-323
-284
-238
-197
-178
-184
-242
-359
-500
-604
-620
-551
-413
-183
110
455
738
947
1054
994
848
674
544
474
397
302
221
221
154
112
69
32
-9
-29
-29
-13
10
30
-1
-67
-158
-212
-219
-181
-135
-93
-50
-61
-128
-205
-270
-306
-328
-352
-356
-321
-290
-307
-290
-267
-172
15
259
517
731
849
815
717
590
510
465
419
359
299
231
155
67
-3
-39
-48
-49
-61
-90
-126
-174
-252
-370
-505
-617
-637
-579
-457
-286
-105
93
278
444
553
608
604
545
434
266
84
-67
-102
-51
44
105
51
-50
-168
-242
-263
-250
-224
-154
-55
52
134
128
12
-224
-450
-537
-493
-276
-27
228
430
604
748
860
883
825
653
475
322
245
206
149
48
-23
-56
-68
-83
-102
-122
-122
-99
-74
-75
-107
-192
-286
-369
-405
-406
-420
-456
-476
-430
-331
-212
-88
-9
18
-12
-86
-140
-146
-82
100
296
437
474
339
127
-68
-144
-81
30
123
184
208
220
230
231
193
120
61
35
24
15
-58
-188
-322
-424
-375
-254
-51
142
272
318
319
331
396
486
560
585
566
528
484
401
301
172
16
-133
-226
-226
-156
-54
-21
-60
-162
-303
-420
-465
-402
-281
-144
-67
-100
-192
-292
-380
-412
-451
-448
-376
-233
-30
150
274
300
256
197
188
240
339
466
587
665
681
640
586
523
469
405
335
251
155
65
-1
-59
-118
-188
-272
-306
-305
-237
-143
-53
39
95
98
51
-23
-66
-27
94
262
416
524
565
513
381
200
72
61
125
211
257
205
77
-60
-178
-243
-276
-313
-317
-287
-237
-189
-186
-203
-237
-218
-160
-115
-129
-217
-312
-371
-391
-399
-374
-322
-216
-134
-55
44
139
179
173
190
313
474
641
735
763
733
641
493
336
199
89
5
-51
-88
-122
-174
-236
-304
-361
-412
-435
-434
-412
-376
-363
-384
-405
-415
-332
-227
-102
5
65
116
165
251
371
502
587
624
544
368
164
34
23
86
139
149
74
-40
-153
-224
-246
-266
-271
-248
-195
-136
-87
-78
-103
-170
-208
-215
-205
-195
-211
-239
-258
-257
-262
-256
-298
-409
-488
-549
-469
-257
-5
250
384
481
581
685
778
767
674
537
417
336
307
243
129
-5
-103
-148
-155
-138
-112
-94
-82
-98
-130
-179
-232
-283
-315
-325
-313
-282
-243
-207
-175
-155
-143
-135
-130
-124
-109
-97
-91
-90
-90
-86
-80
-80
-105
-196
-349
-506
-574
-518
-343
-104
135
345
499
654
832
1017
1118
1039
872
692
600
576
530
412
270
138
55
26
0
-35
-110
-231
-376
-478
-518
-481
-392
-296
-205
-137
-94
-81
-87
-136
-187
-296
-250
-213
-37
133
261
350
363
323
283
246
203
156
76
-42
-161
-214
-193
-87
14
87
90
-6
-112
-204
-233
-226
-195
-152
-80
-30
-20
-51
-84
-101
-139
-224
-310
-313
-204
-38
128
256
330
350
326
343
382
440
478
485
458
403
327
272
202
93
-66
-217
-307
-304
-240
-163
-110
-117
-174
-269
-327
-339
-303
-240
-177
-129
-87
-70
-51
-86
-196
-350
-449
-409
-243
-2
223
395
451
358
199
48
-20
29
144
276
347
323
238
139
81
90
112
118
111
86
51
-1
-53
-103
-156
-209
-254
-287
-306
-315
-323
-329
-329
-332
-332
-338
-347
-339
-295
-220
-118
-18
49
33
-95
-309
-447
-541
-502
-391
-201
90
419
734
977
1048
967
853
769
736
673
531
369
258
187
152
111
60
4
-40
-88
-123
-127
-103
-65
-27
-15
-23
-83
-169
-267
-325
-310
-232
-101
-32
-74
-207
-340
-430
-418
-290
-96
125
291
406
441
442
399
384
397
395
364
318
268
227
197
178
159
141
126
108
93
74
43
-7
-68
-124
-172
-200
-223
-234
-231
-217
-198
-178
-155
-122
-89
-65
-69
-135
-256
-351
-383
-340
-261
-160
-11
191
416
631
728
693
569
473
456
494
492
452
422
408
417
390
295
167
63
11
-5
-15
-37
-86
-172
-274
-362
-405
-393
-358
-293
-222
-169
-151
-198
-303
-432
-515
-498
-384
-217
-62
31
46
-69
-114
-76
73
260
383
434
423
356
280
207
153
138
165
219
258
279
279
245
191
113
43
-14
-53
-84
-121
-168
-212
-246
-271
-290
-305
-318
-328
-337
-340
-338
-326
-299
-266
-234
-204
-180
-161
-145
-137
-138
-146
-159
-186
-223
-263
-300
-329
-351
-333
-300
-236
-178
-100
1
126
225
235
99
-26
-29
146
435
662
755
700
561
404
323
325
377
428
427
360
279
223
208
219
200
149
91
36
-10
-35
-45
-45
-51
-79
-125
-179
-229
-257
-257
-240
-227
-222
-230
-243
-246
-236
-207
-177
-151
-136
-135
-151
-218
-343
-450
-481
-443
-309
-161
21
184
319
442
539
621
643
549
416
309
275
323
383
393
327
252
163
125
99
80
52
35
28
15
3
-13
-13
-26
-43
-59
-63
-50
-48
-80
-140
-250
-379
-508
-574
-570
-490
-344
-169
-43
11
-43
-127
-151
-75
103
300
481
557
523
412
290
215
203
238
301
351
366
346
296
240
180
133
101
77
49
9
-23
-51
-69
-87
-105
-128
-165
-202
-239
-266
-287
-304
-317
-331
-339
-344
-340
-333
-317
-281
-242
-192
-182
-210
-276
-345
-380
-317
-169
31
218
339
313
161
-20
-125
-68
58
166
203
172
90
20
5
2
-12
-77
-138
-142
-69
21
106
143
129
53
-29
-79
-93
-65
-57
-48
-47
-23
24
58
32
-98
-283
-466
-517
-465
-300
-95
126
355
559
761
939
1088
1152
1128
941
719
515
410
395
416
406
381
302
214
180
165
160
129
71
54
50
56
42
-7
-85
-180
-271
-325
-354
-381
-407
-439
-439
-416
-377
-334
-284
-238
-207
-196
-187
-212
-284
-387
-480
-460
-369
-213
-79
23
65
83
77
75
75
85
123
221
351
458
511
513
489
450
366
247
83
-67
-165
-169
-94
31
125
157
101
-62
-244
-391
-424
-339
-215
-89
-20
-34
-82
-135
-156
-147
-155
-168
-153
-90
-26
6
3
-47
-127
-208
-262
-282
-278
-281
-297
-191
-22
275
553
754
876
911
913
869
766
642
469
293
127
-13
-98
-133
-119
-69
-15
31
-2
-77
-203
-321
-360
-307
-204
-104
-53
-49
-112
-185
-224
-215
-180
-144
-94
-39
-4
2
-24
-58
-100
-117
-123
-127
-162
-242
-263
-272
-214
-163
-123
-76
-3
111
292
492
675
782
813
768
678
582
474
352
238
128
91
137
228
332
377
347
223
27
-184
-385
-459
-417
-302
-186
-130
-119
-106
-93
-108
-134
-187
-235
-238
-186
-104
40
176
269
308
297
280
253
207
150
106
78
59
35
7
-11
-18
-20
-14
-17
-34
-72
-112
-158
-198
-230
-245
-250
-245
-238
-236
-244
-255
-270
-276
-268
-244
-205
-159
-124
-106
-109
-124
-150
-197
-293
-426
-511
-527
-416
-215
35
279
427
449
375
368
412
521
605
619
568
495
437
434
469
485
462
394
296
163
31
-103
-191
-233
-248
-258
-313
-406
-518
-569
-494
-341
-123
64
231
379
520
599
622
523
312
79
-93
-149
-119
-38
2
-32
-135
-256
-339
-367
-341
-291
-229
-163
-112
-69
-40
-29
-47
-76
-109
-135
-147
-157
-157
-149
-137
-140
-151
-194
-256
-291
-301
-235
-87
86
273
437
555
605
564
483
397
396
445
525
607
671
648
570
453
350
276
196
102
11
-48
-86
-98
-90
-80
-73
-92
-134
-196
-267
-342
-400
-440
-454
-441
-409
-357
-309
-263
-231
-214
-213
-229
-244
-257
-279
-336
-438
-528
-527
-433
-274
-79
110
271
342
319
281
306
391
496
537
486
369
258
184
188
214
247
276
282
229
122
15
-57
-86
-88
-63
-20
0
-46
-211
-475
-629
-717
-597
-454
-241
9
280
523
682
764
733
620
471
317
205
132
92
93
70
14
-101
-221
-295
-320
-313
-290
-279
-270
-255
-246
-247
-251
-254
-248
-223
-191
-165
-154
-154
-150
-126
-106
-132
-222
-350
-439
-465
-399
-250
-53
161
330
441
552
664
797
891
905
803
589
360
220
184
218
216
146
-1
-145
-239
-262
-245
-236
-247
-251
-238
-219
-208
-204
-191
-158
-129
-134
-203
-290
-318
-288
-196
-121
-38
37
93
71
-4
-102
-138
-122
-79
1
137
305
489
603
614
525
346
149
2
-36
-4
47
90
105
55
-26
-121
-198
-248
-277
-295
-234
-127
10
132
212
220
208
198
258
365
481
559
585
546
427
243
34
-120
-175
-146
-59
23
55
-11
-130
-247
-334
-363
-355
-323
-264
-197
-93
20
90
93
46
8
-24
-42
-63
-70
-52
-19
12
60
142
290
464
582
603
495
329
153
11
-68
-112
-79
-18
78
114
95
52
18
-8
-37
-67
-61
-33
9
49
85
105
116
101
70
33
-4
-27
-46
-46
-28
30
71
84
16
-114
-260
-376
-404
-351
-245
-129
-51
-15
-100
-174
-262
-235
-112
18
109
89
-8
-132
-220
-176
-11
221
413
528
565
560
510
442
346
219
79
-44
-130
-171
-184
-174
-171
-181
-186
-168
-128
-117
-154
-193
-258
-285
-263
-241
-173
-142
-126
-108
-67
0
119
262
427
546
592
559
419
243
78
23
43
98
109
63
-42
-167
-263
-301
-276
-251
-233
-219
-188
-156
-137
-142
-171
-218
-272
-317
-339
-334
-301
-259
-216
-188
-179
-194
-245
-314
-395
-450
-493
-376
-169
185
562
873
1086
1162
1076
858
591
384
269
217
208
189
163
131
61
5
-52
-88
-89
-68
-30
-22
-63
-151
-241
-286
-261
-220
-222
-242
-268
-258
-246
-215
-163
-99
-47
-29
-40
-90
-175
-269
-331
-352
-332
-272
-199
-108
-2
110
224
328
398
444
457
444
413
353
280
197
112
43
-41
-121
-171
-163
-101
-7
50
45
-12
-150
-288
-381
-389
-338
-289
-256
-225
-197
-175
-161
-144
-140
-169
-216
-268
-293
-267
-206
-130
-83
-107
-244
-363
-386
-324
-7
322
694
927
977
947
897
868
834
727
588
443
337
259
164
73
22
31
67
108
108
52
-28
-110
-140
-149
-165
-166
-149
-135
-121
-112
-97
-83
-85
-87
-86
-92
-96
-104
-112
-143
-214
-283
-312
-284
-208
-102
7
97
140
157
187
250
322
396
426
403
312
220
203
239
325
375
356
256
100
-29
-75
-34
9
3
-58
-145
-231
-298
-321
-318
-293
-274
-264
-250
-233
-213
-196
-177
-164
-148
-134
-121
-114
-126
-147
-160
-164
-168
-169
-172
-152
-117
-93
-119
-217
-356
-433
-489
-478
-384
-171
175
572
910
1164
1236
1115
887
672
538
477
406
292
182
69
19
38
97
144
169
174
175
169
154
126
112
94
89
66
19
-47
-117
-174
-212
-229
-242
-248
-250
-247
-243
-229
-221
-210
-219
-239
-259
-271
-289
-309
-334
-334
-317
-270
-212
-148
-100
-108
-184
-311
-422
-492
-506
-462
-360
-176
66
305
607
867
1060
1105
943
722
524
436
430
434
383
297
183
86
28
-5
-55
-114
-178
-225
-252
-244
-219
-182
-155
-166
-198
-232
-262
-263
-247
-225
-204
-176
-160
-161
-178
-205
-239
-276
-307
-325
-318
-297
-269
-240
-208
-183
-178
-191
-212
-236
-239
-229
-203
-168
-140
-166
-248
-379
-441
-467
-403
-291
-141
42
228
470
750
1024
1171
1089
899
658
494
421
387
334
253
173
136
119
82
31
-4
14
46
81
114
119
88
48
4
-7
-19
-29
-23
-1
-1
-23
-78
-132
-184
-205
-194
-160
-128
-112
-114
-152
-224
-252
-217
-130
-35
36
83
141
219
299
431
546
641
682
674
612
539
458
379
294
195
73
-46
-133
-142
-83
11
95
131
110
5
-112
-221
-282
-298
-274
-206
-118
-55
-72
-155
-240
-298
-287
-248
-184
-147
-142
-204
-222
-194
-130
-95
-74
-42
65
267
503
717
841
821
689
500
301
159
87
74
100
98
49
-70
-174
-227
-223
-222
-235
-253
-252
-239
-225
-209
-196
-175
-160
-152
-151
-162
-174
-185
-184
-173
-174
-192
-248
-239
-199
-100
-9
60
119
192
292
430
602
724
761
667
482
287
185
161
176
158
101
5
-89
-172
-196
-201
-198
-188
-186
-187
-210
-229
-244
-250
-257
-256
-247
-230
-223
-230
-244
-246
-227
-187
-132
-78
-61
-117
-245
-362
-440
-438
-375
-273
-124
51
238
402
528
590
657
724
785
775
676
495
310
148
41
-46
-133
-209
-241
-235
-193
-171
-179
-210
-225
-202
-154
-100
-55
-44
-46
-53
-56
-59
-54
-49
-48
-59
-81
-108
-131
-151
-162
-163
-161
-169
-208
-283
-370
-398
-396
-325
-238
-95
83
236
348
386
350
266
174
163
229
301
336
311
232
124
63
110
260
400
462
421
309
190
95
44
4
-32
-59
-62
-76
-98
-134
-169
-197
-221
-238
-248
-247
-250
-258
-281
-312
-344
-371
-382
-374
-354
-329
-309
-292
-282
-268
-258
-249
-241
-238
-230
-228
-229
-229
-230
-221
-210
-198
-179
-164
-145
-130
-115
-91
-69
-67
-70
-96
-112
-119
-96
-61
-22
-9
-39
-128
-245
-306
-383
-389
-334
-195
96
421
768
998
1054
994
890
793
728
638
553
472
387
351
343
362
345
300
223
146
65
1
-44
-72
-91
-99
-92
-74
-68
-78
-103
-128
-138
-133
-128
-140
-166
-184
-181
-167
-159
-184
-199
-177
-132
-64
-24
2
-8
-30
-62
-46
48
217
418
593
695
721
699
681
636
560
461
332
214
103
5
-45
-42
-6
24
35
-11
-101
-229
-336
-385
-361
-286
-202
-135
-130
-161
-184
-166
-123
-84
-83
-131
-164
-92
-23
119
170
184
142
59
36
97
239
377
487
548
574
566
523
459
372
267
145
77
27
1
-34
-109
-193
-277
-336
-336
-295
-213
-128
-58
-47
-106
-217
-350
-442
-418
-303
-146
3
65
19
-90
-173
-206
-190
-146
-91
33
209
421
649
802
835
769
662
551
442
339
250
189
145
98
38
-20
-65
-101
-125
-145
-158
-170
-180
-189
-196
-197
-189
-185
-181
-186
-174
-139
-86
-45
-66
-163
-290
-344
-337
-259
-182
-94
-12
56
141
265
419
571
635
606
455
290
208
221
301
356
332
239
83
-59
-157
-169
-138
-115
-123
-165
-208
-241
-234
-187
-122
-79
-83
-105
-101
-112
-212
-381
-463
-544
-455
-345
-154
98
322
515
652
695
659
550
398
230
73
-43
-88
-68
-23
21
24
-15
-84
-179
-269
-328
-342
-335
-315
-297
-279
-263
-251
-251
-250
-255
-259
-254
-250
-246
-236
-233
-226
-227
-220
-213
-201
-198
-205
-215
-230
-242
-214
-170
-110
-59
-72
-183
-341
-449
-516
-447
-294
-79
162
392
615
840
1036
1070
951
793
668
650
680
672
606
481
315
170
81
43
19
8
-11
-19
-35
-48
-29
-2
8
-26
-109
-212
-294
-330
-324
-292
-262
-247
-239
-234
-214
-175
-118
-87
-112
-171
-180
-143
-50
41
104
142
147
142
160
232
315
420
511
569
567
527
463
381
286
170
62
7
4
39
71
76
51
-10
-91
-167
-221
-247
-255
-251
-233
-226
-226
-239
-248
-253
-256
-258
-259
-246
-209
-164
-102
-53
-57
-118
-176
-175
-122
-61
-16
-13
5
84
287
595
919
1133
1188
1049
809
577
451
425
433
418
344
234
117
31
-6
-31
-64
-113
-166
-203
-225
-233
-225
-196
-167
-137
-155
-199
-249
-288
-303
-301
-291
-275
-244
-218
-205
-221
-241
-270
-281
-286
-264
-211
-152
-107
-93
-143
-229
-288
-329
-315
-273
-206
-78
68
221
402
578
753
885
929
894
755
564
373
258
217
219
201
157
60
-70
-151
-205
-203
-217
-247
-257
-231
-197
-175
-166
-137
-99
-48
-14
-19
-32
-51
-83
-106
-129
-149
-168
-174
-170
-164
-222
-303
-316
-320
-236
-160
-95
-25
58
165
336
530
699
826
892
908
876
805
684
525
364
212
104
13
-91
-198
-278
-302
-267
-200
-137
-92
-100
-154
-272
-405
-483
-497
-404
-261
-121
-19
-8
-106
-218
-306
-297
-223
-139
-44
45
109
132
111
71
24
24
75
185
317
429
495
508
485
430
362
282
247
230
217
200
132
44
-50
-141
-200
-244
-280
-313
-348
-340
-289
-211
-133
-78
-67
-89
-149
-236
-317
-386
-410
-359
-285
-170
-112
-124
-203
-256
-227
-80
88
217
286
336
370
409
430
449
465
493
539
563
554
520
460
375
275
170
64
-27
-100
-146
-169
-175
-176
-168
-162
-155
-149
-156
-180
-216
-263
-302
-344
-378
-410
-436
-430
-416
-380
-307
-235
-115
26
161
254
280
244
173
100
125
238
413
551
586
494
321
136
24
20
91
177
210
149
38
-74
-146
-125
-65
51
173
280
319
301
208
70
-62
-149
-159
-88
8
109
182
201
176
114
52
35
50
56
51
-4
-75
-163
-250
-318
-305
-223
-85
65
149
159
74
-44
-176
-243
-235
-158
-57
31
86
107
74
-28
-131
-169
-135
-62
-19
-10
-12
-25
-87
-149
-193
-207
-151
-79
18
109
171
222
232
205
138
61
15
20
57
116
170
232
307
377
423
414
377
275
140
2
-94
-110
-47
-1
44
79
70
98
105
138
158
152
154
212
351
498
596
581
473
327
167
42
-40
-87
-104
-106
-122
-153
-193
-216
-221
-209
-193
-183
-178
-181
-192
-203
-189
-140
-68
-14
-24
-82
-159
-220
-232
-222
-189
-133
-81
-24
2
33
56
138
253
383
493
530
495
388
240
85
-35
-91
-50
18
57
34
-33
-119
-169
-176
-142
-90
-65
-54
-62
-52
-36
-27
-56
-119
-170
-180
-140
-75
-21
16
25
6
20
74
204
383
525
623
636
585
527
468
420
346
257
171
69
-24
-126
-174
-174
-124
-52
10
49
16
-57
-142
-186
-171
-128
-84
-48
-46
-50
-48
-17
18
42
52
37
25
11
-28
-56
-63
-25
109
281
446
553
580
536
449
337
224
128
33
-23
-59
-86
-112
-164
-209
-234
-235
-231
-235
-244
-235
-198
-133
-67
-37
-67
-145
-212
-265
-278
-319
-336
-312
-178
0
217
382
473
487
439
360
283
201
104
-10
-129
-213
-263
-278
-265
-277
-300
-355
-404
-414
-379
-281
-150
-15
69
63
-14
-119
-204
-237
-242
-204
-157
-104
-77
-98
-197
-297
-368
-327
-171
8
182
272
370
427
548
654
732
730
677
582
478
387
315
256
241
232
210
172
113
51
2
-30
-47
-51
-52
-34
-33
-45
-103
-226
-354
-469
-496
-442
-316
-187
-98
-97
-180
-293
-417
-479
-482
-417
-325
-263
-182
-144
-90
-58
1
114
221
338
435
529
587
579
520
434
322
207
119
97
124
166
183
169
134
75
11
-44
-78
-84
-79
-76
-81
-108
-181
-248
-295
-302
-281
-228
-159
-94
-37
-17
53
134
267
384
470
494
453
347
204
44
-107
-246
-352
-405
-396
-350
-298
-247
-204
-185
-215
-267
-297
-287
-251
-236
-253
-284
-316
-314
-272
-198
-135
-105
-117
-161
-192
-225
-210
-129
12
222
444
626
744
766
710
595
449
301
174
65
3
-23
-19
-42
-91
-163
-250
-303
-321
-275
-163
-52
16
13
-44
-107
-162
-182
-163
-133
-119
-149
-213
-276
-343
-359
-245
-90
204
437
644
762
797
771
694
576
395
210
30
-87
-126
-100
-41
14
51
53
17
-45
-133
-224
-283
-280
-243
-193
-152
-100
-39
-12
-27
-78
-128
-172
-214
-260
-309
-342
-343
-301
-164
56
323
577
775
919
988
967
866
723
552
366
171
-6
-98
-116
-105
-117
-151
-224
-315
-389
-438
-440
-430
-425
-402
-367
-331
-300
-280
-270
-258
-229
-189
-152
-142
-166
-181
-177
-154
-111
-92
-80
-68
-59
-46
-36
-14
57
169
294
382
424
404
353
284
209
140
64
-6
-59
-122
-185
-270
-315
-298
-213
-114
-52
-44
-58
-73
-75
-61
-35
0
22
27
-13
-71
-143
-194
-203
-126
5
148
255
306
321
313
291
264
240
222
231
203
163
73
-62
-198
-314
-336
-274
-141
-22
37
22
-54
-151
-223
-243
-218
-157
-83
-11
10
-14
-47
-107
-123
-108
-46
60
204
320
379
359
334
369
459
562
621
634
569
434
253
75
-68
-155
-192
-176
-135
-103
-100
-112
-127
-141
-157
-177
-205
-225
-249
-271
-282
-275
-244
-186
-120
-60
-19
5
3
-24
-73
-123
-153
-157
-144
-126
-103
-110
-177
-279
-355
-402
-391
-330
-221
-70
100
273
471
665
798
813
713
524
302
110
21
33
94
152
151
87
-3
-68
-89
-77
-83
-126
-184
-234
-274
-304
-314
-302
-266
-228
-186
-156
-130
-116
-98
-74
-31
7
-7
-74
-162
-190
-155
-93
6
94
184
227
241
271
350
452
561
624
623
563
449
318
202
118
55
24
-1
-6
-2
10
20
21
-3
-49
-95
-122
-146
-167
-197
-221
-232
-219
-183
-150
-136
-132
-131
-115
-94
-75
-54
-24
16
29
-33
-157
-254
-298
-248
-189
-110
-37
55
159
326
524
711
832
844
771
632
475
349
251
187
141
131
113
74
16
-51
-96
-117
-105
-65
-37
-43
-76
-114
-147
-169
-179
-169
-144
-124
-108
-105
-113
-127
-131
-125
-103
-93
-113
-166
-240
-249
-224
-135
-46
36
93
117
120
155
244
364
480
551
556
504
399
272
135
6
-107
-178
-201
-176
-142
-110
-88
-70
-78
-115
-151
-168
-166
-164
-178
-189
-184
-171
-154
-147
-155
-173
-180
-156
-104
-40
-18
-51
-141
-187
-220
-194
-166
-113
-55
18
114
268
482
680
815
837
779
665
516
365
242
150
118
131
127
107
56
-24
-91
-141
-152
-139
-126
-115
-110
-107
-113
-135
-166
-199
-216
-210
-185
-136
-99
-104
-137
-161
-126
-58
0
29
26
3
-31
-62
-15
98
245
385
474
511
501
449
384
307
222
136
79
3
-50
-120
-173
-190
-180
-149
-114
-98
-94
-113
-129
-151
-175
-186
-186
-174
-153
-130
-105
-87
-100
-130
-178
-200
-183
-138
-79
-20
28
27
-55
-203
-304
-350
-294
-206
-66
101
288
455
616
768
880
943
929
830
678
490
341
255
233
214
177
113
21
-69
-130
-150
375
