68
-106
-149
-141
-109
-69
-74
-93
-110
-103
-89
-72
-42
-18
5
24
50
74
93
110
118
120
118
118
114
108
100
88
71
57
39
20
7
10
40
95
173
240
239
164
23
-111
-212
-257
-271
-271
-255
-244
-244
-226
-214
-186
-158
-141
-128
-117
-111
-115
-122
-135
-151
-163
-181
-201
-231
-252
-274
-288
-297
-296
-291
-286
-274
-264
-254
-241
-222
-207
-193
-180
-171
-164
-157
-144
-132
-125
-120
-95
38
298
626
837
816
603
364
158
77
60
73
103
108
107
98
87
83
87
107
131
158
179
201
215
224
230
237
239
232
224
209
191
170
150
125
98
75
53
41
53
76
98
93
61
2
-53
-99
-107
-96
-89
-77
-81
-95
-117
-137
-161
-177
-184
-187
-185
-187
-185
-186
-188
-193
-202
-212
-228
-239
-252
-255
-257
-255
-255
-258
-255
-258
-258
-258
-259
-262
-263
-263
-262
-258
-252
-245
-246
-235
-231
-225
-212
-202
-188
-182
-174
-170
-170
-169
-165
-163
-165
-159
-160
-158
-160
-163
-106
119
466
780
847
659
444
276
215
204
198
209
212
189
166
161
171
193
232
283
326
338
332
316
304
297
293
294
288
280
273
263
258
257
254
229
196
151
115
83
59
45
26
2
-19
-42
-59
-81
-105
-127
-146
-162
-177
-198
-204
-216
-221
-227
-228
-231
-236
-233
-230
-231
-229
-215
-154
-26
173
389
518
512
388
171
-10
-108
-128
-86
-48
-39
-53
-68
-69
-60
-48
-39
-21
-14
4
20
34
40
41
45
85
148
218
247
232
171
113
63
42
33
30
42
74
114
131
121
86
32
-29
-73
-96
-101
-103
-115
-128
-148
-164
-184
-209
-232
-250
-271
-291
-310
-327
-347
-364
-370
-379
-382
-380
-379
-381
-377
-369
-364
-357
-346
-337
-328
-319
-303
-292
-278
-266
-264
-261
-150
106
465
737
765
585
382
220
164
119
85
72
41
29
21
27
45
80
126
173
188
190
191
192
208
221
240
241
240
247
269
296
302
262
187
117
65
36
20
12
3
-2
12
42
66
66
25
-52
-129
-191
-230
-239
-244
-242
-245
-238
-202
-134
-61
-4
-1
-57
-140
-234
-293
-330
-331
-304
-264
-207
-151
-108
-89
-75
-77
-77
-82
-83
-87
-90
-93
-102
-117
-130
-142
-149
-156
-159
-162
-166
-170
-171
-175
-180
-183
-186
-192
-200
-204
-209
-211
-211
-212
-216
-215
-214
-218
-233
-244
-138
115
482
760
786
593
382
195
109
48
19
23
10
3
-14
-13
19
78
139
187
209
213
219
224
236
240
242
236
244
267
292
297
256
187
117
65
37
19
3
-11
9
58
105
106
62
-20
-108
-179
-217
-239
-245
-239
-232
-219
-207
-200
-197
-200
-202
-192
-146
-78
1
33
15
-37
-101
-228
-313
-373
-375
-322
-269
-232
-196
-160
-125
-98
-72
-49
-26
-9
4
15
16
18
17
16
2
-7
-18
-25
-33
-44
-51
-60
-70
-76
-85
-93
-102
-112
-126
-137
-151
-163
-177
-191
-204
-221
-231
-249
-266
-278
-281
-281
-283
-288
-297
-315
-354
-297
-92
259
569
662
512
305
113
28
-6
-6
20
3
-21
-59
-87
-77
-50
-8
19
35
50
71
107
151
187
204
228
261
302
331
315
262
195
149
130
118
115
106
120
152
198
217
190
118
35
-48
-108
-136
-151
-157
-160
-160
-155
-156
-155
-159
-169
-180
-190
-206
-216
-221
-230
-243
-262
-285
-333
-350
-283
-117
120
313
389
314
207
34
-62
-108
-104
-45
-20
-27
-42
-58
-52
-39
-27
0
42
91
130
129
112
91
81
84
96
104
106
106
114
136
177
211
221
191
141
82
45
27
30
36
45
67
82
78
52
25
-12
-51
-88
-116
-129
-138
-142
-154
-166
-181
-203
-228
-257
-278
-294
-299
-297
-295
-297
-301
-304
-311
-314
-314
-315
-319
-321
-317
-319
-318
-325
-336
-354
-381
-404
-288
-13
389
691
735
576
372
218
138
100
100
119
122
115
72
57
64
90
124
150
155
155
163
179
204
224
249
253
263
288
327
349
319
252
173
118
88
86
94
100
105
113
126
147
156
115
37
-62
-133
-177
-179
-166
-156
-138
-124
-107
-93
-85
-83
-87
-96
-107
-120
-130
-138
-144
-157
-164
-174
-190
-214
-266
-283
-209
-10
252
449
494
420
265
105
7
-29
-5
30
15
-12
-47
-69
-46
-11
36
71
76
67
61
67
80
98
115
126
129
124
121
124
143
157
141
85
-3
-76
-124
-149
-142
-133
-106
-76
-48
-37
-39
-48
-69
-106
-135
-155
-166
-168
-170
-169
-180
-182
-189
-200
-211
-221
-231
-243
-252
-267
-287
-302
-306
-304
-300
-291
-290
-283
-283
-277
-274
-272
-266
-264
-270
-275
-280
-289
-297
-327
-332
-181
128
524
758
719
543
327
217
160
155
161
171
153
122
84
86
109
148
187
205
205
202
201
211
217
231
231
228
238
260
277
251
186
93
20
-27
-38
-30
-29
-26
-25
-36
-30
-15
-3
-25
-95
-191
-278
-323
-329
-316
-287
-255
-220
-188
-166
-147
-140
-139
-143
-148
-160
-168
-172
-176
-177
-183
-184
-190
-190
-192
-196
-203
-209
-214
-230
-243
-245
-237
-224
-210
-202
-207
-215
-231
-243
-265
-309
-238
-29
323
627
717
607
409
249
176
160
175
171
128
79
43
41
57
83
98
101
106
116
134
159
187
201
206
230
270
308
316
271
179
87
24
-11
-12
-21
0
33
86
125
127
87
-4
-94
-178
-219
-213
-187
-158
-133
-117
-110
-105
-106
-110
-127
-142
-165
-189
-212
-225
-238
-245
-253
-256
-262
-257
-256
-252
-256
-262
-277
-294
-308
-304
-293
-284
-277
-276
-276
-277
-277
-287
-301
-316
-335
-366
-273
-36
327
612
674
561
355
218
149
136
164
179
159
130
94
88
102
132
180
215
228
238
253
262
280
292
302
292
298
317
347
353
303
200
90
12
-21
-24
-15
-5
17
32
35
27
11
2
9
12
-10
-84
-198
-304
-378
-413
-403
-368
-300
-231
-178
-148
-127
-111
-106
-103
-115
-127
-136
-130
-128
-126
-126
-133
-141
-151
-155
-165
-170
-174
-176
-178
-179
-172
-169
-162
-159
-163
-185
-203
-217
-224
-228
-241
-258
-285
-313
-329
-340
-358
-287
-85
254
570
671
563
353
191
123
101
120
125
83
39
-24
-45
-47
-35
-24
-20
-16
2
29
68
114
152
169
200
256
319
358
344
259
153
62
13
7
22
62
105
144
158
146
132
134
138
121
59
-44
-150
-233
-270
-268
-244
-213
-176
-142
-117
-96
-82
-71
-76
-78
-83
-96
-108
-125
-141
-152
-161
-172
-182
-192
-199
-204
-210
-214
-217
-222
-226
-227
-227
-235
-251
-265
-280
-277
-263
-254
-250
-251
-264
-278
-286
-281
-277
-267
-264
-262
-268
-274
-279
-295
-311
-324
-330
-328
-325
-317
-318
-313
-316
-321
-326
-327
-317
-302
-289
-276
-271
-270
-264
-257
-254
-254
-257
-257
-255
-244
-235
-225
-216
-207
-199
-224
-202
-35
301
738
1005
1023
851
622
508
454
458
454
402
325
252
204
181
187
201
222
237
290
369
468
545
584
561
525
473
439
419
417
419
422
454
500
537
503
398
277
166
122
96
113
128
156
182
190
190
185
177
157
137
111
88
69
59
50
39
33
24
9
0
-8
-16
-22
-30
-49
-81
-107
-125
-131
-136
-138
-144
-153
-165
-175
-196
-213
-223
-233
-242
-253
-268
-287
-308
-362
-338
-182
118
403
476
378
160
13
-38
-21
34
46
12
-14
-34
-22
-27
-36
-48
-44
-23
7
54
98
133
186
253
319
341
310
237
170
108
78
83
105
134
155
157
146
136
129
108
82
51
21
4
-8
-19
-39
-57
-76
-96
-120
-144
-166
-188
-207
-221
-240
-259
-291
-322
-352
-369
-369
-367
-368
-371
-376
-397
-416
-442
-461
-482
-503
-552
-520
-359
-56
216
264
140
-76
-210
-232
-200
-121
-72
-58
-69
-83
-95
-111
-133
-139
-127
-110
-78
-43
-5
45
118
202
263
279
239
187
125
84
70
81
101
121
140
144
138
140
131
112
82
58
41
35
28
12
-9
-32
-51
-77
-104
-126
-150
-173
-196
-208
-225
-237
-246
-256
-264
-280
-304
-331
-351
-352
-348
-357
-369
-390
-416
-439
-478
-421
-254
40
289
317
175
-56
-193
-208
-148
-58
0
13
5
-12
-41
-60
-71
-62
-49
-22
11
54
91
131
196
276
349
370
346
278
211
138
106
105
119
147
168
181
179
178
183
170
153
135
128
124
115
101
76
49
28
2
-25
-46
-67
-84
-99
-112
-123
-142
-165
-196
-215
-222
-210
-195
-186
-183
-191
-203
-209
-209
-202
-199
-193
-191
-198
-208
-218
-233
-243
-243
-246
-251
-258
-264
-272
-285
-296
-309
-318
-320
-316
-319
-318
-318
-320
-331
-339
-340
-334
-322
-310
-302
-301
-296
-296
-298
-292
-279
-264
-259
-255
-253
-260
-265
-269
-260
-248
-230
-218
-214
-208
-201
-191
-187
-178
-172
-166
-161
-154
-148
-148
-140
-136
-135
-134
-131
-126
-120
-113
-131
-162
-53
209
619
924
965
815
541
389
319
322
357
365
352
321
289
271
248
249
289
359
423
463
463
450
436
426
430
422
458
506
567
587
528
413
291
203
171
170
200
237
264
267
288
330
371
366
276
134
-21
-134
-199
-211
-176
-118
-52
-3
42
72
93
107
124
132
133
130
126
121
115
114
105
100
90
80
66
50
37
15
-14
-34
-48
-47
-50
-52
-56
-62
-78
-104
-127
-147
-152
-157
-160
-159
-162
-174
-193
-225
-258
-297
-353
-303
-133
153
343
290
109
-155
-283
-302
-229
-138
-78
-61
-70
-86
-108
-120
-112
-93
-52
-1
59
118
177
243
304
344
337
288
195
124
80
78
109
138
162
178
190
189
185
181
166
145
117
102
95
92
90
85
68
56
43
29
15
-6
-29
-63
-96
-119
-130
-125
-127
-127
-136
-142
-155
-173
-193
-206
-210
-218
-225
-228
-231
-243
-250
-261
-278
-297
-302
-307
-304
-301
-300
-297
-295
-292
-298
-307
-318
-324
-328
-328
-319
-318
-312
-303
-302
-301
-306
-307
-311
-311
-308
-305
-303
-306
-301
-302
-297
-294
-289
-287
-285
-283
-292
-307
-328
-343
-345
-333
-312
-297
-288
-285
-302
-316
-203
57
439
732
778
658
417
283
227
222
259
250
229
210
207
216
213
202
192
184
173
227
314
432
506
513
477
421
391
374
379
381
425
477
547
559
476
346
221
151
122
133
163
193
228
253
297
343
364
326
215
43
-109
-224
-289
-285
-237
-161
-89
-46
-18
6
34
68
93
104
116
124
135
141
143
142
137
135
127
117
100
77
53
23
9
7
8
2
-6
-16
-25
-33
-44
-60
-79
-88
-102
-115
-132
-163
-219
-245
-153
37
226
229
59
-223
-417
-488
-452
-329
-202
-130
-105
-125
-151
-180
-197
-194
-172
-147
-98
-33
36
134
218
286
290
250
157
79
23
25
48
85
107
133
142
146
150
153
151
152
146
141
134
122
104
81
63
43
23
6
-14
-42
-73
-96
-105
-101
-97
-94
-97
-100
-107
-124
-156
-191
-219
-260
-222
-91
110
254
180
-36
-331
-501
-541
-470
-326
-176
-83
-44
-54
-71
-83
-104
-114
-113
-100
-73
-35
15
67
143
224
282
301
261
168
44
-62
-105
-100
-61
-39
-10
13
41
51
61
68
79
86
85
86
73
55
33
15
-2
-29
-52
-86
-130
-168
-190
-197
-184
-173
-160
-150
-147
-141
-149
-156
-167
-179
-205
-156
-19
177
276
150
-100
-426
-595
-610
-510
-331
-203
-114
-74
-53
-45
-58
-67
-74
-73
-62
-35
-1
34
69
108
169
240
294
316
264
158
14
-112
-177
-170
-131
-101
-69
-33
-10
3
12
22
35
52
57
53
32
14
-8
-26
-46
-53
-72
-83
-99
-109
-111
-103
-88
-77
-76
-70
-75
-81
-87
-96
-112
-139
-155
-163
-165
-155
-152
-157
-159
-167
-169
-186
-209
-238
-263
-274
-272
-261
-262
-260
-263
-278
-315
-281
-153
87
308
294
99
-215
-419
-462
-362
-186
-75
-63
-118
-165
-200
-200
-198
-177
-140
-47
61
169
216
215
177
134
110
111
140
180
214
242
263
318
374
418
405
292
149
-14
-112
-146
-131
-95
-56
-22
-1
18
35
38
52
56
62
71
83
88
85
78
67
52
26
5
-31
-52
-62
-61
-62
-68
-66
-67
-75
-85
-98
-112
-135
-145
-151
-155
-165
-185
-101
60
277
369
230
-21
-351
-538
-577
-474
-293
-141
-48
-7
-19
-32
-47
-47
-39
-22
-3
21
56
97
142
228
304
380
383
325
213
108
30
7
14
22
28
40
53
70
90
104
123
139
153
156
151
142
127
107
87
66
41
5
-10
-18
-10
-1
7
19
18
24
20
8
-14
-35
-54
-89
-39
68
229
336
223
-27
-343
-543
-587
-510
-365
-231
-163
-87
-43
17
48
43
43
21
6
3
19
50
90
124
153
174
195
211
220
229
231
229
225
218
205
181
150
107
71
49
46
45
34
26
11
-5
-31
-62
-102
-143
-173
-211
-235
-162
-22
130
128
-85
-362
-655
-757
-719
-568
-365
-201
-107
-87
-116
-153
-184
-206
-214
-214
-204
-182
-131
-76
-12
55
117
168
206
239
251
268
274
274
267
258
250
233
215
195
173
148
120
87
45
1
-50
-102
-142
-160
-163
-171
-188
-203
-232
-267
-293
-310
-311
-302
-294
-295
-300
-310
-327
-355
-371
-380
-377
-365
-358
-358
-364
-371
-381
-393
-403
-404
-406
-445
-357
-176
119
318
235
-5
-361
-540
-566
-437
-269
-183
-169
-208
-232
-243
-253
-239
-167
-55
40
118
127
143
148
149
141
131
143
162
193
237
331
403
459
446
364
291
214
167
132
100
81
69
74
88
101
116
142
167
186
190
188
178
166
157
153
148
139
127
118
101
88
73
50
22
-6
-45
-64
-71
-61
-59
-97
-78
-13
113
195
80
-178
-516
-753
-818
-752
-589
-439
-322
-217
-112
-32
10
-1
-4
4
8
16
12
13
32
54
95
126
161
186
207
222
236
241
239
240
233
227
220
213
205
199
192
180
167
151
138
114
86
56
9
-19
-36
-29
-25
-29
-34
-52
-79
-109
-124
-131
-124
-125
-132
-151
-171
-188
-218
-231
-236
-233
-233
-238
-252
-271
-289
-309
-328
-341
-336
-327
-323
-324
-329
-339
-358
-368
-372
-364
-348
-329
-322
-323
-325
-332
-344
-358
-363
-360
-347
-351
-342
-148
167
515
577
379
76
-142
-186
-113
-10
40
22
-31
-77
-91
-16
66
176
238
274
298
305
307
307
307
304
363
443
529
579
578
549
512
448
391
336
303
283
279
289
307
320
362
421
459
452
343
216
55
-54
-116
-138
-122
-93
-47
-9
29
61
89
111
128
143
158
170
179
181
178
171
160
132
113
112
127
143
143
138
125
116
102
85
65
58
66
75
76
57
18
-30
14
122
241
247
23
-285
-634
-802
-809
-670
-490
-349
-214
-141
-74
-75
-97
-108
-107
-108
-113
-104
-74
-36
13
66
111
150
184
209
228
238
248
254
255
255
245
232
209
175
136
114
112
118
114
99
84
61
39
14
-13
-32
-37
-39
-44
-61
-86
-107
-128
-153
-163
-171
-166
-156
-155
-172
-193
-217
-247
-273
-278
-273
-261
-246
-231
-207
-60
189
467
552
372
-7
-388
-616
-683
-620
-498
-412
-387
-371
-337
-276
-235
-242
-245
-235
-205
-172
-119
-71
3
50
62
48
52
86
141
167
172
170
190
185
173
114
84
79
87
82
52
8
-29
-52
-54
-44
-24
2
28
45
58
67
78
75
66
46
21
-7
-26
-29
-23
-7
-4
-7
-16
-22
-30
-54
-88
-139
-116
-37
94
156
12
-271
-612
-847
-899
-794
-622
-476
-355
-281
-212
-114
-59
-20
-26
-27
-23
-23
-35
-46
-51
-42
-17
18
58
88
119
137
153
166
173
169
166
155
141
126
100
74
60
61
76
80
77
68
57
43
27
7
-13
-23
-21
-6
-5
-13
-33
-56
-73
-89
-110
-125
-125
-121
-119
-129
-145
-167
-191
-210
-231
-237
-236
-227
-223
-229
-240
-258
-284
-307
-330
-352
-358
-354
-343
-338
-341
-339
-346
-351
-378
-388
-217
67
386
443
228
-112
-418
-523
-435
-227
-56
8
-32
-103
-162
-196
-164
-108
-21
64
119
169
181
169
149
142
145
167
192
246
336
400
462
482
460
410
325
224
162
121
119
122
146
167
192
208
225
245
260
262
257
238
214
190
164
142
136
140
151
150
141
130
114
101
84
62
47
40
51
53
52
43
31
11
-5
-26
-53
-61
-57
-52
-49
-54
-64
-84
-108
-121
-137
-150
-152
-144
-136
-136
-142
-159
-178
-194
-217
-235
-246
-243
-226
-214
-204
-207
-231
-285
-282
-111
190
463
455
190
-189
-483
-579
-478
-276
-73
26
27
-16
-100
-157
-132
-92
-18
54
137
210
247
236
207
182
171
174
186
223
304
361
417
425
393
331
228
116
38
-4
-13
2
23
47
71
89
106
129
148
155
162
160
156
144
124
97
79
68
76
80
76
69
56
41
27
16
-1
-4
-1
2
-16
-32
23
121
226
222
0
-312
-656
-816
-824
-703
-545
-418
-331
-235
-147
-58
19
56
55
2
-75
-129
-156
-144
-102
-50
-3
39
72
102
124
141
151
149
148
133
114
93
66
48
35
34
39
37
26
17
5
-9
-23
-46
-63
-71
-70
-66
-69
-87
-127
-120
-59
98
213
144
-122
-462
-749
-851
-807
-676
-530
-415
-290
-201
-67
10
25
-5
-72
-130
-159
-160
-136
-101
-58
-16
16
51
74
93
105
116
129
140
139
135
118
97
72
60
59
63
71
67
57
42
31
18
11
0
-8
-13
-8
2
7
2
-4
-19
-36
-51
-64
-81
-91
-92
-89
-94
-101
-115
-134
-151
-166
-182
-202
-227
-228
-227
-218
-212
-212
-218
-239
-251
-272
-284
-296
-307
-297
-289
-271
-262
-247
-242
-265
-259
-102
182
500
581
383
55
-265
-369
-294
-111
41
82
26
-57
-108
-135
-77
1
146
237
294
296
259
224
199
203
210
247
283
323
366
457
549
663
666
586
410
228
92
41
28
54
83
106
128
149
164
176
183
192
190
184
174
157
139
117
99
78
59
53
55
61
57
54
46
30
18
5
-2
-14
-23
-21
-32
-41
15
108
240
281
120
-175
-520
-764
-845
-792
-654
-518
-421
-356
-220
-75
97
140
92
-10
-115
-178
-200
-186
-136
-84
-32
14
58
90
116
137
151
164
176
178
169
158
147
129
111
93
86
88
94
92
81
68
54
38
18
5
-14
-34
-46
-40
-35
-38
-44
-50
-67
-89
-109
-128
-151
-170
-187
-190
-186
-180
-179
-191
-202
-217
-237
-253
-273
-294
-307
-307
-306
-303
-309
-314
-329
-345
-365
-385
-400
-419
-425
-428
-411
-394
-386
-408
-376
-200
100
401
450
235
-97
-398
-493
-399
-223
-70
-32
-74
-137
-171
-159
-104
-23
76
135
180
183
152
114
85
75
84
114
149
180
211
260
390
518
616
588
443
273
117
34
7
17
48
71
97
127
141
157
173
181
183
176
171
165
163
159
154
148
140
136
126
111
96
72
47
22
10
6
12
19
15
7
-9
-26
-45
-66
-86
-98
-102
-96
-95
-104
-112
-125
-143
-161
-181
-197
-221
-243
-253
-250
-250
-247
-251
-261
-275
-286
-300
-318
-326
-347
-360
-370
-363
-353
-351
-352
-354
-356
-355
-350
-341
-333
-324
-327
-338
-242
-21
335
579
508
143
-292
-540
-468
-271
-64
7
-34
-125
-200
-244
-207
-136
30
164
237
245
183
113
76
58
72
98
145
182
223
272
355
487
603
627
558
410
266
173
108
82
79
83
101
125
142
155
159
171
173
174
169
169
159
155
152
145
144
131
127
110
102
88
75
62
47
39
27
20
13
3
-8
-18
-24
-35
-39
-48
-49
-58
-62
-67
-75
-79
-82
-90
-98
-98
-105
-117
-123
-132
-140
-151
-156
-166
-177
-194
-197
-205
-213
-224
-235
-239
-250
-255
-266
-269
-275
-272
-276
-271
-264
-261
-268
-268
-161
47
316
443
329
51
-282
-443
-428
-286
-125
-58
-85
-160
-231
-270
-218
-131
8
125
200
223
186
124
74
29
24
42
87
138
179
242
329
435
534
530
466
363
247
162
104
88
85
90
106
115
140
164
193
202
215
264
320
329
266
145
48
-21
-52
-66
-69
-54
-6
59
171
295
358
339
223
94
-18
-66
-75
-65
-40
-19
14
41
71
85
90
92
92
97
96
96
94
90
71
57
38
17
-4
-8
-15
-10
-7
-16
-33
-45
-58
-71
-83
-103
-123
-129
-130
-126
-132
-146
-164
-188
-207
-223
-237
-253
-257
-251
-243
-245
-249
-255
-267
-283
-294
-306
-321
-338
-345
-344
-335
-329
-328
-333
-345
-359
-375
-385
-394
-405
-411
-409
-391
-378
-365
-347
-332
-318
-302
-304
-313
-204
26
360
558
509
253
-71
-284
-298
-188
-26
82
84
54
22
4
7
37
63
135
203
266
296
282
264
277
312
378
427
484
512
518
476
405
301
224
169
145
141
158
181
195
212
221
235
246
265
255
256
293
299
281
179
41
-55
-120
-152
-157
-155
-138
-95
-18
97
216
251
190
66
-45
-114
-142
-134
-119
-89
-62
-36
-2
17
37
42
39
44
49
54
55
56
47
35
22
14
3
1
-8
-11
-23
-33
-44
-53
-61
-66
-76
-83
-92
-101
-109
-118
-120
-124
-136
-145
-152
-163
-169
-177
-184
-196
-206
-215
-228
-237
-246
-259
-273
-293
-308
-330
-344
-358
-369
-383
-388
-399
-410
-417
-416
-413
-405
-398
-390
-385
-386
-368
-245
-30
244
364
262
-6
-319
-509
-501
-350
-150
-8
7
-30
-108
-183
-221
-182
-92
49
208
299
330
284
203
135
81
57
72
105
146
196
260
367
493
566
554
460
343
247
-468
