271
291
267
196
55
-56
-174
-227
-224
-207
-198
-207
-238
-294
-343
-371
-300
-102
158
397
466
407
304
202
174
187
242
272
260
191
94
-33
-146
-230
-242
-225
-209
-203
-227
-272
-329
-374
-353
-213
42
297
450
441
352
241
169
177
205
266
264
207
96
-27
-142
-238
-280
-274
-253
-242
-255
-281
-333
-375
-377
-283
-60
186
374
399
326
221
143
142
170
244
244
242
212
113
-6
-116
-217
-262
-261
-246
-231
-247
-284
-341
-389
-416
-343
-144
108
333
394
345
238
160
156
179
257
262
235
143
12
-98
-203
-260
-269
-256
-249
-249
-273
-319
-364
-400
-361
-198
49
292
404
375
290
203
165
194
244
273
260
185
70
-46
-158
-240
-273
-256
-248
-243
-282
-337
-346
-284
-90
149
346
407
343
237
153
128
163
215
242
238
183
60
-42
-149
-210
-237
-229
-212
-188
-188
-224
-269
-322
-355
-296
-118
130
366
438
403
301
220
208
232
307
307
278
175
46
-71
-184
-238
-246
-225
-213
-241
-296
-359
-346
-230
-1
236
390
396
293
200
146
151
183
236
256
227
132
9
-105
-192
-233
-237
-226
-202
-199
-223
-264
-319
-359
-342
-216
19
271
434
435
372
283
257
260
295
321
304
244
102
-19
-145
-222
-240
-234
-234
-243
-278
-330
-379
-389
-299
-75
187
389
431
354
251
195
200
235
288
286
250
156
20
-106
-216
-257
-256
-243
-238
-241
-273
-318
-366
-400
-358
-203
39
289
404
384
303
233
244
251
308
307
284
207
72
-57
-183
-252
-264
-248
-244
-254
-282
-325
-367
-394
-367
-230
15
285
440
430
355
271
266
279
319
345
323
257
136
-4
-121
-219
-232
-234
-228
-244
-276
-313
-350
-387
-379
-276
-48
216
404
422
340
234
196
204
246
301
294
243
139
-10
-148
-260
-298
-290
-283
-291
-324
-362
-406
-444
-452
-371
-155
122
350
413
355
262
216
236
274
334
313
284
193
49
-78
-202
-247
-241
-229
-235
-264
-297
-341
-383
-412
-363
-197
61
320
435
404
311
233
239
273
328
335
302
220
88
-45
-167
-224
-231
-223
-245
-291
-359
-427
-485
-528
-483
-297
6
337
543
580
519
414
371
339
266
173
59
-48
-135
-223
-257
-253
-225
-197
-188
-209
-248
-305
-359
-390
-325
-134
104
280
326
299
254
282
312
376
391
346
257
121
-2
-121
-211
-239
-237
-230
-236
-267
-313
-363
-405
-426
-349
-154
106
315
376
338
264
256
269
320
356
329
268
148
9
-122
-219
-255
-250
-245
-257
-286
-319
-352
-386
-405
-330
-141
123
332
407
370
280
248
255
291
343
341
293
183
30
-106
-215
-250
-254
-253
-253
-271
-302
-338
-377
-410
-379
-248
-6
242
358
363
297
243
259
271
335
334
310
231
73
-48
-175
-224
-231
-215
-204
-209
-230
-268
-243
-130
59
209
255
194
133
100
158
194
263
273
251
177
56
-57
-160
-239
-275
-278
-255
-229
-224
-233
-264
-311
-357
-380
-319
-119
98
274
331
328
291
302
307
346
353
331
246
132
12
-94
-174
-200
-199
-185
-202
-267
-330
-381
-332
-163
98
328
417
352
246
169
172
218
278
303
292
232
94
-38
-154
-220
-228
-217
-203
-193
-202
-227
-280
-337
-370
-338
-178
31
235
314
326
300
321
347
367
373
336
269
158
30
-92
-191
-224
-224
-216
-215
-241
-264
-303
-343
-379
-353
-232
-13
220
336
348
311
292
319
328
346
327
280
192
66
-68
-183
-239
-245
-234
-231
-244
-264
-294
-331
-370
-379
-311
-114
130
324
367
326
252
258
272
320
326
306
233
130
-2
-117
-196
-214
-209
-198
-211
-238
-273
-310
-349
-378
-345
-214
17
265
390
386
315
254
275
293
350
332
308
206
76
-42
-148
-197
-208
-214
-216
-229
-255
-291
-323
-363
-367
-290
-97
158
349
403
357
275
257
272
327
344
329
268
150
13
-107
-196
-223
-225
-232
-247
-274
-298
-322
-326
-260
-109
88
249
267
209
150
148
203
261
300
293
244
138
8
-115
-207
-253
-262
-244
-228
-232
-278
-335
-398
-383
-277
-60
186
353
372
289
184
144
163
233
273
282
236
132
17
-107
-198
-248
-252
-234
-213
-214
-241
-277
-321
-370
-400
-362
-215
30
269
397
400
325
274
274
305
350
339
299
196
57
-68
-166
-212
-214
-211
-210
-220
-231
-227
-189
-130
-67
29
155
285
367
362
315
252
235
154
79
-28
-121
-191
-239
-257
-237
-206
-186
-163
-174
-190
-238
-291
-339
-377
-343
-207
8
230
315
334
292
300
315
329
356
338
275
174
57
-61
-144
-185
-197
-190
-185
-207
-226
-262
-280
-230
-86
101
243
244
200
162
202
254
297
291
276
195
82
-37
-145
-205
-248
-250
-237
-214
-200
-208
-222
-259
-296
-358
-367
-307
-117
137
337
390
344
276
265
290
322
331
323
250
129
-1
-131
-201
-229
-226
-224
-232
-265
-281
-299
-270
-189
-81
12
124
236
356
411
390
331
280
233
155
68
-29
-123
-187
-234
-232
-215
-200
-198
-218
-254
-299
-325
-319
-240
-71
168
361
437
393
351
278
268
226
154
88
0
-83
-139
-191
-191
-154
-133
-105
-102
-130
-167
-222
-260
-305
-334
-295
-154
62
228
309
352
371
419
427
415
394
348
248
153
38
-70
-148
-196
-188
-164
-153
-163
-193
-238
-243
-153
23
211
294
254
218
196
275
318
357
333
292
197
74
-48
-155
-209
-239
-246
-231
-221
-206
-218
-230
-257
-295
-337
-365
-319
-159
88
317
399
365
300
290
310
334
354
328
283
159
32
-87
-178
-209
-223
-221
-226
-243
-263
-284
-300
-330
-345
-296
-145
105
352
471
429
322
243
247
300
343
333
336
226
119
-24
-126
-177
-180
-186
-196
-220
-246
-282
-299
-330
-353
-329
-199
38
294
446
439
330
224
208
231
290
301
308
226
98
-41
-178
-248
-260
-264
-263
-277
-298
-317
-342
-361
-389
-382
-293
-79
172
392
431
344
224
177
195
260
303
325
286
172
42
-86
-184
-212
-211
-175
-143
-114
-87
-69
-65
-107
-70
23
154
251
278
250
250
197
125
75
-17
-73
-158
-208
-243
-268
-279
-258
-207
-183
-207
-285
-365
-376
-240
-31
199
342
397
391
384
301
210
115
10
-66
-140
-187
-209
-217
-211
-190
-173
-168
-196
-222
-288
-331
-319
-197
34
268
426
472
470
414
393
266
187
104
20
-39
-126
-178
-197
-186
-169
-149
-148
-174
-228
-297
-376
-450
-512
-482
-299
35
367
570
598
580
485
439
325
214
110
4
-76
-139
-185
-184
-174
-162
-160
-166
-177
-208
-257
-299
-305
-235
-84
142
358
481
464
361
269
277
317
403
432
438
356
230
78
-58
-154
-194
-213
-217
-237
-243
-230
-174
-112
-27
0
26
93
204
312
357
319
280
235
168
114
13
-76
-167
-217
-242
-225
-206
-209
-247
-295
-291
-229
-143
-44
54
175
244
247
211
166
148
119
50
-27
-99
-167
-212
-253
-282
-280
-253
-217
-177
-148
-147
-159
-152
-136
-109
-125
-85
45
215
352
407
360
345
284
224
128
32
-46
-111
-155
-184
-190
-185
-166
-170
-190
-274
-356
-376
-320
-158
23
215
354
386
341
297
250
257
166
95
8
-67
-133
-197
-235
-233
-212
-183
-155
-139
-148
-171
-200
-230
-251
-272
-320
-379
-375
-239
17
250
404
456
445
404
344
259
241
162
92
-4
-104
-172
-219
-231
-212
-192
-197
-213
-230
-251
-264
-292
-321
-310
-213
15
279
495
533
443
318
291
288
335
357
390
346
236
78
-81
-177
-217
-233
-233
-244
-263
-274
-289
-295
-316
-343
-322
-235
-18
241
453
499
405
277
241
248
305
339
359
312
216
41
-109
-223
-258
-269
-273
-286
-313
-331
-343
-339
-356
-381
-370
-297
-89
174
401
473
395
270
235
237
294
329
348
322
227
78
-78
-180
-225
-234
-237
-247
-268
-286
-299
-304
-317
-347
-342
-275
-78
181
420
506
442
314
264
258
311
341
358
335
251
102
-60
-176
-233
-249
-250
-264
-293
-330
-374
-379
-355
-278
-150
37
236
364
358
256
202
227
287
356
365
348
276
154
14
-123
-212
-262
-267
-251
-245
-264
-289
-305
-322
-336
-354
-333
-264
-117
101
311
430
398
287
218
215
257
305
312
302
229
92
-61
-195
-256
-272
-263
-256
-265
-265
-256
-246
-234
-225
-101
49
224
331
338
335
286
251
193
95
8
-87
-159
-198
-235
-259
-262
-247
-222
-200
-199
-223
-272
-325
-333
-301
-217
-90
119
336
490
525
495
407
355
218
107
42
-29
-41
-101
-149
-166
-162
-153
-142
-149
-163
-180
-192
-205
-221
-252
-288
-283
-200
3
252
447
511
454
359
341
310
384
395
382
364
240
97
-52
-156
-220
-252
-266
-286
-310
-324
-332
-333
-350
-332
-262
-76
163
393
489
430
311
247
234
291
292
358
312
230
81
-63
-184
-255
-279
-276
-272
-281
-297
-300
-303
-302
-318
-345
-317
-235
-18
227
430
484
399
280
256
223
332
305
319
293
152
30
-122
-212
-254
-264
-266
-264
-286
-297
-306
-302
-316
-340
-336
-265
-69
180
402
485
430
309
271
242
336
302
332
294
185
43
-106
-226
-272
-284
-279
-270
-279
-299
-304
-308
-308
-325
-350
-329
-244
-23
219
422
464
377
276
241
236
336
345
314
248
138
12
-130
-198
-246
-259
-268
-283
-293
-268
-243
-203
-176
-92
36
188
377
376
393
280
241
172
88
29
-70
-153
-222
-266
-292
-293
-278
-247
-219
-197
-209
-235
-245
-268
-245
-274
-275
-155
64
287
400
397
356
293
255
137
48
12
-26
-37
-104
-175
-212
-210
-182
-165
-167
-170
-177
-186
-221
-283
-382
-418
-295
-47
241
437
512
512
535
477
446
355
287
214
138
52
-48
-129
-178
-190
-175
-149
-137
-139
-144
-135
-131
-115
-95
-55
110
247
473
493
527
435
300
233
118
35
-19
-117
-160
-215
-234
-219
-199
-190
-185
-175
-171
-185
-134
-79
23
117
154
181
168
178
171
223
157
130
59
-13
-82
-188
-260
-312
-311
-280
-231
-185
-152
-136
-132
-143
-154
-148
-98
7
128
256
353
391
449
410
384
307
184
124
51
-5
-47
-115
-146
-180
-192
-183
-160
-143
-143
-150
-156
-165
-165
-163
-179
-217
-230
-191
-34
204
450
587
581
468
381
320
419
362
397
304
199
79
-69
-163
-235
-255
-257
-262
-270
-277
-287
-286
-275
-282
-301
-283
-194
-34
134
235
277
240
192
171
136
129
99
46
51
-30
-94
-202
-267
-280
-259
-234
-206
-206
-202
-190
-191
-181
-195
-221
-230
-185
-32
205
437
556
526
407
304
260
352
320
353
243
124
6
-130
-229
-284
-293
-277
-267
-271
-278
-275
-262
-251
-254
-273
-276
-239
-101
132
376
537
539
440
314
242
295
271
341
264
146
52
-77
-165
-218
-232
-229
-215
-214
-225
-234
-238
-239
-239
-255
-269
-246
-141
84
325
510
541
465
340
277
302
344
406
330
193
75
-67
-186
-265
-295
-282
-258
-255
-261
-268
-260
-216
-135
-118
-90
-73
-10
84
122
120
134
114
160
106
78
21
-77
-132
-210
-254
-251
-235
-202
-161
-145
-144
-154
-182
-214
-203
-173
-137
-98
-22
133
322
397
384
362
296
257
169
61
35
-48
-100
-180
-220
-196
-171
-139
-117
-96
-82
-94
-117
-184
-295
-370
-368
-186
8
176
263
305
340
309
276
221
219
148
90
25
-44
-98
-141
-140
-109
-81
-69
-62
-79
-91
-146
-207
-268
-218
-82
219
388
461
380
287
232
193
144
48
-12
-63
-102
-121
-174
-202
-206
-184
-144
-116
-101
-92
-92
-97
-144
-211
-353
-447
-486
-323
-30
286
501
576
527
509
388
326
142
129
15
-29
-125
-175
-166
-137
-97
-62
-34
-24
-35
-38
-51
-59
-67
-91
-96
-20
146
341
433
460
437
497
489
461
339
204
144
55
-20
-107
-180
-213
-214
-190
-167
-130
-104
-89
-81
-65
-42
5
53
74
148
268
436
420
365
213
127
97
13
-25
-49
-68
-86
-100
-112
-113
-117
-141
-173
-196
-209
-111
-175
-186
-247
-189
-48
100
239
316
371
354
298
236
132
141
5
-85
-230
-263
-239
-216
-182
-137
-93
-57
-43
-41
-40
-37
-27
-15
-3
-4
-17
-24
1
117
327
521
640
622
502
331
168
80
6
-15
-54
-102
-147
-187
-189
-170
-141
-127
-125
-137
-149
-156
-150
-143
-158
-178
-170
-105
81
299
498
578
551
424
331
292
358
381
355
221
88
-62
-180
-269
-312
-310
-295
-303
-313
-325
-338
-351
-388
-451
-539
-609
-609
-445
-168
170
430
549
534
424
323
263
183
86
-15
-168
-250
-339
-375
-365
-327
-290
-247
-210
-190
-173
-171
-163
-159
-165
-185
-198
-168
-17
183
398
466
367
210
87
63
68
64
36
18
-23
-84
-173
-241
-267
-238
-200
-164
-136
-117
-101
-94
-87
-85
-97
-130
-126
-81
81
299
499
597
595
483
393
328
399
374
384
220
111
-9
-134
-220
-273
-270
-248
-256
-267
-278
-307
-345
-447
-503
-505
-371
-153
85
236
299
320
376
334
326
177
161
34
-55
-210
-262
-272
-252
-211
-163
-120
-83
-65
-54
-53
-65
-76
-85
-86
-65
-20
83
237
449
615
683
578
366
219
77
13
-39
-103
-131
-176
-174
-198
-214
-222
-230
-225
-211
-187
-187
-213
-231
-294
-379
-497
-593
-556
-332
-18
297
493
560
527
419
344
237
269
140
134
-6
-121
-193
-237
-236
-183
-142
-108
-92
-102
-101
-108
-75
-37
0
20
85
174
375
429
426
283
164
105
107
6
-53
-106
-148
-160
-175
-170
-171
-192
-206
-186
-193
-231
-332
-404
-405
-313
-141
61
239
374
449
452
417
376
366
342
257
170
35
-83
-176
-215
-210
-198
-175
-131
-92
-57
-43
-36
-35
-41
-61
-97
-149
-187
-128
-34
81
160
193
218
210
181
177
138
139
51
30
-29
-102
-177
-263
-279
-249
-218
-179
-140
-120
-121
-121
-114
-98
-80
-49
48
193
350
436
396
365
343
419
396
334
193
69
-13
-112
-175
-238
-263
-245
-219
-183
-145
-99
-93
-116
-189
-194
-192
-7
16
76
39
18
55
110
190
229
273
150
83
21
-71
-102
-209
-272
-293
-293
-248
-179
-109
-57
-29
-20
-21
-35
-56
-47
-27
21
78
179
335
496
575
585
458
377
279
329
355
400
268
140
13
-104
-190
-254
-270
-253
-242
-231
-228
-243
-285
-351
-446
-510
-527
-427
-226
18
238
369
431
433
455
362
341
265
200
99
-32
-190
-288
-316
-298
-252
-192
-127
-78
-49
-37
-34
-30
-23
-12
-17
-40
-57
-39
36
213
413
571
601
559
411
304
267
315
356
331
201
82
-68
-167
-241
-271
-257
-259
-266
-283
-296
-317
-341
-387
-438
-508
-538
-508
-366
-101
201
456
596
621
556
398
269
161
202
156
89
-69
-191
-279
-324
-307
-257
-203
-152
-116
-102
-98
-91
-75
-45
-15
-1
31
116
278
434
452
362
219
127
100
40
-27
-50
-117
-138
-186
-228
-238
-235
-219
-185
-149
-137
-133
-142
-150
-156
-172
-197
-219
-135
-94
-38
26
126
282
380
374
289
248
110
118
-34
84
-48
-106
-278
-362
-354
-316
-264
-203
-157
-131
-115
-101
-91
-99
-112
-111
-60
42
199
376
532
597
572
441
316
224
256
294
360
275
141
21
-96
-183
-244
-270
-251
-221
-184
-155
-147
-155
-156
-169
-172
-151
-114
-36
41
114
167
188
198
188
170
122
37
60
-34
-62
-175
-246
-252
-244
-212
-160
-104
-57
-28
-14
-1
0
2
-16
-65
-139
-194
-95
-8
112
171
218
252
242
185
120
107
28
88
13
87
-9
-93
-218
-274
-262
-221
-180
-128
-98
-80
-69
-57
-37
-19
-16
-33
-44
-15
71
251
448
607
635
577
424
302
238
310
344
362
226
107
-29
-139
-213
-257
-256
-226
-188
-156
-138
-140
-144
-158
-171
-167
-102
-24
51
102
130
158
160
183
148
132
49
57
-8
-67
-171
-273
-294
-280
-260
-221
-172
-117
-83
-58
-46
-43
-41
-35
-41
-77
-154
-232
-154
-47
142
233
246
236
190
119
64
40
-29
29
-5
36
-44
-127
-242
-301
-293
-251
-195
-134
-88
-67
-57
-47
-29
-16
-10
-25
-31
-13
62
230
422
583
620
567
411
285
227
338
338
374
216
93
-47
-145
-232
-273
-265
-231
-195
-160
-137
-139
-125
-112
-100
-107
-72
-61
-5
54
128
201
231
250
224
202
144
139
81
-1
-98
-196
-218
-205
-193
-151
-95
-38
3
20
27
28
29
39
46
47
30
8
6
35
121
287
459
605
644
523
390
302
352
431
418
305
174
68
-57
-144
-212
-242
-220
-197
-164
-138
-92
-127
-182
-282
-374
-370
-315
-200
-49
115
246
331
329
346
276
282
273
216
78
-89
-215
-277
-275
-236
-191
-136
-89
-50
-29
-22
-27
-31
-33
-26
-22
-25
-47
-78
-87
-55
53
227
397
528
551
408
265
207
258
323
283
145
37
-78
-167
-261
-318
-336
-319
-297
-233
-176
-122
-133
-194
-250
-341
-415
-528
-539
-416
-201
38
203
293
323
311
304
212
201
225
175
102
-63
-203
-278
-290
-263
-220
-164
-110
-65
-50
-47
-54
-67
-68
-77
-80
-91
-25
132
316
470
512
416
322
268
319
388
351
220
108
16
-84
-164
-248
-306
-326
-339
-308
-260
-218
-177
-162
-147
-148
-169
-205
-184
-108
62
214
249
233
188
150
166
95
93
11
9
-58
-141
-215
-269
-277
-293
-279
-235
-186
-139
-96
-94
-81
-85
-73
-66
-97
-110
-120
-45
67
107
87
60
95
198
243
209
137
120
6
115
44
126
31
-103
-225
-293
-291
-260
-210
-153
-109
-93
-84
-84
-80
-90
-87
-67
-29
36
127
266
411
513
531
462
319
206
228
296
372
334
211
104
-16
-112
-203
-261
-280
-281
-259
-215
-171
-149
-143
-142
-148
-152
-152
-119
-36
28
142
255
418
509
451
333
193
114
68
-7
6
-81
-116
-185
-248
-259
-265
-266
-244
-217
-191
-180
-176
-184
-191
-195
-186
-170
-79
-16
14
-27
-134
-152
-78
73
196
207
144
82
2
56
83
121
10
-127
-241
-281
-278
-254
-210
-162
-125
-103
-91
-77
-69
-50
-34
-25
-30
-46
-44
-13
80
256
440
556
565
454
317
221
271
354
419
339
218
87
-36
-141
-225
-269
-281
-271
-246
-219
-208
-191
-137
-80
-48
-71
-143
-253
-364
-453
-461
-337
-125
97
249
304
296
231
221
125
254
97
95
-101
-239
-318
-359
-352
-313
-253
-186
-125
-90
-89
-86
-86
-86
-102
-112
-118
-84
-20
70
213
366
478
485
419
274
193
209
320
372
379
248
136
-3
-99
-191
-252
-268
-268
-237
-195
-159
-143
-128
-87
-23
9
-16
-101
-198
-258
-285
-258
-147
6
150
228
236
221
234
194
240
210
191
67
-88
-191
-251
-269
-251
-199
-144
-88
-46
-25
-24
-27
-28
-15
2
8
5
-14
-37
-25
38
195
381
522
556
500
355
275
290
410
473
431
297
142
13
-103
-188
-240
-260
-260
-245
-216
-177
-130
-79
-57
-81
-106
-171
-254
-343
-446
-445
-356
-145
96
288
373
386
314
305
173
304
162
177
6
-144
-224
-275
-285
-264
-227
-174
-125
-90
-78
-78
-77
-67
-46
-42
-50
-68
-80
-72
-29
77
241
409
493
475
361
235
191
264
360
439
335
206
45
-69
-192
-273
-316
-320
-305
-282
-251
-228
-176
-127
-83
-94
-150
-228
-333
-424
-481
-450
-303
-95
114
255
305
300
233
198
140
215
142
78
-93
-200
-263
-289
-280
-247
-198
-143
-91
-64
-56
-53
-58
-56
-60
-59
-62
-65
-51
-13
86
249
422
528
525
442
308
238
262
393
463
407
290
133
4
-108
-200
-255
-273
-271
-244
-212
-191
-177
-155
-90
-24
9
-34
-133
-246
-340
-413
-404
-273
-64
160
282
317
291
263
191
185
178
137
23
-146
-261
-325
-343
-325
-279
-227
-173
-125
-98
-99
-96
-92
-75
-54
-53
-61
-76
-85
-67
-24
86
246
416
482
462
355
250
214
290
393
444
366
219
75
-38
-155
-238
-282
-286
-270
-239
-216
-196
-188
-132
-47
18
-15
-82
-205
-292
-351
-368
-279
-101
104
266
336
334
277
252
172
285
174
150
-31
-164
-249
-291
-289
-259
-214
-166
-116
-76
-63
-61
-61
-74
-54
-47
-33
-34
-50
-58
-46
29
178
341
482
517
477
341
249
240
388
459
453
318
185
35
-77
-177
-241
-261
-266
-238
-212
-187
-171
-146
-94
-20
26
-7
-98
-219
-306
-375
-385
-289
-96
120
277
335
329
265
242
184
295
212
171
-8
-140
-223
-259
-253
-228
-190
-136
-88
-49
-32
-34
-30
-17
-7
-4
-7
-28
-39
-42
-11
62
195
347
475
509
464
321
216
198
331
413
418
289
162
12
-100
-193
-263
-289
-300
-282
-253
-225
-208
-190
-164
-71
-36
-39
-120
-237
-298
-366
-358
-276
-107
89
238
296
283
225
215
150
282
165
161
-17
-159
-238
-279
-271
-243
-215
-167
-111
-68
-51
-58
-64
-68
-60
-51
-43
-48
-62
-73
-70
-36
61
217
389
494
504
427
308
255
306
398
490
415
287
141
21
-97
-191
-251
-275
-275
-243
-210
-184
-178
-172
-147
-91
12
23
2
-127
-221
-278
-301
-228
-92
105
249
309
295
252
236
187
279
183
144
-35
-181
-274
-305
-301
-270
-233
-181
-126
-85
-60
-59
-59
-57
-53
-57
-68
-79
-79
-50
4
92
215
349
439
450
404
283
219
228
340
417
397
289
150
19
-80
-188
-243
-289
-297
-271
-232
-193
-162
-148
-143
-137
-117
-87
-70
-73
-93
-115
-108
-78
1
133
295
425
470
433
325
276
294
398
478
406
274
139
-7
-113
-204
-240
-212
-198
-172
-157
-198
-224
-276
-350
-387
-425
-431
-408
-381
-352
-311
-234
-69
161
372
493
503
433
312
281
119
274
250
254
132
-35
-174
-253
-279
-282
-263
-229
-289
