-133
-181
-166
-46
131
262
309
284
237
173
114
36
-63
-171
-232
-221
-142
-17
125
255
372
443
474
462
404
316
216
113
15
-65
-133
-176
-197
-200
-184
-167
-151
-160
-196
-270
-383
-447
-474
-415
-332
-252
-185
-135
-4
133
344
565
747
904
960
938
853
719
553
389
389
231
109
20
-27
-49
-29
-1
34
44
39
8
-26
-63
-78
-83
-68
-45
-15
19
22
-10
-55
-101
-146
-210
-245
-252
-172
-59
60
150
193
193
177
139
95
77
64
74
141
259
450
613
716
779
825
828
787
683
539
386
238
110
-5
-121
-228
-316
-362
-364
-333
-300
-274
-297
-354
-432
-469
-457
-395
-328
-278
-246
-213
-161
-99
-45
18
88
178
266
314
327
290
243
189
147
109
86
70
68
56
16
-55
-176
-293
-375
-335
-217
-21
135
272
387
548
740
891
954
915
851
739
629
540
488
469
458
448
446
429
371
272
154
44
-35
-84
-120
-158
-197
-242
-277
-297
-291
-268
-238
-218
-211
-235
-266
-323
-337
-312
-257
-194
-147
-103
-62
-37
1
24
33
54
47
43
57
62
63
3
-76
-123
-96
36
215
362
424
405
373
364
320
249
189
168
217
265
292
290
262
225
167
90
-5
-91
-163
-201
-201
-179
-149
-108
-64
-38
-21
-38
-69
-87
-67
-17
36
68
58
20
-25
-73
-105
-91
-28
61
141
164
116
30
-58
-163
-225
-283
-272
-217
-121
-9
87
157
186
158
53
-36
-51
22
222
464
695
860
910
877
811
734
639
531
413
278
146
22
-100
-228
-342
-361
-318
-187
-55
41
99
124
144
168
185
169
124
69
12
-27
-58
-85
-108
-134
-179
-195
-139
-23
129
252
330
360
348
299
227
151
94
67
65
70
55
23
-31
-75
-109
-123
-123
-145
-193
-277
-371
-393
-352
-200
-11
160
299
369
389
380
297
148
-33
-153
-189
-121
11
168
325
479
603
712
793
818
777
661
490
291
108
-49
-165
-243
-311
-373
-429
-461
-487
-517
-512
-462
-334
-174
-11
120
203
227
199
131
47
-35
-79
-83
-64
-36
-28
-35
-24
11
60
112
104
78
23
-32
-84
-123
-153
-163
-127
-58
25
78
101
103
76
28
-24
-87
-154
-232
-291
-335
-330
-293
-223
-110
21
182
351
481
575
619
614
585
532
527
565
616
636
601
538
462
383
298
221
124
19
-73
-127
-152
-160
-163
-166
-164
-151
-144
-142
-159
-183
-206
-215
-214
-199
-176
-152
-138
-124
-117
-107
-92
-74
-52
-29
-22
-39
-85
-156
-251
-354
-419
-408
-306
-143
32
173
252
267
207
119
8
-68
-34
93
309
520
670
811
937
1053
1087
1014
832
592
368
191
93
79
97
103
73
-1
-80
-143
-177
-179
-170
-172
-203
-252
-298
-291
-235
-119
2
75
76
21
-59
-127
-172
-189
-177
-145
-108
-70
-42
-33
-46
-49
-15
29
85
103
90
50
-7
-51
-63
-48
4
68
111
122
69
-37
-180
-315
-361
-310
-151
1
119
157
160
170
229
296
343
325
260
136
48
29
154
348
527
629
653
618
517
380
245
149
142
172
198
174
74
-62
-198
-291
-352
-375
-387
-385
-381
-373
-376
-400
-428
-429
-357
-213
-33
132
264
326
319
248
146
58
15
17
51
89
112
81
9
-66
-123
-141
-139
-141
-151
-141
-108
-68
-18
31
84
122
151
169
173
164
126
65
-3
-65
-113
-145
-176
-212
-253
-298
-361
-425
-487
-504
-454
-313
-118
81
238
282
223
82
-60
-181
-213
-174
-46
188
511
805
993
1025
932
808
662
520
387
266
175
111
67
18
-28
-70
-98
-105
-99
-94
-98
-125
-163
-185
-189
-184
-187
-163
-133
-85
-31
9
64
126
201
265
299
285
249
193
156
120
107
104
89
58
23
-20
-60
-76
-74
-66
-56
-56
-61
-66
-83
-87
-66
-10
111
253
393
478
489
449
373
286
189
90
-13
-117
-217
-276
-303
-261
-180
-66
41
120
149
159
151
151
153
124
73
11
-83
-171
-196
-178
23
303
621
861
953
903
785
640
496
349
206
83
-26
-122
-206
-255
-267
-224
-159
-81
-25
2
-8
-45
-100
-154
-188
-186
-186
-190
-195
-169
-91
22
138
234
279
277
247
188
117
43
-13
-42
-51
-61
-74
-53
-21
59
156
258
350
423
474
500
491
433
334
218
102
-1
-90
-155
-196
-216
-227
-234
-241
-243
-238
-219
-195
-173
-152
-141
-130
-115
-96
-80
-72
-77
-102
-139
-182
-215
-235
-243
-248
-264
-301
-374
-459
-554
-628
-643
-634
-526
-239
247
805
1213
1349
1277
1092
882
698
579
542
583
644
701
679
616
527
461
430
401
359
302
239
173
106
44
-16
-63
-101
-133
-162
-184
-204
-217
-224
-235
-236
-239
-235
-223
-208
-189
-186
-195
-210
-238
-267
-286
-274
-214
-139
-86
-62
-82
-109
-137
-148
-132
-110
-64
-12
25
62
84
94
91
64
3
-32
-64
-33
64
211
380
502
573
591
569
517
433
362
278
202
135
79
34
-26
-93
-142
-184
-214
-265
-291
-315
-304
-303
-318
-345
-373
-390
-337
-240
-110
42
150
244
272
306
384
519
655
696
628
520
391
288
209
147
102
58
34
18
17
26
23
19
15
11
0
-9
-22
-45
-61
-72
-70
-65
-61
-55
-58
-62
-72
-80
-87
-88
-81
-75
-71
-77
-97
-129
-151
-126
-55
40
121
159
156
107
47
17
40
109
178
207
188
145
95
64
57
50
43
28
35
63
109
139
150
138
110
68
34
16
12
15
13
-8
-73
-178
-292
-368
-414
-422
-379
-272
-100
34
64
4
-25
38
189
366
521
741
955
1129
1133
987
794
630
552
524
497
483
456
425
359
264
142
17
-88
-167
-214
-244
-265
-296
-334
-371
-399
-405
-390
-370
-343
-319
-289
-266
-250
-245
-238
-237
-250
-293
-339
-356
-340
-279
-206
-130
-57
1
43
71
78
73
62
59
69
81
92
97
88
64
29
-9
-48
-67
-99
-134
-178
-186
-131
-32
81
166
198
199
177
129
83
67
103
175
258
331
399
441
481
505
524
532
524
544
604
678
709
641
473
233
-30
-295
-517
-622
-603
-451
-234
-33
107
150
117
68
25
6
29
74
107
123
100
60
17
-14
-29
-24
-1
22
38
40
6
-25
-61
-56
-7
65
134
158
149
118
74
46
45
64
87
98
110
115
109
88
37
-24
-112
-191
-232
-221
-161
-61
41
132
204
243
254
215
120
9
-89
-150
-109
-88
-28
5
62
178
279
358
447
544
692
827
933
990
994
966
910
789
619
402
243
131
97
43
-38
-146
-248
-346
-429
-515
-615
-675
-693
-665
-622
-574
-513
-441
-366
-277
-179
-83
-4
56
94
112
118
110
83
46
19
18
42
88
130
152
145
114
77
39
12
-17
-34
-45
-47
-47
-42
-39
-35
-29
-26
-22
-23
-32
-58
-95
-150
-211
-240
-225
-165
-85
-22
28
61
75
78
56
45
68
158
255
308
287
221
151
120
190
367
581
734
775
709
596
504
428
400
357
284
242
235
255
275
251
213
151
100
41
-24
-81
-139
-171
-213
-238
-289
-344
-375
-349
-286
-197
-134
-116
-134
-171
-196
-205
-195
-171
-133
-85
-41
-10
7
18
26
26
29
32
37
39
34
27
25
23
17
-15
-81
-148
-201
-221
-188
-142
-82
-54
-50
-28
72
259
482
721
927
1100
1174
1142
1030
914
827
783
753
702
593
432
232
39
-108
-189
-211
-201
-174
-161
-178
-240
-320
-402
-455
-477
-475
-447
-410
-355
-310
-271
-243
-228
-233
-258
-300
-361
-397
-391
-317
-210
-104
-14
47
78
92
79
50
30
59
128
200
233
207
161
86
12
-18
22
144
310
492
648
727
733
680
585
439
244
24
-168
-263
-239
-84
125
323
503
627
707
708
635
526
391
259
125
-23
-160
-274
-334
-333
-282
-228
-181
-171
-193
-230
-251
-237
-208
-181
-167
-158
-151
-139
-126
-117
-109
-109
-116
-126
-147
-178
-223
-279
-348
-417
-428
-376
-237
-76
67
155
186
153
161
162
233
324
457
590
686
715
692
622
526
466
436
432
399
297
179
65
-7
-42
-60
-79
-105
-136
-170
-197
-223
-240
-247
-239
-228
-226
-238
-277
-341
-391
-391
-325
-214
-94
18
128
200
231
214
174
114
73
63
83
116
117
30
-72
-163
-172
-90
89
326
527
631
622
529
363
184
49
-10
48
123
235
365
495
612
693
713
679
596
484
371
271
184
105
27
-52
-149
-250
-330
-358
-337
-283
-230
-212
-234
-288
-334
-347
-335
-296
-243
-171
-107
-71
-62
-99
-162
-233
-253
-211
-117
-2
100
173
186
147
127
141
256
445
656
830
886
807
641
464
310
203
126
53
-41
-138
-255
-338
-390
-387
-352
-298
-235
-180
-116
-53
13
57
68
71
57
39
11
-11
-20
-21
-5
24
61
68
41
-45
-151
-239
-270
-243
-179
-121
-98
-129
-174
-204
-139
-6
198
409
582
699
754
772
774
757
685
565
398
225
121
105
165
261
328
336
285
194
91
2
-66
-121
-166
-215
-283
-352
-393
-390
-336
-260
-179
-115
-69
-47
-44
-42
-44
-55
-77
-102
-137
-158
-163
-132
-86
-54
-59
-101
-156
-177
-152
-100
-70
-58
-56
-59
-43
1
64
149
225
283
317
333
320
280
210
124
34
-48
-100
-142
-174
-200
-224
-236
-241
-233
-223
-231
-268
-335
-432
-578
-721
-837
-813
-601
-195
302
762
1076
1209
1242
1226
1162
1039
860
650
448
283
142
36
-34
-50
-33
-8
0
-26
-76
-138
-179
-181
-147
-109
-103
-111
-126
-121
-110
-94
-70
-45
-23
-13
-8
-7
-18
-40
-92
-170
-243
-255
-189
-76
40
124
162
181
177
167
130
48
-67
-149
-203
-161
-68
92
253
387
498
585
631
627
537
395
246
84
-28
-87
-109
-106
-116
-144
-159
-169
-157
-138
-118
-113
-134
-176
-244
-328
-416
-510
-610
-720
-792
-790
-669
-482
-216
51
369
674
946
1107
1184
1166
1121
1043
920
802
682
614
543
497
465
475
513
553
570
525
444
325
200
94
-1
-84
-146
-183
-204
-211
-206
-202
-194
-198
-201
-221
-266
-339
-401
-407
-354
-240
-114
7
106
166
195
195
169
124
75
36
3
-18
-38
-67
-94
-119
-114
-60
-2
52
41
-22
-137
-208
-195
-79
113
304
457
539
528
435
311
192
87
13
-45
-89
-119
-148
-182
-220
-244
-258
-256
-245
-232
-217
-213
-209
-202
-205
-246
-339
-472
-600
-707
-769
-763
-681
-509
-289
-70
86
232
426
715
1004
1172
1218
1138
1001
859
714
614
530
437
335
235
145
93
63
54
32
-1
-41
-84
-124
-150
-166
-165
-155
-137
-122
-115
-110
-108
-100
-92
-79
-70
-65
-59
-55
-53
-44
-39
-28
-27
-35
-45
-50
-51
-48
-48
-58
-93
-149
-230
-310
-373
-381
-338
-202
-27
139
245
251
202
141
102
126
136
178
213
289
363
428
498
602
715
799
817
773
669
570
500
476
448
404
305
187
60
-45
-114
-155
-177
-201
-210
-199
-180
-165
-167
-194
-233
-273
-315
-356
-376
-365
-323
-275
-233
-207
-188
-174
-157
-153
-153
-158
-158
-145
-136
-148
-193
-277
-374
-455
-497
-487
-410
-253
-58
131
246
293
295
237
139
44
-23
-8
44
75
119
183
311
476
618
718
768
778
743
656
533
413
326
267
229
186
117
25
-79
-150
-195
-206
-213
-216
-207
-194
-180
-167
-155
-128
-83
-22
33
71
56
-12
-106
-189
-215
-186
-116
-20
82
162
210
232
222
196
162
126
99
68
32
-1
-9
-4
16
33
36
10
-16
-7
42
105
158
185
188
163
113
76
47
72
133
228
342
436
481
473
408
330
253
190
130
115
122
166
227
296
361
415
444
450
427
382
327
269
227
170
113
31
-25
-59
-41
-5
24
17
-24
-87
-161
-201
-217
-210
-208
-202
-192
-171
-146
-131
-117
-110
-110
-125
-159
-186
-199
-199
-211
-260
-322
-369
-363
-284
-143
55
280
499
693
839
955
1007
1001
939
812
648
455
279
146
67
39
17
-10
-42
-59
-67
-69
-56
-48
-36
-36
-54
-87
-121
-140
-149
-146
-140
-127
-105
-85
-73
-77
-90
-105
-125
-161
-201
-206
-182
-120
-42
47
143
218
256
236
177
103
41
20
92
271
566
853
1047
1123
1104
1022
893
730
550
372
204
77
5
-18
-24
-56
-125
-213
-281
-308
-293
-267
-239
-233
-245
-266
-288
-299
-292
-255
-204
-150
-106
-75
-54
-39
-35
-31
-26
-25
-22
-24
-27
-37
-56
-77
-90
-94
-90
-101
-156
-262
-391
-466
-445
-337
-191
-91
-63
-80
-41
30
233
478
751
943
981
898
768
665
587
508
416
296
182
81
-25
-132
-240
-333
-387
-400
-380
-338
-291
-259
-247
-261
-303
-354
-402
-429
-428
-405
-371
-341
-313
-293
-268
-244
-222
-203
-197
-193
-204
-209
-213
-229
-232
-223
-181
-99
0
110
214
307
369
402
407
387
322
214
52
-129
-315
-458
-545
-562
-490
-328
-141
30
106
115
84
42
3
-25
-82
-118
-118
-17
184
451
722
945
1081
1139
1125
1030
872
672
463
262
80
-80
-195
-271
-320
-343
-336
-303
-248
-195
-153
-127
-109
-93
-84
-88
-110
-144
-174
-186
-180
-169
-193
-248
-290
-287
-206
-81
29
104
138
137
126
105
77
47
15
-30
-92
-133
-152
-113
-19
142
328
495
618
707
775
781
714
573
412
254
121
16
-28
-36
-26
-30
-81
-164
-263
-340
-385
-378
-355
-322
-279
-223
-150
-75
-5
62
103
118
102
67
27
7
4
16
31
38
31
7
-30
-29
-13
49
131
253
365
461
495
484
424
349
282
241
226
222
206
166
88
-14
-114
-180
-197
-166
-136
-139
-189
-244
-268
-236
-153
-15
141
289
379
394
322
214
154
143
213
309
414
472
478
452
398
344
280
198
116
37
-27
-78
-102
-116
-119
-112
-104
-90
-77
-71
-69
-88
-123
-175
-214
-239
-261
-288
-272
-226
-110
36
201
343
426
439
385
304
223
152
85
-4
-104
-164
-213
-158
-24
173
406
568
660
701
698
668
614
552
493
429
342
244
134
18
-91
-192
-299
-419
-577
-727
-781
-706
-494
-198
77
310
443
516
543
546
541
526
502
425
322
197
64
-55
-140
-172
-157
-115
-84
-76
-88
-118
-148
-180
-202
-213
-206
-202
-192
-185
-178
-168
-156
-157
-154
-154
-156
-149
-144
-140
-125
-121
-113
-114
-105
-98
-88
-82
-68
-57
-62
-116
-190
-276
-358
-407
-400
-331
-169
16
178
256
246
200
165
131
157
204
299
358
387
411
521
702
933
1096
1178
1137
1026
863
698
538
399
289
203
128
28
-64
-151
-207
-250
-298
-351
-404
-433
-424
-386
-330
-285
-259
-247
-234
-219
-213
-225
-230
-212
-144
-63
29
140
233
305
345
357
349
327
304
263
219
175
116
84
38
-10
-65
-108
-117
-68
27
157
304
427
505
540
526
477
398
302
208
124
54
5
-42
-78
-104
-114
-112
-116
-129
-158
-197
-250
-314
-348
-320
-242
-111
23
147
259
333
364
340
243
90
-76
-204
-234
-186
-28
146
336
497
640
762
856
878
816
715
607
491
359
230
112
52
34
42
58
74
87
106
115
119
96
59
7
-42
-79
-106
-124
-139
-142
-141
-133
-122
-115
-112
-124
-161
-216
-283
-354
-411
-409
-344
-187
3
183
298
330
308
258
199
146
87
39
7
-21
-28
-62
-99
-114
-75
36
185
325
432
517
572
599
613
580
516
406
278
163
86
36
-4
-54
-98
-134
-152
-162
-181
-213
-264
-323
-407
-487
-559
-591
-594
-594
-575
-541
-459
-354
-243
-148
-108
-110
-112
-11
130
344
531
707
838
893
878
820
728
607
460
320
197
107
41
-18
-50
-48
-21
24
56
69
57
15
-35
-99
-139
-149
-111
-53
12
59
75
57
7
-54
-131
-169
-181
-127
-30
69
162
245
315
350
341
297
227
169
106
46
-25
-79
-130
-124
-67
50
193
309
397
448
466
447
389
313
236
167
109
57
-4
-66
-115
-139
-160
-197
-269
-333
-360
-341
-296
-265
-244
-254
-299
-366
-462
-534
-539
-420
-216
30
227
323
314
264
237
311
475
635
731
733
661
550
425
307
210
142
98
66
36
12
-2
-8
-10
-12
-17
-19
-26
-31
-37
-49
-68
-91
-115
-136
-151
-159
-164
-181
-249
-279
-303
-227
-102
42
176
260
288
267
224
169
162
204
271
299
244
127
-14
-149
-202
-121
56
300
488
588
628
625
608
599
572
533
503
471
470
451
418
387
358
347
318
266
192
84
-41
-178
-298
-385
-437
-455
-437
-393
-352
-305
-274
-247
-223
-200
-173
-133
-86
-39
-1
6
-7
-32
-55
-59
-41
7
69
120
148
149
123
74
12
-39
-54
-43
-32
-53
-78
-95
-93
-70
-29
37
125
219
306
377
425
440
424
373
300
200
98
0
-92
-175
-239
-267
-255
-163
-32
140
279
372
374
334
294
305
353
432
505
601
705
788
860
861
820
738
626
505
356
212
62
-77
-208
-319
-389
-415
-405
-379
-350
-324
-292
-266
-239
-212
-176
-131
-84
-41
-19
-20
-50
-103
-162
-203
-197
-135
-46
30
48
-18
-118
-141
-62
128
335
476
527
496
422
334
257
201
164
143
112
76
26
-29
-59
-28
50
151
210
198
136
63
24
45
113
182
218
211
183
160
154
185
238
320
409
473
476
392
274
256
382
633
884
1006
952
762
514
287
116
-16
-114
-187
-237
-259
-263
-250
-232
-232
-231
-219
-166
-97
-23
29
50
39
-12
-62
-102
-117
-121
-123
-124
-120
-104
-87
-93
-158
-262
-302
-246
-65
151
323
412
422
382
336
294
246
173
49
-96
-212
-272
-272
-217
-144
-48
72
218
367
512
607
643
638
566
446
290
107
-54
-184
-267
-297
-312
-327
-385
-447
-473
-437
-321
-185
-72
-19
-29
-80
-135
-170
-169
-153
-127
-115
-119
-133
-158
-179
-192
-199
-204
-207
-217
-223
-211
-171
-105
-36
8
13
-10
-57
-105
-135
-140
-121
-77
-18
49
103
133
114
66
-36
-144
-235
-273
-264
-216
-215
-215
-251
-179
-1
264
559
778
880
903
886
878
838
789
733
678
633
552
446
312
181
75
-2
-55
-107
-147
-193
-228
-251
-291
-326
-347
-330
-294
-239
-212
-203
-234
-282
-319
-329
-291
-201
-90
18
85
74
-21
-170
-288
-309
-224
-71
83
195
265
293
294
272
226
172
137
116
97
63
-14
-109
-193
-225
-208
-141
-27
99
231
320
375
380
373
322
274
222
208
268
406
578
722
771
713
557
345
134
-40
-159
-231
-277
-321
-366
-425
-500
-583
-633
-613
-532
-420
-324
-247
-193
-165
-165
-171
-175
-166
-147
-120
-87
-55
-37
-36
-51
-76
-111
-143
-169
-184
-195
-218
-237
-245
-229
-194
-178
-209
-259
-290
-237
-130
34
235
461
662
808
865
842
759
613
444
329
287
388
526
654
689
607
439
238
58
-77
-146
-163
-134
-92
-81
-105
-167
-230
-280
-315
-338
-369
-405
-392
-298
-140
27
146
211
223
214
187
167
166
179
192
190
168
129
85
43
4
-28
-47
-43
-24
-7
12
32
43
12
-70
-181
-292
-374
-410
-382
-335
-232
-128
-6
106
233
312
423
550
695
816
839
769
661
525
383
292
267
339
451
537
564
534
444
305
160
27
-74
-147
-205
-242
-274
-304
-331
-355
-372
-380
-370
-341
-299
-257
-235
-249
-300
-381
-399
-345
-183
17
178
274
288
265
229
193
160
106
34
-51
-120
-166
-189
-207
-225
-242
-251
-255
-237
-202
-120
19
186
340
441
465
410
288
130
-16
-123
-194
-232
-255
-272
-266
-255
-209
-168
-142
-148
-169
-180
-174
-107
12
206
419
596
683
679
596
472
330
168
26
-63
-73
-37
25
61
67
53
28
-6
-44
-92
-154
-211
-257
-258
-168
-32
140
277
366
408
416
415
423
434
416
374
319
268
215
165
103
33
-44
-118
-161
-176
-185
-172
-147
-89
-7
86
193
300
386
426
430
393
332
250
146
37
-43
-72
-45
31
120
177
205
187
129
39
-73
-189
-290
-370
-452
-533
-595
-607
-535
-396
-208
-23
108
171
176
139
88
48
20
16
26
24
0
-57
-129
-161
-134
-57
19
66
78
83
117
194
322
458
546
583
549
477
388
290
199
120
58
-1
-51
-114
-179
-250
-333
-410
-452
-441
-357
-218
-54
105
228
297
338
349
326
277
201
115
54
10
2
19
14
-28
-100
-166
-192
-177
-117
-4
149
333
527
703
830
872
820
685
508
330
169
36
-85
-193
-274
-312
-304
-264
-218
-173
-148
-145
-168
-219
-295
-366
-396
-361
-236
-64
116
265
354
380
358
299
228
191
183
193
172
111
27
-47
-70
-57
2
101
230
362
464
503
479
430
387
371
364
345
301
216
116
14
-61
-104
-124
-137
-145
-166
-210
-266
-310
-327
-320
-319
-343
-359
-350
-308
-236
-151
-71
8
66
115
131
111
82
62
95
187
294
406
483
512
498
425
302
143
-10
-114
-144
-114
-57
-4
29
39
36
20
4
-5
0
21
41
45
35
17
-4
-20
-46
-85
-135
-191
-247
-289
-284
-240
-155
-50
50
143
218
277
310
284
210
152
152
229
368
515
624
661
616
516
401
309
232
203
196
180
147
92
31
-14
-40
-41
-22
4
22
30
21
6
-27
-60
-98
-131
-152
-171
-191
-230
-219
-196
-123
-43
32
105
163
188
191
154
72
-19
-95
-96
-31
49
177
335
522
687
771
759
693
588
450
321
199
117
66
38
16
-8
-51
-90
-139
-164
-184
-189
-192
-192
-187
-170
-146
-115
-74
-51
-60
-110
-184
-258
-324
-387
-442
-473
-453
-361
-204
-17
141
232
246
233
208
227
296
429
595
750
858
887
840
723
561
405
283
208
150
95
19
385
