-21
-17
-16
-15
-9
-9
-13
-35
-97
-175
-217
-157
-7
117
163
128
73
41
23
-9
-34
-68
-90
-126
-157
-181
-190
-179
-152
-118
-104
-92
-80
-77
-94
-148
-199
-207
-167
-111
-67
-58
-62
-65
-65
-59
-55
-54
-43
-36
-23
-26
-17
-10
-6
-3
2
-5
-3
-8
-15
-14
-9
7
12
13
-2
-44
-106
-149
-120
-34
71
118
105
63
32
14
-9
-36
-66
-98
-133
-151
-163
-149
-130
-110
-107
-100
-100
-93
-85
-86
-115
-158
-195
-205
-173
-119
-87
-71
-74
-68
-62
-55
-52
-50
-47
-36
-33
-26
-13
-5
-3
4
10
11
11
9
4
5
8
24
39
44
37
-3
-83
-144
-143
-66
53
118
112
59
6
-25
-47
-69
-96
-122
-147
-153
-145
-133
-111
-102
-84
-72
-58
-48
-47
-80
-143
-206
-240
-206
-135
-76
-45
-45
-54
-57
-49
-45
-39
-42
-43
-38
-28
-23
-18
-15
-2
14
30
39
45
46
47
45
46
48
51
51
50
49
53
57
57
62
61
63
58
56
59
53
52
50
50
47
40
34
28
36
38
36
34
45
60
75
75
44
-27
-136
-196
-143
-12
121
165
135
76
32
-7
-43
-69
-82
-93
-112
-127
-154
-185
-223
-245
-251
-229
-190
-156
-131
-121
-113
-110
-101
-113
-149
-198
-225
-212
-167
-128
-112
-114
-116
-108
-93
-86
-76
-74
-72
-99
-142
-195
-232
-230
-188
-140
-101
-73
-63
-56
-51
-45
-58
-87
-124
-144
-152
-140
-122
-103
-91
-74
-58
-48
-30
-17
-12
-6
-8
-9
-10
-4
11
25
34
49
53
52
42
28
20
12
10
14
17
17
-9
-60
-116
-126
-61
46
128
164
138
105
76
49
11
-26
-57
-76
-79
-67
-58
-51
-51
-42
-45
-39
-43
-50
-80
-150
-201
-207
-136
-43
11
13
-10
-27
-30
-26
-23
-40
-73
-106
-137
-147
-145
-132
-119
-104
-90
-73
-64
-47
-30
-16
-10
-20
-64
-126
-175
-173
-139
-80
-38
-18
-17
-22
-21
-24
-20
-13
-20
-52
-103
-136
-146
-136
-121
-105
-86
-65
-48
-37
-33
-25
-21
-14
-8
-3
-4
2
12
29
41
50
48
39
37
42
57
70
76
76
57
8
-52
-100
-86
-7
92
151
148
103
44
3
-23
-48
-73
-92
-100
-103
-100
-96
-90
-81
-67
-47
-36
-38
-77
-148
-210
-226
-175
-83
-13
13
-1
-20
-27
-21
-24
-19
-11
-2
1
4
4
3
11
20
32
38
40
42
40
44
50
56
59
59
61
64
71
82
85
85
82
74
66
61
62
64
67
68
70
66
55
48
39
29
30
24
16
9
14
24
41
49
35
-8
-100
-201
-233
-160
7
138
178
149
98
58
33
3
-19
-45
-72
-97
-122
-155
-172
-213
-234
-251
-246
-228
-203
-183
-168
-153
-148
-147
-187
-232
-270
-264
-222
-168
-134
-127
-125
-118
-107
-98
-91
-86
-85
-84
-80
-82
-83
-76
-71
-58
-57
-67
-111
-179
-228
-230
-187
-105
-27
14
36
21
6
-12
-34
-54
-76
-87
-90
-88
-88
-81
-72
-59
-42
-30
-22
-24
-25
-33
-38
-37
-30
-24
-15
-5
10
17
19
14
11
-2
-7
-6
0
14
28
30
34
33
29
24
17
14
16
12
5
-1
-13
-25
-20
-14
-14
-10
-17
-24
-25
-17
-20
-20
-16
-23
-32
-36
-38
-42
-41
-47
-52
-54
-52
-48
-47
-40
-36
-41
-50
-52
-55
-55
-56
-57
-57
-50
-48
-41
-47
-54
-61
-65
-74
-71
-68
-66
-46
-22
-2
5
-15
-90
-193
-229
-143
25
144
172
131
82
46
5
-44
-87
-124
-154
-177
-202
-226
-251
-261
-267
-252
-245
-223
-203
-194
-215
-255
-286
-282
-243
-193
-168
-146
-135
-126
-121
-115
-113
-135
-173
-213
-237
-226
-206
-176
-160
-135
-113
-86
-69
-50
-51
-63
-113
-168
-212
-219
-181
-136
-91
-64
-49
-44
-51
-57
-76
-112
-149
-165
-164
-149
-130
-111
-88
-72
-50
-42
-26
-8
5
15
29
37
40
37
33
32
43
55
65
71
72
58
22
-51
-103
-119
-72
14
76
104
93
78
66
56
43
21
-10
-50
-88
-114
-131
-127
-108
-82
-60
-32
-20
-34
-72
-124
-152
-139
-92
-63
-59
-65
-63
-46
-31
-8
1
7
8
12
7
19
28
40
48
53
61
60
57
60
70
86
101
94
53
-25
-101
-115
-48
75
165
190
157
110
81
58
43
21
-4
-25
-49
-69
-97
-102
-102
-88
-73
-57
-44
-44
-66
-121
-171
-186
-143
-75
-38
-26
-37
-37
-30
-27
-21
-12
-5
-3
-4
-5
-5
-3
-4
1
5
15
21
26
26
28
39
43
49
42
23
-30
-118
-181
-166
-61
78
158
156
106
64
44
28
14
-2
-21
-38
-49
-51
-58
-61
-63
-59
-48
-36
-23
-23
-20
-21
-26
-34
-28
-17
-1
17
8
-22
-101
-176
-202
-133
24
134
163
117
58
31
22
10
-4
-25
-46
-66
-96
-113
-126
-127
-119
-104
-87
-73
-66
-59
-56
-54
-52
-44
-41
-31
-18
-8
-8
-12
-12
-4
5
12
10
-15
-65
-152
-229
-232
-130
56
171
203
135
57
16
2
-21
-38
-54
-66
-81
-92
-103
-111
-119
-120
-123
-116
-107
-87
-73
-56
-44
-30
-20
-12
-8
-6
0
3
5
1
2
7
7
12
6
2
-1
2
-3
-30
-100
-195
-260
-227
-68
129
211
194
98
37
9
-9
-33
-59
-73
-80
-99
-116
-131
-152
-170
-194
-210
-217
-217
-205
-191
-178
-158
-134
-106
-92
-90
-122
-170
-214
-221
-202
-166
-142
-135
-137
-135
-124
-109
-100
-89
-85
-100
-153
-216
-252
-241
-180
-121
-98
-97
-96
-87
-66
-63
-50
-45
-41
-62
-106
-151
-183
-197
-186
-158
-127
-107
-95
-87
-75
-61
-47
-33
-40
-73
-120
-158
-171
-148
-107
-84
-69
-64
-58
-47
-43
-43
-41
-31
-9
1
6
13
26
30
33
33
28
28
32
38
45
44
45
38
39
43
46
52
54
55
52
56
64
64
60
60
59
56
55
52
48
47
47
49
51
55
60
66
58
37
-9
-98
-194
-218
-112
86
232
281
234
166
129
85
42
8
-23
-56
-83
-107
-132
-146
-153
-149
-137
-117
-91
-67
-54
-49
-47
-40
-25
-5
5
16
24
28
17
17
13
9
12
14
21
17
13
13
15
19
20
21
18
16
10
-3
-7
-10
-6
-6
5
15
30
43
49
46
22
-14
-101
-217
-279
-227
-45
129
200
167
88
39
7
-30
-66
-99
-127
-157
-185
-198
-213
-215
-212
-202
-198
-197
-194
-201
-223
-284
-349
-384
-355
-273
-203
-154
-133
-122
-96
-79
-77
-93
-127
-166
-206
-235
-255
-255
-245
-221
-193
-162
-141
-119
-116
-145
-190
-232
-243
-229
-196
-162
-139
-113
-97
-84
-71
-65
-64
-69
-71
-71
-71
-66
-58
-43
-29
-13
1
3
3
11
15
26
32
46
56
61
64
58
56
55
53
56
52
49
47
38
35
34
40
40
49
51
60
73
80
88
82
62
25
-49
-147
-211
-179
-16
160
247
231
156
99
57
17
-19
-53
-79
-99
-118
-139
-159
-172
-181
-180
-165
-144
-125
-125
-145
-204
-266
-286
-248
-171
-104
-63
-55
-55
-53
-53
-55
-62
-68
-74
-80
-89
-92
-94
-91
-88
-82
-74
-59
-41
-27
-12
5
12
15
18
23
34
43
51
42
41
38
41
38
33
31
30
24
29
31
39
46
54
63
72
76
69
39
-7
-94
-199
-245
-165
34
207
274
217
130
74
42
7
-27
-52
-84
-113
-148
-171
-197
-201
-194
-187
-170
-159
-141
-144
-172
-238
-292
-313
-258
-180
-125
-93
-91
-84
-82
-87
-90
-95
-96
-92
-87
-84
-88
-95
-103
-93
-76
-56
-37
-15
2
18
18
22
25
27
38
40
42
47
49
49
44
39
32
29
30
42
47
48
43
40
35
41
51
65
65
80
84
83
57
-27
-148
-238
-225
-76
114
218
220
151
95
57
21
-17
-61
-97
-148
-182
-205
-219
-220
-218
-202
-191
-175
-183
-217
-277
-305
-303
-254
-193
-142
-104
-97
-96
-99
-89
-81
-78
-80
-82
-80
-80
-76
-78
-69
-60
-54
-36
-33
-28
-19
-10
-9
-7
9
16
23
23
23
18
21
19
22
24
25
30
28
37
50
49
46
36
35
34
42
54
58
64
66
70
51
16
-58
-164
-232
-201
-53
118
203
189
111
51
15
-12
-46
-83
-117
-149
-177
-192
-201
-203
-197
-190
-183
-189
-197
-220
-272
-323
-338
-307
-230
-163
-108
-74
-54
-37
-36
-43
-56
-87
-132
-186
-225
-252
-257
-237
-209
-168
-135
-111
-108
-120
-148
-195
-236
-250
-231
-195
-163
-133
-111
-112
-106
-104
-92
-66
-52
-38
-32
-21
-8
2
16
27
37
46
58
71
79
80
80
81
73
73
70
69
73
77
81
79
82
77
71
63
58
55
49
48
47
47
43
45
49
61
80
95
106
116
116
100
55
-21
-141
-214
-178
-5
179
272
252
165
94
38
-6
-50
-87
-123
-145
-160
-171
-177
-183
-177
-159
-139
-117
-100
-96
-136
-217
-289
-311
-255
-147
-73
-21
-10
0
1
-4
-13
-31
-53
-102
-150
-195
-221
-216
-197
-174
-152
-127
-114
-115
-118
-142
-181
-222
-244
-238
-195
-146
-103
-92
-85
-77
-70
-58
-48
-42
-45
-40
-32
-33
-25
-22
-19
-12
-3
9
21
36
50
57
59
58
59
55
44
45
56
75
87
94
88
96
92
89
79
80
77
69
65
66
65
63
59
61
63
68
75
82
91
100
103
104
92
67
13
-88
-201
-243
-164
23
172
215
163
85
27
-16
-45
-81
-116
-143
-158
-173
-183
-190
-186
-175
-163
-150
-144
-146
-190
-258
-307
-301
-223
-138
-92
-61
-41
-14
5
10
-3
-36
-72
-129
-188
-228
-237
-210
-168
-126
-100
-90
-88
-92
-111
-123
-154
-193
-232
-256
-233
-190
-149
-117
-101
-100
-94
-87
-82
-77
-71
-67
-62
-59
-48
-37
-24
-11
6
16
29
45
55
61
57
55
51
49
50
47
43
47
43
42
43
52
55
57
52
47
41
40
42
48
50
55
54
50
48
46
44
41
36
33
30
41
54
69
80
92
78
46
-32
-160
-263
-253
-108
98
211
207
120
40
-14
-47
-80
-100
-122
-141
-162
-175
-174
-171
-162
-158
-175
-233
-298
-331
-318
-250
-187
-134
-103
-86
-73
-78
-84
-88
-85
-86
-86
-92
-101
-102
-100
-95
-82
-61
-49
-36
-30
-23
-14
-3
5
17
14
0
-38
-118
-212
-279
-271
-163
-23
86
121
106
77
50
18
-22
-59
-94
-119
-139
-152
-170
-175
-175
-170
-157
-138
-112
-90
-78
-58
-49
-46
-77
-131
-189
-224
-220
-178
-124
-65
-36
-30
-36
-37
-46
-60
-87
-126
-167
-191
-200
-180
-149
-115
-102
-102
-102
-105
-106
-108
-102
-92
-80
-61
-44
-28
-15
-2
11
22
35
46
54
55
58
56
58
66
70
80
84
90
93
98
111
113
107
98
87
79
70
68
68
63
57
54
46
47
48
48
42
37
35
29
23
15
4
0
3
12
25
42
64
84
91
99
94
72
3
-122
-247
-290
-177
30
186
220
142
53
-11
-43
-76
-111
-135
-148
-157
-172
-186
-214
-257
-314
-349
-360
-326
-286
-248
-212
-184
-147
-126
-108
-92
-92
-105
-154
-218
-283
-294
-259
-206
-159
-122
-82
-51
-32
-25
-26
-31
-35
-59
-102
-153
-196
-221
-223
-192
-163
-128
-106
-89
-68
-55
-53
-50
-45
-66
-105
-174
-225
-227
-185
-131
-77
-41
-30
-27
-15
-17
-19
-19
-16
-12
-3
9
14
17
25
39
55
70
77
79
74
66
69
66
75
87
89
87
76
70
62
64
70
75
72
75
75
70
68
76
88
95
91
88
78
77
75
71
67
56
46
38
33
39
42
46
58
66
66
66
58
49
39
30
24
17
22
40
63
81
99
109
98
53
-57
-205
-290
-224
-29
169
241
190
84
22
-12
-37
-73
-103
-127
-156
-195
-244
-283
-314
-322
-308
-287
-249
-217
-192
-183
-177
-194
-238
-279
-291
-248
-191
-149
-132
-140
-138
-126
-111
-99
-93
-88
-87
-98
-130
-182
-243
-283
-287
-251
-196
-137
-100
-74
-61
-51
-53
-64
-85
-121
-159
-176
-178
-157
-128
-103
-86
-81
-67
-53
-39
-37
-32
-32
-25
-16
-9
-9
2
12
24
35
43
47
51
59
65
68
74
80
84
79
75
69
67
67
71
74
74
79
80
73
74
74
74
68
64
64
67
70
69
60
47
42
44
50
61
64
61
52
49
44
39
39
39
36
39
61
90
117
126
111
40
-99
-213
-196
-29
182
272
225
132
66
27
-13
-68
-111
-156
-186
-216
-238
-254
-260
-257
-253
-237
-211
-185
-169
-170
-208
-275
-332
-337
-274
-200
-144
-128
-119
-107
-93
-86
-87
-80
-79
-84
-92
-101
-102
-98
-84
-73
-69
-61
-46
-31
-24
-16
-11
-5
-1
14
9
-17
-86
-182
-247
-228
-118
7
100
125
101
70
42
17
-8
-39
-67
-87
-107
-114
-114
-119
-115
-107
-86
-68
-53
-55
-92
-162
-229
-254
-214
-122
-50
-19
-10
-8
2
4
-2
-19
-39
-55
-64
-57
-55
-54
-74
-125
-191
-235
-243
-198
-118
-55
-19
-16
-20
-22
-25
-38
-70
-116
-160
-181
-171
-134
-91
-69
-64
-69
-73
-74
-68
-63
-56
-51
-42
-26
-11
1
5
7
0
7
12
20
30
43
56
57
63
62
63
69
77
82
84
91
90
90
89
88
87
83
76
71
65
62
58
58
59
66
69
65
63
61
61
62
59
54
51
45
47
41
37
37
30
30
27
24
16
14
16
14
6
-4
-4
-6
-1
1
2
-2
-7
-13
-15
-13
-11
-11
-12
-21
-21
-27
-25
-24
-29
-21
2
32
59
47
-22
-163
-281
-248
-82
113
167
116
30
-9
-35
-77
-124
-168
-198
-229
-257
-273
-282
-287
-288
-295
-310
-318
-313
-305
-300
-301
-291
-269
-233
-203
-189
-186
-208
-250
-299
-318
-283
-210
-158
-137
-138
-145
-140
-132
-120
-118
-114
-107
-107
-93
-80
-62
-49
-32
-16
-9
4
14
24
23
19
22
25
34
41
23
-26
-121
-219
-249
-172
-14
120
173
154
102
61
39
14
-10
-32
-53
-71
-86
-92
-77
-67
-50
-42
-49
-94
-169
-225
-242
-194
-110
-49
-22
-26
-36
-45
-61
-62
-71
-66
-55
-39
-23
-17
-12
-11
-14
-11
-7
-1
4
15
21
23
26
25
21
24
35
43
46
47
50
43
46
48
56
61
61
54
50
47
46
45
32
30
31
40
56
67
73
77
86
96
103
102
88
35
-78
-224
-263
-151
66
197
188
112
53
37
15
-25
-63
-99
-126
-152
-167
-175
-169
-162
-170
-189
-214
-236
-249
-253
-252
-234
-212
-187
-170
-167
-149
-135
-119
-102
-81
-58
-43
-36
-65
-123
-186
-243
-270
-253
-188
-110
-50
-32
-29
-29
-33
-56
-84
-123
-148
-159
-153
-122
-87
-71
-70
-79
-74
-68
-66
-65
-63
-66
-63
-55
-42
-23
-3
14
28
32
14
-46
-106
-153
-160
-124
-58
11
61
72
63
42
17
-4
-26
-51
-84
-117
-149
-163
-153
-127
-88
-58
-43
-37
-31
-20
-15
-14
-13
-20
-46
-98
-138
-170
-169
-152
-113
-71
-24
3
4
2
-10
-15
-33
-42
-43
-28
-11
-1
8
13
24
33
41
39
30
17
8
8
25
42
63
80
96
101
96
84
68
63
60
67
77
90
101
107
110
112
106
96
87
74
69
61
59
53
52
57
74
85
92
101
106
104
99
92
82
74
71
65
60
52
41
30
20
19
18
13
1
-3
-8
-3
7
12
21
29
39
38
36
29
22
10
2
2
-8
-8
-11
-18
-25
-25
3
28
53
47
-7
-147
-271
-262
-120
106
198
164
88
31
1
-34
-76
-118
-154
-198
-238
-276
-319
-339
-349
-335
-322
-291
-271
-269
-267
-289
-315
-334
-329
-299
-277
-268
-254
-239
-202
-165
-146
-143
-159
-184
-234
-281
-313
-305
-260
-224
-206
-202
-189
-163
-133
-104
-79
-63
-54
-48
-44
-43
-46
-35
-30
-27
-29
-35
-29
-21
2
23
32
34
25
13
3
11
17
43
63
75
49
-29
-134
-218
-214
-100
87
221
265
228
165
122
86
46
-9
-45
-72
-81
-86
-99
-109
-136
-159
-187
-206
-218
-207
-182
-158
-146
-128
-119
-105
-92
-80
-72
-61
-52
-51
-52
-58
-59
-62
-54
-38
-12
6
12
41
41
53
56
50
54
57
50
38
30
34
33
43
46
48
46
46
60
81
98
107
100
87
70
60
44
35
32
30
34
48
68
80
81
56
-11
-148
-271
-249
-97
113
176
161
88
54
30
-14
-53
-80
-109
-142
-166
-183
-189
-193
-198
-209
-223
-238
-243
-246
-223
-191
-164
-158
-167
-206
-255
-282
-255
-185
-134
-104
-108
-102
-101
-101
-116
-121
-124
-121
-117
-108
-99
-91
-85
-74
-63
-49
-28
-9
13
31
41
45
45
45
45
45
47
48
45
35
31
32
36
44
44
41
40
42
51
56
59
64
61
64
69
75
72
67
61
56
51
44
34
25
11
-1
-18
-24
-25
-24
-27
-20
-16
-1
3
10
8
14
24
37
41
44
45
41
33
20
11
2
-10
-19
-27
-38
-44
-45
-46
-35
-28
-11
17
42
65
67
45
-24
-160
-231
-176
9
165
177
100
6
-39
-75
-115
-157
-188
-210
-227
-248
-268
-290
-314
-315
-308
-290
-280
-273
-271
-280
-291
-295
-299
-291
-274
-257
-245
-238
-224
-197
-176
-163
-161
-177
-209
-262
-306
-291
-196
-92
-30
-30
-61
-79
-85
-74
-65
-69
-78
-91
-100
-91
-85
-72
-69
-63
-45
-33
-14
-1
14
24
39
47
56
62
68
74
73
69
57
42
35
36
44
45
24
-35
-140
-217
-221
-120
42
203
258
242
168
119
82
44
-2
-51
-102
-150
-187
-223
-244
-250
-239
-222
-204
-195
-190
-175
-144
-107
-84
-74
-64
-61
-58
-55
-56
-56
-63
-69
-89
-99
-91
-68
-38
-11
8
11
18
23
37
46
54
58
63
68
75
85
91
98
89
76
57
43
35
31
39
36
20
11
10
21
37
53
56
62
68
67
72
65
74
64
55
41
22
15
4
1
-6
-13
-13
-7
8
21
26
18
11
6
11
11
9
11
2
-7
-12
-16
-13
-9
-10
-12
-32
-49
-65
-69
-64
-54
-45
-42
-42
-48
-51
-57
-50
-43
-26
9
40
59
56
27
-78
-210
-234
-119
80
175
136
42
-31
-50
-68
-98
-136
-175
-220
-262
-286
-296
-295
-281
-266
-264
-269
-283
-298
-297
-283
-248
-223
-213
-212
-211
-217
-213
-213
-231
-248
-272
-283
-269
-244
-207
-175
-147
-122
-108
-97
-89
-84
-85
-89
-93
-95
-102
-102
-106
-103
-87
-69
-53
-40
-38
-22
1
23
48
69
77
86
88
86
81
79
74
62
56
46
39
27
-16
-97
-167
-183
-101
57
213
287
274
206
152
113
72
31
-11
-52
-87
-119
-147
-178
-197
-197
-197
-189
-183
-175
-159
-139
-117
-104
-85
-64
-44
-28
-14
0
8
17
20
18
17
13
14
14
12
8
3
-5
-4
-1
7
15
23
23
22
25
31
51
69
85
97
91
88
77
66
49
41
25
20
19
18
14
10
18
23
30
28
14
7
4
13
27
39
49
54
55
49
47
34
32
25
16
5
3
1
3
7
14
24
26
30
24
12
3
-5
-9
-8
-2
6
0
1
-1
5
17
41
51
45
20
-32
-145
-235
-200
-50
144
193
138
49
-6
-35
-69
-100
-119
-128
-155
-189
-225
-261
-291
-306
-303
-297
-278
-259
-242
-233
-226
-226
-238
-262
-285
-285
-270
-240
-204
-170
-139
-123
-129
-153
-188
-232
-265
-264
-226
-184
-165
-161
-165
-150
-136
-118
-104
-91
-76
-65
-59
-49
-40
-23
-11
7
20
30
34
37
37
39
40
37
33
34
42
40
38
33
34
43
57
77
82
96
100
101
103
95
89
84
79
84
85
84
77
68
49
37
31
30
23
19
8
2
3
19
34
45
52
51
50
50
47
39
31
29
24
25
20
22
11
-1
-11
-17
-23
-25
-14
-8
3
8
16
21
28
34
28
26
22
12
3
-7
-16
-29
-40
-28
-3
9
19
11
-31
-129
-249
-254
-133
83
182
153
63
-10
-44
-88
-127
-157
-180
-197
-220
-239
-267
-296
-325
-346
-347
-326
-305
-296
-283
-273
-272
-273
-295
-303
-285
-247
-211
-186
-171
-153
-136
-132
-138
-155
-188
-227
-249
-244
-197
-154
-118
-113
-111
-116
-134
-116
-100
-61
-50
-46
-46
-42
-43
-44
-41
-35
-29
-28
-35
-35
-26
-15
-11
0
11
18
25
38
46
56
68
75
85
86
82
76
68
66
67
60
57
52
47
42
42
39
35
45
45
53
51
50
43
35
40
64
73
78
76
75
74
71
65
58
43
38
34
18
26
24
25
23
26
23
27
31
50
66
82
85
62
4
-98
-153
-113
30
182
226
183
95
13
-54
-117
-163
-194
-210
-210
-216
-220
-224
-226
-221
-227
-228
-240
-259
-271
-276
-269
-257
-235
-218
-201
-192
-185
-182
-180
-167
-156
-147
-149
-151
-149
-141
-118
-100
-74
-59
-46
-41
-33
-28
-25
-21
-21
-19
-18
-16
-11
-11
-11
-12
-10
-9
0
16
23
31
35
44
46
44
41
39
33
29
26
14
0
-7
-10
-5
-3
-5
-21
-39
-51
-55
-50
-34
-18
3
27
47
50
41
33
28
28
23
20
9
-4
-12
-24
-32
-39
-45
-46
-49
-45
-50
-56
-62
-64
-63
-54
-52
-42
-40
-35
-27
-36
-37
-49
-54
-62
-66
-60
-66
-68
-77
-76
-66
-49
-26
-19
-12
-34
-102
-191
-186
-72
117
216
204
128
55
7
-54
-118
-172
-203
-218
-232
-240
-264
-293
-313
-320
-309
-283
-239
-197
-170
-156
-157
-183
-224
-262
-276
-256
-230
-207
-32
