43
59
69
73
65
39
-1
-42
-73
-97
-104
-109
-103
-146
-333
-405
-475
-215
117
423
604
624
521
379
250
146
63
11
-16
-32
-43
-43
-44
-39
-32
-19
-27
-71
-102
-140
-119
-57
62
182
275
286
243
170
96
40
-10
-46
-66
-75
-86
-96
-108
-119
-116
-105
-89
-69
-37
7
78
89
-139
-287
-491
-397
-183
11
174
237
217
166
132
120
121
124
123
112
91
63
32
-2
-38
-67
-99
-131
-153
-178
-196
-205
-210
-279
-460
-494
-517
-287
-14
229
427
506
497
413
294
172
62
-21
-74
-104
-104
-120
-129
-131
-124
-120
-116
-119
-129
-149
-163
-167
-159
-140
-111
-70
-86
-263
-425
-495
-371
-63
178
319
332
246
133
41
-17
-55
-84
-96
-103
-97
-88
-74
-57
-32
-3
-9
-162
-276
-349
-247
-32
126
236
256
226
188
152
120
89
57
32
17
6
-6
-22
-37
-49
-63
-72
-78
-89
-96
-97
-104
-101
-91
-60
-39
-131
-231
-247
-107
169
373
487
485
411
317
233
172
118
70
37
19
16
21
40
51
49
43
42
42
48
63
94
132
-44
-248
-481
-461
-186
88
323
401
369
281
192
124
69
35
5
-12
-25
-37
-34
-29
-10
16
45
17
-151
-244
-287
-141
73
203
257
215
131
62
30
43
86
127
148
148
127
92
62
32
-6
-40
-103
-205
-335
-405
-335
-162
43
188
231
185
92
-17
-111
-164
-162
-111
-37
37
86
116
112
3
-150
-311
-301
-178
33
157
210
161
74
-16
-105
-166
-201
-204
-187
-153
-115
-74
-28
7
-71
-210
-340
-316
-165
58
179
234
178
105
44
14
3
-3
-9
-21
-21
-18
-5
1
6
9
22
9
-84
-187
-279
-218
-72
126
276
377
387
353
287
209
124
45
-16
-63
-90
-97
-94
-85
-71
-48
-21
18
59
91
103
105
119
138
163
170
90
-146
-288
-367
-171
93
293
383
354
265
158
56
-27
-78
-110
-129
-138
-142
-145
-136
-126
-116
-112
-110
-110
-96
-74
-39
-1
39
80
15
-154
-371
-438
-292
-37
224
355
367
297
204
116
45
-9
-52
-79
-93
-94
-89
-75
-58
-44
-32
-31
-39
-53
-127
-368
-488
-527
-271
66
288
399
376
306
233
166
108
52
23
0
-24
-55
-83
-85
-76
-63
-82
-187
-341
-360
-307
-80
127
263
348
341
315
262
200
143
83
32
-2
-17
-17
-8
-12
-21
-40
-81
-167
-250
-329
-321
-198
-13
177
303
323
278
203
127
64
20
-9
-30
-54
-72
-105
-168
-203
-216
-206
-150
-59
62
160
167
140
103
88
94
93
77
39
-37
-170
-291
-362
-376
-282
-174
-31
42
25
-40
-134
-220
-283
-303
-290
-256
-208
-165
-134
-115
-97
-82
-58
-32
-60
-143
-218
-222
-107
102
295
402
396
314
232
166
115
82
48
10
-25
-52
-59
-50
-24
-2
3
-8
-47
-142
-236
-276
-163
35
243
376
398
355
279
190
109
55
16
-10
-23
-26
-17
-4
20
42
70
92
71
-34
-174
-338
-372
-272
-61
160
283
276
221
151
90
42
30
35
57
77
78
59
36
14
-1
-15
-32
-62
-86
-106
-104
-91
-68
-55
-55
-91
-167
-314
-280
-176
127
347
450
436
352
246
142
32
-64
-148
-191
-201
-177
-131
-74
-28
14
57
85
88
80
-28
-268
-317
-306
-29
193
272
258
152
21
-86
-171
-223
-241
-233
-206
-145
-69
13
64
89
100
114
137
38
-232
-419
-485
-270
6
160
207
164
105
66
29
-17
-51
-47
-7
48
93
118
130
141
151
65
-190
-394
-486
-312
-56
124
171
142
56
-32
-103
-144
-158
-158
-148
-127
-109
-94
-65
-29
-3
-28
-207
-398
-351
-186
138
288
293
230
143
66
63
97
135
139
108
65
26
11
11
6
-10
-29
-57
-95
-139
-188
-235
-262
-283
-269
-281
-271
-218
-115
40
164
213
189
127
94
85
99
98
65
11
-43
-86
-111
-116
-105
-83
-63
-48
-51
-62
-69
-63
-43
-14
32
99
150
71
-124
-185
-145
133
346
439
425
332
219
104
7
-89
-170
-216
-226
-216
-197
-177
-160
-143
-116
-44
22
4
-74
-195
-181
-7
259
449
513
424
281
138
43
-18
-60
-99
-125
-137
-128
-94
-46
-7
28
51
67
75
80
86
92
99
103
99
93
104
97
-98
-443
-589
-517
-55
336
555
559
466
346
228
130
59
4
-35
-66
-88
-107
-121
-137
-162
-192
-211
-215
-214
-220
-271
-377
-345
-258
-11
203
297
324
256
167
87
22
-40
-88
-111
-124
-127
-128
-138
-159
-161
-148
-110
-55
6
-24
-127
-261
-244
-54
208
406
467
405
308
214
120
25
-51
-114
-149
-157
-140
-107
-56
-1
41
70
81
75
57
24
-2
-16
-9
10
-68
-342
-480
-491
-191
129
294
325
253
157
81
21
-27
-60
-72
-68
-48
-24
2
21
38
59
71
72
19
-222
-399
-425
-234
72
248
300
285
204
132
90
60
39
16
6
0
4
5
-3
-2
2
17
33
49
32
-161
-384
-453
-352
-50
172
265
287
240
173
109
56
16
-14
-42
-65
-90
-123
-155
-171
-170
-165
-160
-189
-282
-399
-483
-378
-143
168
359
419
382
320
249
184
123
76
31
-3
-37
-77
-120
-146
-153
-143
-109
-70
-33
-1
10
-71
-196
-302
-218
15
306
499
541
474
346
218
123
53
13
-11
-27
-32
-30
-28
-21
-20
-33
-52
-82
-112
-148
-172
-187
-197
-204
-186
-127
-34
-74
-262
-335
-284
48
350
496
505
425
315
206
113
46
-5
-33
-61
-92
-132
-170
-202
-227
-198
-159
-208
-159
-104
50
153
129
68
6
-39
-40
-30
-19
-25
-30
-38
-40
-34
-33
-47
-72
-103
-143
-212
-275
-245
-141
18
107
109
60
11
-36
-98
-169
-206
-226
-309
-416
-354
-163
172
353
378
324
248
166
90
35
-1
-18
-27
-36
-47
-56
-71
-82
-95
-90
-40
36
96
16
-194
-311
-221
75
359
502
517
459
362
254
161
94
44
24
14
23
40
62
81
94
107
13
-150
-287
-356
-179
-7
194
261
230
149
75
22
-12
-40
-74
-103
-126
-123
-82
-43
-55
-185
-314
-313
-81
152
280
217
92
-14
-88
-111
-109
-91
-91
-118
-149
-140
-132
-135
-72
25
157
214
195
157
124
99
76
61
39
12
-18
-46
-61
-61
-38
-51
-167
-250
-234
-35
246
417
467
425
347
253
171
110
56
9
-34
-63
-77
-75
-61
-39
-6
39
83
92
-34
-243
-402
-354
-102
173
341
380
357
304
225
151
82
14
-42
-95
-120
-114
-85
-46
-12
-68
-213
-308
-372
-206
-21
160
271
289
244
169
74
-8
-78
-120
-153
-156
-146
-102
-51
-55
-146
-274
-350
-322
-86
72
227
228
134
32
-23
-31
-21
-11
-25
-66
-128
-169
-209
-143
19
195
304
255
145
55
-3
-30
-44
-47
-57
-63
-76
-89
-92
-90
-76
-55
-25
1
-51
-203
-276
-219
32
295
424
420
345
244
141
71
44
36
31
17
-4
-40
-79
-109
-122
-63
27
-24
-136
-300
-251
-16
252
418
456
407
318
222
112
3
-91
-157
-200
-223
-231
-214
-163
-103
-63
-49
-45
-141
-337
-471
-471
-226
37
222
293
296
258
199
153
107
70
39
32
51
81
82
44
-5
-12
-68
-225
-357
-439
-243
-13
232
370
395
365
285
186
111
64
51
67
88
95
81
55
39
17
5
-9
-139
-308
-466
-479
-286
-99
100
224
255
257
232
196
167
116
44
-22
-61
-73
-80
-70
-43
-3
45
25
-113
-253
-388
-317
-142
57
213
295
287
228
131
46
-18
-65
-93
-90
-74
-45
-27
-23
-27
-45
-67
-97
-181
-289
-320
-275
-94
111
221
284
269
235
214
193
147
103
63
13
-28
-66
-95
-122
-146
-167
-179
-175
-149
-114
-90
-68
-38
-35
-147
-294
-361
-235
74
370
523
516
404
264
153
85
38
-21
-88
-155
-199
-211
-178
-114
-36
33
84
97
-35
-237
-345
-296
-57
149
251
240
203
143
94
57
22
-9
-40
-51
-51
-61
-73
-64
-69
-130
-303
-413
-364
-101
185
339
357
323
241
154
76
45
36
36
29
22
6
-26
-59
-80
-94
-149
-287
-403
-432
-257
-72
97
158
142
104
38
-13
-41
-16
25
51
64
71
73
67
49
51
26
-62
-159
-224
-256
-215
-148
-70
3
30
27
4
-34
-82
-128
-156
-155
-145
-111
-76
-60
-60
-71
-79
-89
-96
-107
-107
-107
-86
-52
-15
24
-32
-236
-427
-476
-265
75
340
466
446
370
293
233
179
123
68
23
0
-8
-2
2
-7
-20
-34
-26
-47
-159
-293
-321
-164
111
332
419
394
316
209
115
43
-2
-44
-69
-88
-102
-119
-145
-163
-150
-104
-45
5
35
23
-93
-273
-390
-348
-132
97
253
310
296
248
178
119
95
102
115
138
150
147
120
72
17
-29
-50
-48
-44
-103
-273
-408
-428
-223
33
224
304
293
262
205
144
95
59
29
-9
-53
-86
-79
-51
-11
21
45
63
16
-95
-208
-227
-96
92
224
272
248
212
167
133
114
78
31
-20
-68
-81
-81
-71
-72
-78
-72
-59
-34
-5
-2
-101
-214
-328
-299
-165
-30
89
138
140
139
125
105
77
37
-14
-58
-82
-66
-28
8
20
3
-20
-51
-69
-85
-77
-53
-4
15
-102
-347
-439
-374
-78
148
242
229
188
119
44
-11
-41
-55
-49
-34
-19
-6
-14
-44
-82
-119
-142
-122
-106
-164
-297
-373
-311
-87
106
206
230
212
189
144
89
60
39
32
18
7
-7
-19
-19
-13
-5
-5
-8
-18
-37
-53
-72
-67
-61
-53
-147
-384
-456
-401
-89
198
339
348
299
215
132
66
27
8
0
-12
-20
-19
-2
23
44
45
36
-12
-137
-298
-361
-240
8
207
264
235
180
130
91
68
59
54
45
26
15
23
36
34
18
-4
-17
-1
1
-102
-247
-262
-88
198
365
357
268
171
94
22
-36
-68
-82
-92
-95
-111
-134
-174
-226
-267
-274
-240
-192
-154
-148
-142
-104
36
201
351
415
376
308
198
77
-12
-50
-54
-72
-106
-156
-219
-253
-232
-166
-94
-47
-9
24
51
76
9
-78
-99
-45
66
99
62
-4
-65
-103
-110
-93
-38
-11
3
-17
-24
-23
-29
-30
-20
-7
-18
-78
-141
-129
-48
69
119
94
50
-5
-49
-72
-67
-44
-43
-60
-101
-147
-186
-166
-31
99
218
201
140
128
174
236
276
255
201
123
41
-31
-71
-74
-56
-41
-50
-77
-131
-209
-188
-77
32
86
93
131
201
242
223
183
137
84
32
-9
-29
-36
-21
-7
8
-1
-30
-77
-166
-299
-277
-122
190
441
513
462
350
238
161
95
37
1
-23
-39
-53
-68
-90
-124
-155
-175
-176
-163
-141
-141
-179
-293
-332
-211
41
339
467
412
288
168
84
54
56
64
68
55
29
-7
-56
-118
-178
-211
-211
-190
-178
-167
-157
-178
-235
-292
-281
-175
-5
154
241
254
208
132
57
-2
-30
-37
-35
-24
-26
-26
-32
-31
-17
4
11
-32
-106
-101
-7
84
120
79
32
12
-6
-50
-102
-143
-175
-184
-179
-182
-202
-245
-304
-307
-207
-45
110
193
188
162
117
44
-9
12
83
157
164
114
43
-20
-59
-80
-95
-96
-93
-89
-132
-208
-150
-62
107
162
90
41
35
88
142
134
107
73
39
13
-18
-44
-49
-31
-6
8
-3
-30
-52
-64
-86
-164
-226
-209
-61
135
276
311
237
128
27
-36
-70
-78
-87
-103
-91
-59
-8
22
24
16
0
-2
10
28
40
29
-8
-107
-326
-534
-512
-278
82
285
291
243
186
135
86
46
15
-9
-12
-5
13
31
36
21
-3
-45
-156
-347
-432
-350
-72
183
277
228
123
20
-62
-109
-113
-72
1
76
132
168
178
150
108
60
18
-53
-197
-337
-343
-181
81
248
270
202
123
60
16
-9
-8
27
81
114
132
133
129
122
89
24
-83
-218
-322
-287
-173
29
176
223
186
101
6
-61
-67
-29
28
58
76
70
59
13
-105
-202
-179
0
232
341
331
249
141
37
-52
-117
-139
-141
-141
-172
-217
-244
-261
-256
-224
-234
-319
-332
-245
16
281
455
489
437
344
242
150
77
17
-22
-60
-98
-142
-191
-238
-264
-261
-224
-141
-59
-47
-158
-288
-289
-96
174
377
409
314
189
93
49
30
20
-14
-35
-36
-33
-33
-52
-69
-73
-62
-40
-15
7
35
55
43
-30
-185
-372
-391
-240
57
267
331
281
217
160
89
32
-27
-55
-64
-57
-45
-45
-44
-56
-36
-13
-33
-138
-247
-250
-99
107
259
302
258
173
64
-53
-160
-242
-261
-188
-37
122
206
191
121
32
-52
-172
-288
-311
-215
13
190
293
295
234
155
82
28
-9
-36
-65
-102
-141
-150
-123
-76
-43
-27
-34
-40
-51
-88
-212
-275
-204
2
238
363
342
255
135
-7
-135
-231
-274
-250
-213
-164
-128
-94
-68
-39
9
53
92
109
102
61
-43
-251
-433
-449
-249
-10
126
118
39
-23
-55
-64
-67
-65
-44
5
51
93
107
89
55
9
-22
-30
-21
-20
-89
-198
-335
-373
-255
-38
173
267
253
190
118
55
13
13
44
94
125
127
92
52
24
13
29
50
72
67
34
-35
-122
-162
-183
-184
-136
-50
68
147
165
137
114
105
118
129
126
97
65
25
-16
-55
-105
-156
-183
-184
-156
-129
-102
-89
-70
-45
-5
36
77
108
125
124
112
114
117
76
-92
-303
-293
-175
96
239
291
285
257
209
160
107
56
35
31
32
17
-5
-31
-59
-82
-113
-167
-289
-446
-470
-328
-43
181
249
174
79
-10
-58
-45
-18
-2
-28
-65
-102
-131
-146
-149
-141
-130
-119
-117
-121
-115
-87
-39
16
55
15
-133
-333
-400
-264
-5
240
343
352
315
267
198
133
74
31
-6
-35
-59
-77
-67
-50
-34
-23
-13
15
42
74
98
108
91
50
15
-9
-63
-168
-325
-446
-328
-91
198
334
348
315
255
198
152
122
98
88
68
33
-2
-27
-46
-57
-58
-69
-123
-244
-423
-495
-402
-130
147
296
316
260
202
162
150
127
102
77
72
69
61
40
8
-14
-21
-29
-30
-36
-38
-53
-95
-138
-184
-217
-240
-241
-190
-83
29
96
68
-24
-88
-170
-120
-9
163
317
394
403
367
286
198
115
47
7
-33
-74
-101
-114
-117
-129
-162
-182
-161
-78
26
115
158
163
139
99
36
-133
-389
-551
-461
-220
56
189
264
316
330
299
232
143
59
-18
-85
-147
-191
-199
-172
-122
-69
-50
-29
-7
13
18
-43
-246
-437
-441
-200
162
385
441
382
286
197
119
57
-12
-85
-149
-198
-210
-185
-134
-74
-15
25
48
29
-61
-236
-369
-336
-123
128
248
221
105
0
-61
-83
-91
-81
-83
-98
-128
-149
-137
-108
-68
-56
-65
-80
-89
-102
-147
-202
-219
-205
-152
-104
-60
3
61
84
45
-35
-106
-131
-130
-160
-107
-93
-41
-30
-47
-45
-15
3
-13
-39
-56
-52
-50
-68
-95
-113
-104
-62
-25
-2
11
27
61
95
114
115
117
129
125
11
-252
-533
-570
-323
72
341
411
370
329
285
277
268
242
186
122
85
58
47
36
13
-17
-30
-37
-39
-34
-23
8
39
63
83
95
107
113
115
108
110
121
121
40
-213
-215
-166
163
362
377
311
237
171
112
81
65
61
63
83
112
138
164
159
132
87
41
-1
-47
-161
-357
-517
-455
-262
-22
74
88
93
91
61
31
-12
-43
-74
-105
-124
-120
-90
-58
-31
-28
-39
-56
-50
-20
19
57
81
91
98
106
116
117
84
-25
-241
-388
-386
-194
29
169
186
149
75
14
-28
-43
-15
23
79
133
192
216
195
134
68
6
-34
-55
-72
-106
-170
-265
-403
-486
-483
-385
-239
-100
-3
39
39
23
-11
-71
-147
-198
-200
-150
-110
-88
-97
-109
-120
-124
-96
-55
0
28
39
41
36
35
20
-12
-52
-98
-132
-156
-143
-96
-94
-197
-315
-234
-24
279
494
581
593
544
426
275
132
16
-70
-116
-128
-121
-112
-117
-128
-132
-119
-78
-27
17
60
101
133
149
135
81
20
-5
55
83
20
-6
-44
30
75
83
46
-2
-63
-116
-153
-153
-121
-86
-63
-55
-41
-19
2
13
17
32
64
111
163
214
248
218
102
-105
-258
-235
-75
88
129
89
57
53
64
95
117
126
94
59
24
17
28
51
78
95
102
90
71
52
31
15
5
16
37
57
73
73
65
54
48
37
18
-8
-47
-78
-77
-39
35
138
220
256
147
-152
-428
-435
-180
217
423
434
376
295
217
139
57
-34
-120
-199
-257
-293
-277
-199
-96
-21
14
17
19
40
68
52
-106
-319
-460
-353
-84
151
238
222
179
102
-6
-121
-204
-236
-200
-134
-59
-13
20
37
27
13
-9
-24
-20
4
47
88
111
110
84
42
-6
-104
-257
-399
-382
-218
-26
150
213
215
165
80
20
-12
-26
-44
-58
-68
-74
-69
-55
-32
-3
22
42
58
77
100
125
134
132
98
59
3
-47
-71
-62
-38
-55
-149
-360
-379
-236
67
307
364
316
260
216
177
125
55
-34
-107
-154
-174
-175
-175
-184
-195
-187
-158
-93
-1
63
95
83
49
15
1
45
130
200
155
-70
-339
-420
-241
53
286
322
276
195
78
-23
-106
-147
-169
-202
-235
-268
-258
-217
-141
-59
2
39
61
92
131
172
201
153
4
-181
-258
-178
-32
41
-5
-91
-128
-124
-69
-15
39
71
92
97
83
55
37
46
78
106
109
66
-25
-124
-239
-311
-343
-319
-252
-198
-141
-102
-86
-80
-49
12
68
100
94
61
17
-20
-28
-22
-58
-176
-312
-374
-272
-143
-10
55
81
110
130
166
195
197
173
133
88
39
-10
-69
-114
-140
-134
-120
-90
-56
-42
-73
-190
-295
-321
-197
-36
96
158
159
151
117
95
68
48
8
-40
-108
-173
-185
-119
-6
90
140
159
170
188
205
221
229
235
231
208
171
127
66
-13
-81
-101
-76
-64
-106
-153
-113
-16
124
222
265
270
214
144
90
55
39
26
4
-31
-62
-75
-69
-66
-63
-65
-64
-49
5
101
190
242
224
164
111
73
54
50
71
111
147
168
186
211
241
276
213
-13
-322
-507
-438
-203
13
122
182
207
201
156
90
51
1
-49
-101
-121
-109
-74
-39
-19
-3
9
31
58
79
84
65
5
-94
-229
-385
-454
-468
-365
-220
-64
81
169
194
185
119
12
-81
-121
-122
-122
-140
-164
-174
-156
-130
-111
-95
-75
-51
-34
-27
-35
-62
-87
-83
-49
9
87
158
196
183
120
52
2
5
31
68
121
177
238
283
260
115
-167
-397
-434
-313
-114
15
74
120
175
228
240
236
188
128
34
-60
-145
-203
-222
-210
-178
-138
-85
-29
25
80
123
139
100
3
-156
-307
-365
-337
-262
-201
-146
-61
35
99
123
92
52
12
-10
-40
-55
-81
-96
-115
-98
-54
-10
7
7
-13
-17
-11
-13
-26
-56
-72
-71
-44
0
55
102
149
192
213
224
242
275
293
238
71
-207
-377
-403
-229
-29
93
143
131
99
75
71
94
117
135
114
69
8
-51
-77
-80
-49
-2
72
130
144
94
9
-68
-84
-43
33
54
-17
-199
-342
-388
-304
-153
-7
106
167
178
150
137
136
122
71
-6
-92
-159
-184
-167
-117
-63
-36
-58
-112
-192
-215
-203
-148
-96
-59
-35
-12
9
34
68
81
45
-38
-124
-181
-224
-261
-297
-285
-225
-116
-6
64
26
-118
-304
-389
-240
16
302
455
480
428
318
193
82
-8
-72
-105
-123
-130
-128
-125
-101
-54
27
120
184
212
185
126
66
41
54
93
149
208
263
308
307
202
-41
-273
-336
-196
65
248
294
280
265
255
261
264
264
223
174
94
-9
-121
-215
-243
-213
-160
-92
-15
64
145
184
128
-13
-238
-381
-404
-260
-82
55
133
160
155
114
75
28
-16
-73
-130
-199
-275
-325
-325
-274
-189
-111
-67
-34
-1
32
56
68
77
94
120
143
150
120
51
-64
-233
-361
-407
-371
-299
-234
-164
-58
62
158
202
173
123
75
22
-14
-53
-73
-91
-98
-125
-147
-140
-105
-58
-16
16
27
11
-12
-38
-25
25
87
110
80
42
12
0
-46
-100
-174
-218
-239
-238
-235
-218
-160
-82
-28
-33
-88
-147
-168
-38
123
311
383
366
305
233
172
124
73
11
-56
-111
-133
-129
-105
-88
-63
-34
7
52
91
109
100
66
10
-74
-172
-221
-203
-130
-68
-17
19
86
137
116
90
60
60
65
69
78
74
64
42
22
-2
-45
-93
-127
-122
-70
-7
37
64
92
123
158
190
205
207
196
165
90
-46
-194
-308
-356
-289
-177
-83
-17
-30
-33
-19
50
102
136
128
104
76
45
24
9
0
-8
-19
-25
-27
-26
-9
-12
-9
-1
22
63
117
169
207
237
260
283
302
307
294
261
214
160
65
-85
-324
-536
-545
-327
1
257
355
365
336
263
193
116
47
-4
-38
-63
-74
-62
-46
-42
-33
-18
-5
-29
-95
-170
-191
-160
-76
13
82
132
158
151
129
107
92
89
100
123
151
160
107
-72
-268
-368
-328
-177
-79
-17
14
39
60
60
49
28
6
-24
-49
-72
-83
-86
-71
-55
-38
-27
-1
31
65
86
96
71
22
-38
-112
-155
-156
-108
-39
3
18
12
9
46
119
209
278
317
315
294
199
-18
-232
-217
-64
152
247
210
155
95
25
-47
-81
-74
-38
-25
-53
-105
-155
-181
-165
-126
-86
-56
-38
-18
4
24
36
19
-53
-174
-322
-431
-420
-336
-209
-127
-36
61
132
182
146
85
8
-62
-91
-126
-162
-192
-202
-180
-138
-85
-47
-16
-12
-19
-39
-60
-64
-45
4
55
88
90
84
68
31
-22
-64
-66
-31
27
69
105
