134
390
446
329
49
-123
-167
-141
-73
46
131
129
90
62
55
42
13
-6
8
41
40
97
47
63
35
-76
-246
-333
-278
-102
-221
-61
-4
66
80
41
65
243
309
279
147
17
-126
-146
-92
-27
33
15
-14
-39
-6
-105
127
84
137
-49
-115
-194
-94
-92
-68
-48
41
53
98
30
-19
-7
-21
27
51
53
-72
59
33
33
139
-25
-24
-47
8
46
68
141
191
192
107
18
-320
-429
-572
-455
-319
-34
71
199
-1
-69
-303
-369
-294
-96
118
172
134
81
16
-37
-75
-59
-54
-182
-314
-358
-337
-188
-196
26
-81
-198
-246
-279
-194
-87
-127
-182
-282
-373
-263
-239
127
305
487
434
221
46
-83
-21
58
90
229
152
188
99
-35
-182
-211
-134
24
179
262
86
109
-217
-468
-689
-674
-383
48
428
662
566
362
40
-42
-215
-20
178
280
308
296
319
348
220
347
283
318
51
-216
-258
-218
31
145
105
186
82
15
-18
56
74
53
-45
-115
-164
-216
-303
-243
-285
-296
-296
-277
-212
-172
-91
-71
78
73
209
139
121
54
40
19
-49
-88
-58
-157
-89
-232
-292
-308
-263
-126
-129
-10
163
273
301
145
64
-121
-174
-154
-99
8
80
134
178
217
250
259
252
248
240
210
155
71
5
-42
-229
-324
-454
-375
-255
-147
-102
-122
-150
-243
-194
16
254
394
272
29
-150
-269
-343
-369
-275
-286
-151
-124
-82
-300
-597
-681
-530
-281
-119
266
303
299
85
8
-81
-76
-13
177
348
458
304
78
-164
-215
-463
-397
-454
-339
-225
-199
-174
-287
-139
-195
-155
-424
-493
-525
-350
-154
-41
-12
-27
-14
41
181
300
304
186
58
36
40
56
21
117
80
124
-140
-256
-372
-308
-219
-125
-53
7
-28
-56
-150
-268
-352
-277
-30
332
625
713
797
673
384
67
-189
-252
-78
194
362
434
257
217
145
54
-35
-173
-316
-493
-494
-514
-459
-568
-586
-740
-594
-599
-437
-288
43
381
599
630
508
343
188
54
-45
-86
-101
-86
-120
-124
-227
-408
-618
-858
-830
-556
-272
-58
2
127
48
-186
-387
-508
-390
-238
-67
-83
-16
-88
-149
-283
-286
-300
-226
-137
-53
-59
126
58
116
-143
-279
-422
-445
-392
-411
-441
-312
-203
-192
-226
-191
-142
-48
36
111
156
94
17
8
91
152
110
74
33
30
-10
-64
-80
-27
33
26
28
-20
-13
-6
-262
-330
-390
-256
-180
-228
-228
-239
-97
119
217
275
268
284
278
284
287
284
292
308
313
317
197
199
61
72
-107
-241
-296
-190
5
169
240
330
434
395
162
29
-117
-116
-95
70
211
332
308
208
151
63
-1
-28
-4
42
81
95
85
56
19
-8
-20
-20
-5
21
48
75
72
25
-43
-120
-174
-209
-229
-252
-278
-298
-310
-315
-313
-312
-299
-297
-304
-322
-330
-313
-277
-250
-251
-295
-350
-391
-405
-390
-353
-302
-261
-246
-250
-269
-293
-326
-364
-392
-412
-418
-408
-373
-334
-304
-288
-279
-264
-230
-187
-115
152
449
880
1033
932
723
267
-40
-434
-692
-678
-472
-360
-337
-307
-390
-316
-384
-209
-127
46
101
99
91
103
109
114
132
133
64
170
88
199
-6
-174
-158
-43
121
162
210
282
295
189
196
138
179
125
68
91
-3
74
83
-97
-217
-226
-99
-2
46
259
393
427
331
248
254
322
343
399
226
415
369
224
182
-38
-117
-194
9
169
315
235
258
137
214
-74
-81
-19
208
265
225
100
46
2
-50
-301
-269
-135
110
198
337
500
510
627
515
257
174
-90
-177
-254
-203
-236
-70
-32
137
264
103
-45
-172
-95
23
99
101
211
284
300
-77
-257
-403
-324
-189
-141
3
130
191
95
-60
-57
23
142
147
247
221
240
79
-14
-107
-234
-277
-196
-55
142
222
158
212
145
72
-14
-377
-459
-524
-393
-316
-229
37
376
505
585
239
-26
-164
-138
-29
-34
-29
-220
-157
-285
-400
-395
-705
-710
-805
-627
-363
-101
36
185
83
127
-151
-480
-650
-511
-103
312
519
572
620
451
118
-146
-531
-627
-660
-538
-450
-229
-277
-45
-153
-85
-347
-516
-520
-340
-58
119
209
194
238
236
6
-136
-432
-391
-226
153
615
865
859
677
551
453
289
317
132
23
-82
-112
1
-36
254
94
317
216
15
-59
-86
59
156
220
227
268
244
239
165
-87
-291
-479
-400
-277
-150
-138
-227
-54
-22
120
-126
-251
-336
-351
-298
-234
-231
-378
-165
14
356
544
646
577
396
145
-77
-182
-168
-118
-50
-50
-55
-90
-185
-251
-587
-621
-465
38
435
689
479
554
480
537
191
-94
-359
-240
45
372
509
491
231
111
-242
-564
-700
-707
-486
-286
-113
-69
190
339
505
482
287
70
-55
-84
-35
-9
-3
-38
-91
-156
-222
-266
-281
-259
-216
-173
-150
-149
-164
-180
-193
-198
-213
-230
-248
-259
-272
-309
-422
-271
-79
157
285
173
76
-150
-274
-442
-515
-548
-502
-436
-357
-254
-151
-56
29
103
157
157
110
27
-63
-120
-149
-154
-147
-139
-119
-100
-100
-99
-107
-121
-140
-177
-217
-254
-272
-257
-182
-40
193
391
554
500
256
-73
-248
-285
-189
-207
-292
-342
-440
-467
-512
-511
-465
-428
-369
-378
-204
-188
-81
-293
-305
-282
-147
-50
-38
-35
25
120
190
137
109
32
132
162
158
20
13
-43
-119
73
-132
-138
-329
-474
-457
-266
-2
157
109
370
458
416
340
39
-211
-332
-257
-4
253
759
760
858
343
-8
-318
-361
-281
-179
-79
38
29
58
-172
-389
-539
-563
-479
-302
-159
-202
-188
-305
-277
-484
-479
-420
-268
20
30
-33
64
113
260
222
313
288
345
243
154
-85
22
68
245
275
319
337
249
138
14
-29
-71
-16
-67
81
-144
-156
-257
-299
-238
-251
-294
-24
-72
-121
-96
-374
-424
-421
-198
-22
98
63
102
100
202
-38
-164
-258
-180
-102
-26
24
29
-73
-72
-110
-83
-260
-387
-405
-315
-192
-113
-43
36
56
67
101
-8
10
27
131
273
397
370
468
254
194
-40
-201
-412
-403
-358
-305
-233
-178
-176
-99
-35
55
10
-25
-19
22
74
87
100
117
-78
28
-157
-26
-368
-408
-395
-113
247
352
788
652
536
211
-47
-191
-307
-344
-364
-281
-240
-25
104
375
458
333
220
101
144
134
173
248
281
271
214
233
-4
-76
-168
-143
-112
-79
-276
-72
-150
-159
-333
-493
-595
-527
-333
-108
151
405
594
578
516
58
-203
-378
-358
-252
-135
-66
-24
-2
45
74
93
81
73
79
86
94
116
149
145
80
-9
-95
-138
-155
-154
-146
-131
-104
-72
-43
-39
-67
-70
-1
187
470
672
823
671
326
-46
-274
-245
-239
-271
-343
-387
-412
-360
-383
-359
-351
-323
-269
-222
-183
-151
-125
-86
-42
-10
3
-3
-18
-38
-66
-91
-113
-115
-98
-90
-102
-136
-182
-225
-252
-255
-230
-198
-169
-34
252
559
836
768
506
115
-147
-275
-331
-373
-467
-379
-200
29
193
199
130
38
-37
-69
-47
-183
-28
-18
-311
-414
-549
-500
-180
70
206
356
426
295
183
-42
-64
-33
129
253
329
312
146
272
82
97
-212
-288
-327
-199
-102
-34
-53
0
57
-45
-314
-414
-505
-424
-259
57
345
614
618
602
142
-124
-356
-370
-348
-241
-251
-35
165
343
426
324
124
-21
-54
-25
13
6
72
-67
2
-209
-227
-420
-401
-350
-159
-121
34
-19
-162
-133
-397
-593
-726
-578
-291
44
314
420
440
507
425
243
124
56
119
163
149
161
83
125
26
195
-29
-25
-37
61
143
114
35
66
-48
-88
-117
-396
-345
-439
-309
-253
-141
-209
99
34
383
176
213
141
254
335
311
230
127
130
122
193
211
143
88
127
242
343
407
434
431
195
232
-2
7
-322
-439
-463
-342
-147
18
235
109
310
109
-95
-206
-188
-124
-132
-183
-179
-273
-151
-126
-175
-178
-306
-312
-263
-132
-36
-6
-157
-3
-47
-7
-159
-277
-310
-275
-206
-217
-226
-389
-326
-393
-320
-594
-599
-754
-569
-372
-58
226
416
469
436
228
4
-126
-124
-12
46
52
36
77
10
327
266
461
274
103
-70
-172
-154
-100
-23
-11
59
-28
8
-270
-526
-696
-711
-490
-178
156
222
275
23
36
-147
-98
-176
-172
-226
-211
-182
-147
-89
-27
17
22
10
-8
-45
-33
-74
-83
-132
-171
-234
-355
-536
-676
-648
-544
-438
-351
-338
-368
-140
110
277
141
-93
-208
-219
-175
-12
16
127
100
13
-86
-111
-170
-368
-601
-466
-230
123
464
530
684
571
486
209
48
-44
31
197
296
305
204
124
73
63
-92
-171
-487
-700
-872
-895
-789
-687
-467
-315
-192
-213
-149
-291
-35
-115
-19
-78
-59
40
259
435
520
372
427
251
130
23
-25
0
86
184
234
273
202
345
258
359
186
24
-226
-353
-473
-485
-453
-403
-351
-182
-339
-71
-341
-223
-525
-695
-825
-577
-207
122
241
397
311
195
156
39
-12
-37
17
67
117
136
163
209
60
208
-14
131
-241
-307
-350
-191
74
275
461
607
639
547
364
-9
-267
-316
-245
-115
-71
-93
-37
-55
-58
63
-23
-86
-159
-151
-88
-53
-19
44
126
130
169
131
137
78
-61
-133
-134
-78
-34
-2
-155
76
-53
-19
-361
-526
-657
-476
-197
42
118
421
182
101
-246
-347
-340
-241
-136
-12
143
268
226
323
213
250
6
-144
-232
-133
25
104
163
23
200
-87
-6
-261
-484
-578
-603
-456
-194
125
391
430
346
48
-131
-335
-405
-476
-427
-288
-154
-58
50
49
124
355
386
205
60
2
88
147
119
84
-66
-28
-102
-125
-291
-453
-480
-398
-238
-145
-118
-90
-210
-159
-325
-177
-433
-394
-431
-245
-75
33
25
308
194
329
214
114
119
79
68
-9
-30
33
96
159
167
326
204
171
70
-23
-1
89
257
390
503
465
153
167
-114
-427
-452
-450
-205
-51
40
96
-22
-2
-22
-89
-210
-497
-481
-472
-356
-385
-441
-423
-304
-179
-88
-73
18
-32
-84
-158
-520
-629
-633
-369
-46
81
48
278
349
459
237
79
-103
21
157
260
223
191
134
67
50
-79
6
-53
-63
-46
-20
13
46
104
169
91
116
-45
-141
-297
-508
-541
-476
-314
-72
207
532
648
822
600
400
-144
-367
-459
-353
-280
-256
-181
-155
-83
21
105
384
281
295
151
26
-95
-151
-127
-122
-129
-27
-91
-105
-187
-193
-387
-440
-440
-264
7
169
230
399
403
235
-109
-252
-325
-212
-78
-6
80
159
112
55
14
59
192
158
261
315
271
202
33
-22
-6
56
-241
-84
-387
-610
-949
-1069
-846
-336
245
547
578
279
268
82
125
17
-18
-6
57
144
204
217
198
162
-48
-6
-99
-94
-207
-352
-373
-307
-197
-168
-145
-314
-53
-139
-129
-271
-407
-394
-271
67
319
531
410
326
77
-59
-244
-316
-387
-269
-111
18
107
167
224
143
280
270
359
278
109
28
32
120
122
72
57
-128
51
-112
85
-133
-297
-330
-300
-84
35
156
316
177
214
-30
-224
-330
-275
-143
-44
36
75
114
175
66
-41
-178
-258
-326
-400
-301
-130
165
370
492
430
405
245
68
-243
-388
-421
-235
7
103
178
197
172
249
197
293
256
142
10
-34
-92
-112
-148
-88
-135
19
-32
12
-37
-104
-179
-305
-573
-881
-881
-681
-128
147
338
277
136
-21
-38
-4
35
66
98
145
187
209
198
121
-3
-166
-330
-383
-259
-230
-312
-353
-274
85
463
541
784
677
373
57
-229
-384
-397
-316
-247
-177
-115
25
94
150
145
113
114
128
150
165
175
165
138
83
26
-14
-33
-37
-30
-34
-44
-71
-115
-159
-202
-244
-296
-338
-363
-372
-379
-384
-397
-408
-423
-439
-441
-387
-195
149
625
983
1033
777
355
47
-280
-540
-665
-756
-552
-402
-244
-202
-133
-127
-161
-264
-326
-517
-211
-227
94
63
72
126
156
157
154
58
148
132
154
-40
-150
-149
31
79
204
158
91
-101
-75
-433
-258
-423
-437
-413
-287
-151
-32
73
216
294
381
342
289
212
100
2
-67
-96
-90
-81
-79
-84
-92
-101
-115
-131
-144
-152
-147
-134
-115
-92
-73
-58
-47
-49
-55
-75
-88
-115
-147
-176
-187
-159
-71
136
393
714
921
774
270
-158
-535
-578
-576
-539
-331
-157
-126
-211
-284
-269
-201
-77
4
-57
206
77
193
97
-103
-47
108
318
369
495
247
194
-60
-145
-127
-146
-97
-148
-120
-78
59
139
147
135
-258
-341
-395
-229
-112
-47
-7
-75
14
37
73
-55
-201
-299
-329
-345
-379
-379
-335
-489
-275
-366
-138
-299
-318
-273
-124
77
212
188
432
310
250
26
38
61
217
282
212
146
114
109
29
-43
53
137
142
262
199
164
51
-103
-165
-146
-62
-121
-21
-235
73
-74
-186
-377
-379
-138
201
466
460
489
198
51
-456
-496
-509
-266
-92
-47
-18
-153
-12
-79
-50
-81
-196
-77
3
41
4
-79
-114
-137
-242
-66
-63
-54
-212
-482
-488
-432
-302
-151
22
22
265
109
338
261
331
304
252
249
262
280
272
249
161
31
-73
-272
-476
-199
-293
-336
-318
-108
270
482
473
394
5
0
-232
-349
-442
-440
-354
-243
-127
-52
-24
72
9
-46
-238
-342
-297
-159
-57
-17
-22
-28
-38
-158
-113
-136
-114
-270
-343
-341
-286
-212
-139
-11
137
125
377
200
-50
-203
-152
98
350
461
469
326
-43
-154
-381
-338
-409
-229
-154
-116
-87
-79
6
14
65
84
182
204
92
80
137
229
245
169
97
49
21
5
-95
-114
-178
-197
-347
-404
-382
-136
106
279
310
380
461
68
-272
-391
-422
-277
-189
-150
-53
-23
-303
-47
-142
-120
-144
-98
20
141
170
229
106
308
253
293
228
149
121
126
185
180
117
112
-8
131
4
67
-48
-68
115
300
460
241
-136
-267
-338
-253
-177
-176
-67
-86
-77
-169
-175
-88
-17
90
83
140
62
-4
-180
-290
-281
-200
-125
-115
-87
-259
-51
-267
-99
-420
-503
-547
-359
-36
183
212
453
275
3
-227
-243
-177
-73
-69
-152
-160
-112
-167
-96
-159
49
-66
-58
-127
-72
31
113
172
246
194
376
193
242
-42
-251
-279
-83
281
522
583
557
414
337
129
-81
-89
-262
-197
-140
-72
-40
-51
-56
-55
-58
-104
-233
-292
-330
-383
-548
-631
-598
-448
-288
-162
21
323
436
436
51
-219
-359
-239
-86
-15
-47
-140
-453
-354
-337
-388
-353
-457
-384
-267
-138
-55
-15
81
69
83
49
-115
-281
-416
-381
-219
-19
126
260
424
378
376
278
48
-117
-182
-122
78
238
319
308
233
100
-43
37
-5
-164
-235
-317
-255
-204
-174
-91
-5
42
80
122
78
49
26
29
72
75
51
27
16
14
18
13
23
74
220
361
375
260
-22
-278
-401
-379
-454
-401
-409
-202
-48
168
155
265
265
307
149
-135
-452
-610
-547
-403
-105
-81
127
83
3
-206
-361
-318
-117
123
251
330
206
247
81
-33
-224
-402
-473
-337
-52
204
327
313
8
43
-19
-16
-11
-28
-10
134
189
204
145
52
292
222
343
194
-5
-135
-219
-150
-51
-4
45
109
142
186
106
173
140
196
258
248
372
292
56
-195
-462
-529
-548
-494
-388
-255
-111
3
72
93
76
95
118
77
35
-61
-98
-97
-154
-128
-84
-40
-74
-158
-343
-408
-524
-715
-967
-971
-770
-243
164
372
358
156
-64
-110
-66
0
1
-46
-68
-48
-4
44
80
68
-37
-164
-239
-269
-146
-211
-352
-471
-363
-52
269
421
482
238
135
-110
-328
-351
-339
-157
8
148
237
121
168
156
167
-25
-259
-389
-347
-262
-253
-255
-222
-156
-236
-93
-133
-169
-136
-322
-356
-378
-352
-281
-151
-97
377
547
570
322
10
-210
-140
68
220
250
220
-41
12
-162
46
-99
22
22
102
98
18
-16
-111
196
247
354
219
5
-270
-328
-215
39
264
403
445
240
212
-201
-266
-583
-602
-524
-389
-183
-65
80
273
365
378
499
276
1
-207
-308
-202
-103
-19
30
-17
-168
-139
-213
-29
-116
-173
-152
-117
-10
20
0
32
41
107
111
116
82
28
-19
-56
-82
-99
-108
-114
-107
-113
-130
-182
-254
-328
-346
-289
-182
-93
-67
-92
-132
-169
-193
-162
-206
-204
-261
-465
-659
-663
-533
-165
142
312
210
-33
-265
-336
-213
-101
-54
-115
-142
-65
46
139
180
122
101
-67
18
-41
136
304
349
430
398
294
78
-60
97
191
365
288
23
-154
-226
-130
-3
106
131
175
132
57
19
-170
-218
-288
-190
-167
-196
-288
-166
47
58
84
-82
-142
-187
-93
-69
-57
20
138
252
201
141
57
37
64
84
84
88
68
43
53
87
182
224
178
-174
-407
-532
-645
-613
-675
-583
-366
-170
-7
95
74
45
-13
-49
-149
-245
-373
-392
-332
-310
-132
-42
125
-4
-122
-385
-594
-846
-912
-633
-165
421
796
688
580
140
-163
-199
-120
84
195
232
241
267
308
350
286
277
243
139
67
-17
134
336
473
489
333
121
-112
-172
-116
-41
47
113
109
76
44
5
-21
-74
-143
-195
-251
-289
-348
-321
-328
-136
-42
-34
-187
-332
-479
-673
-827
-1056
-984
-797
-382
49
225
232
-3
-176
-219
-170
-119
-77
17
168
151
316
140
300
167
202
202
205
249
325
440
462
600
383
561
557
519
352
98
-111
-210
-116
-115
-53
-263
-168
-251
-215
-127
-7
104
91
-53
-229
-371
-430
-442
-344
-343
-55
-67
-1
-113
-231
-267
-366
-434
-692
-754
-718
-496
-217
177
409
333
161
-11
-53
-28
37
86
157
227
278
288
287
286
237
128
-18
-114
-25
134
283
123
-68
-149
-45
100
154
85
167
44
173
-27
-156
-356
-434
-394
-325
-263
-292
-309
-219
-172
-251
-476
-644
-629
-538
-493
-433
-364
-246
-225
-35
-45
19
-43
-138
-260
-234
-145
79
260
359
332
186
-25
-202
-235
-163
-63
93
164
190
174
103
105
153
112
289
298
489
355
184
-2
-63
59
182
273
251
205
178
244
154
-53
-134
-107
51
180
240
314
357
332
172
130
98
85
-55
-129
-128
-48
10
27
31
26
-12
-55
-307
-264
-323
-276
-354
-449
-461
-367
-241
-117
102
313
333
513
305
-106
-337
-446
-323
-155
-119
23
55
61
164
137
-103
-236
-376
-316
-215
-113
66
47
359
468
473
398
95
-94
-66
164
361
365
339
72
-121
-55
-171
-343
-448
-420
-296
-119
-68
-52
-20
3
-9
-47
-42
-26
-74
-87
-138
-183
-213
-264
-272
-250
-212
-167
-120
56
183
299
181
1
-306
-646
-1023
-1102
-820
-386
144
523
557
235
-106
-186
-199
3
42
118
149
142
138
151
179
164
238
237
266
197
174
205
276
334
413
522
574
586
350
308
-130
-293
-426
-407
-275
-205
-157
-162
-141
-174
-122
-131
-96
-71
-31
-6
-12
-50
-92
-103
-97
-132
-157
-175
-41
32
-25
-100
-280
-377
-517
-569
-667
-489
-478
-266
-382
-174
25
-31
-112
-181
-84
35
144
185
343
399
498
561
436
348
187
109
47
-38
-63
-132
15
121
177
5
-173
-253
-114
43
59
48
-18
-286
-132
-259
-314
-369
-352
-296
-249
-232
-185
-59
-11
152
136
129
-30
-285
-453
-513
-448
-337
-226
-123
-53
59
-58
122
-64
23
-295
-340
-275
60
484
609
672
489
302
203
25
-13
-100
-108
-120
-91
-49
3
54
139
295
443
609
685
659
513
381
251
219
175
55
-74
-205
-369
-373
-345
-344
-565
-747
-708
-393
-14
209
458
218
17
-263
-636
-873
-854
-651
-484
-244
-107
45
145
63
2
-163
-179
-76
43
145
177
187
224
261
298
204
163
86
59
8
-95
-147
-103
-23
56
101
141
178
210
54
120
37
-65
-90
-110
-42
43
45
50
-6
178
79
-108
-228
-340
-360
-279
-232
-207
-160
-62
-158
73
-74
49
-6
-84
-70
20
154
199
174
207
154
255
-93
-14
-203
-440
-590
-591
-327
28
301
395
149
121
-153
-191
-200
-311
-350
-333
-272
-269
-290
-264
-176
-151
-103
32
14
72
50
-80
-176
-174
-70
76
162
386
302
198
205
109
-30
-26
9
114
189
174
164
218
119
262
153
257
201
19
-92
-114
-50
-12
-33
-36
2
42
-5
56
13
68
-22
-188
-339
-384
-352
-301
-267
-213
-113
-178
-25
-34
-101
-265
-395
-375
-179
31
85
100
-44
-299
-264
-237
-100
-26
-48
-77
-62
-19
54
62
106
88
114
149
219
202
77
10
74
233
382
417
414
403
191
285
167
100
-29
-140
-130
-107
-84
-83
-91
-33
-165
32
43
-59
-49
-74
-101
-68
-104
-242
-284
-294
-85
-77
58
-26
-91
-182
-210
-211
-187
-171
-135
26
109
500
481
445
284
-10
-139
-178
-55
73
132
149
146
148
-17
38
-147
-176
-328
-492
-540
-493
-384
-311
-283
-210
-331
-80
-64
-195
-331
-554
-665
-642
-421
-239
-36
-92
87
-23
-17
-57
-184
-131
-30
146
161
72
-22
-84
-5
236
471
463
338
61
-2
22
111
140
88
75
85
122
169
-181
-208
-355
-462
-520
-631
-492
-69
374
591
495
116
126
-82
-37
-39
-106
-118
-75
35
49
23
15
36
75
105
97
37
-17
-34
33
141
195
92
-198
-409
-684
-712
-680
-594
-333
-20
214
167
25
-17
96
121
11
-144
-300
-375
-364
-253
-127
65
184
232
250
264
175
90
62
37
39
22
144
353
558
623
551
264
-58
-385
-423
-433
-457
-607
-737
-702
-434
-110
138
310
388
229
279
134
-198
-453
-567
-510
-382
-269
-304
-117
-49
31
40
115
188
281
283
233
200
182
171
129
110
107
135
173
196
206
202
178
137
90
56
40
61
88
65
-136
-309
-436
-445
-649
-764
-792
-606
-380
-191
-200
-18
14
-7
-156
-348
-524
-530
-505
-341
-187
-25
-30
38
43
89
-104
-189
-153
-62
72
