-26
1
29
41
33
2
-31
-60
-81
-99
-117
-140
-168
-200
-242
-280
-313
-339
-350
-345
-323
-292
-271
-269
-292
-354
-487
-682
-747
-635
-330
5
208
313
335
348
358
423
474
456
410
342
302
258
188
101
42
42
-29
-78
-129
-168
-187
-164
-115
-67
-31
-35
-73
-143
-209
-240
-231
-192
-151
-118
-102
-146
-233
-336
-397
-446
-525
-483
-316
-10
308
436
398
234
43
-69
-71
-3
105
192
241
271
284
317
338
336
318
280
222
145
57
-22
-80
-127
-172
-224
-289
-338
-384
-416
-471
-551
-638
-659
-577
-405
-146
111
339
469
484
419
323
204
80
-40
-169
-252
-244
-156
-3
112
171
129
50
-33
-98
-141
-171
-179
-139
-77
-15
1
-78
-265
-350
-372
-196
22
196
312
382
417
475
530
557
534
468
335
215
129
78
31
-42
-121
-156
-163
-157
-162
-173
-178
-173
-164
-169
-188
-241
-313
-376
-424
-436
-424
-397
-395
-400
-399
-320
-154
79
311
454
482
420
331
283
251
248
220
162
26
-175
-354
-454
-436
-317
-175
-36
91
206
279
319
283
187
63
-36
-83
-103
-153
-82
-33
101
217
302
375
409
385
311
203
79
-35
-105
-134
-137
-124
-107
-78
-53
-35
-55
-132
-222
-290
-271
-189
-62
16
42
-18
-115
-224
-309
-311
-232
-118
-23
-5
-74
-185
-321
-498
-491
-410
-146
186
460
669
735
672
494
269
49
-122
-190
-146
-14
149
286
374
413
413
385
328
258
168
67
-37
-131
-214
-301
-383
-481
-475
-352
-130
142
340
475
519
470
357
216
70
-56
-126
-153
-134
-98
-53
-22
-50
-106
-172
-130
-20
140
248
275
221
104
-9
-105
-165
-201
-205
-167
-119
-80
-86
-119
-172
-209
-215
-198
-215
-295
-440
-620
-688
-547
-234
157
472
611
608
471
287
112
-55
-176
-196
-105
49
196
308
370
405
394
345
266
177
83
-5
-80
-146
-215
-292
-378
-458
-531
-589
-618
-626
-609
-625
-634
-488
-270
41
297
431
467
398
269
139
37
-27
-41
-15
17
28
-22
-114
-180
-147
-50
66
112
110
42
-45
-123
-177
-210
-232
-214
-156
-76
-13
23
15
-21
-85
-129
-149
-176
-214
-272
-322
-367
-413
-484
-567
-497
-323
0
314
515
595
521
331
135
83
150
297
408
429
392
341
277
249
205
117
-9
-125
-193
-213
-206
-192
-177
-163
-154
-159
-175
-206
-238
-267
-278
-273
-253
-227
-196
-175
-157
-148
-139
-131
-119
-107
-98
-103
-124
-161
-212
-298
-416
-512
-468
-334
-98
82
194
235
228
202
185
197
260
397
561
713
757
712
625
579
588
589
515
363
179
9
-114
-180
-201
-205
-219
-267
-331
-384
-399
-366
-309
-255
-225
-236
-303
-442
-571
-588
-455
-196
52
237
319
324
269
191
106
45
13
-4
-17
-48
-100
-183
-231
-202
-107
23
103
124
91
-11
-97
-148
-156
-122
-66
-4
32
9
-73
-226
-408
-494
-387
-145
147
378
515
570
530
445
323
195
70
-46
-130
-155
-127
-40
52
129
162
154
103
-16
-160
-265
-282
-208
-102
-16
-6
-56
-156
-261
-319
-336
-327
-308
-294
-271
-250
-264
-321
-461
-483
-420
-182
118
360
534
566
473
295
79
-105
-217
-221
-139
-26
75
114
76
31
-20
-21
9
27
38
35
22
3
-33
-71
-113
-153
-194
-221
-237
-252
-260
-272
-281
-283
-282
-281
-282
-298
-301
-294
-269
-254
-276
-334
-325
-252
-101
45
112
112
53
18
36
148
303
416
449
446
469
531
571
527
414
296
214
170
128
79
25
-31
-85
-142
-182
-192
-176
-138
-105
-80
-105
-170
-262
-335
-352
-352
-354
-352
-236
-90
92
230
304
368
422
423
397
326
227
111
20
-44
-50
-27
-19
-20
-35
-49
-52
-41
-26
-2
10
19
28
41
41
35
21
-6
-24
-44
-66
-89
-112
-126
-140
-157
-179
-207
-241
-295
-383
-457
-395
-221
54
307
480
537
485
365
248
187
153
79
-19
-76
-76
18
138
232
305
382
452
490
449
331
187
76
13
-26
-65
-95
-155
-229
-309
-358
-355
-304
-223
-125
-49
-9
-11
-84
-199
-307
-353
-313
-253
-251
-239
-175
-29
139
282
390
432
377
238
81
-63
-177
-240
-241
-190
-90
26
133
210
254
259
231
187
132
88
51
12
-29
-91
-149
-204
-243
-270
-284
-292
-291
-291
-284
-281
-267
-249
-226
-201
-181
-167
-155
-143
-130
-121
-113
-112
-124
-144
-174
-204
-227
-246
-249
-249
-244
-239
-245
-245
-256
-304
-431
-517
-550
-339
11
431
757
864
780
601
399
242
179
201
272
349
364
333
310
296
317
324
302
244
179
113
60
17
-9
-34
-58
-91
-136
-173
-198
-208
-210
-210
-214
-220
-233
-236
-234
-232
-228
-256
-317
-422
-548
-645
-585
-409
-137
110
280
372
390
336
232
122
46
-13
-40
-82
-145
-203
-202
-125
-7
105
194
236
256
255
266
266
252
219
189
150
108
72
37
18
-9
-44
-66
-83
-86
-104
-123
-182
-277
-382
-480
-502
-463
-366
-262
-207
-190
-231
-294
-299
-261
-173
-73
33
124
207
286
339
361
377
365
332
302
265
235
206
165
113
73
58
65
76
80
66
47
27
9
-10
-34
-61
-93
-120
-138
-147
-149
-152
-153
-163
-170
-183
-192
-195
-190
-167
-146
-129
-139
-197
-275
-353
-348
-250
-76
88
201
236
148
-8
-123
-118
-8
120
191
184
137
65
14
7
0
-34
-79
-101
-65
6
77
117
113
75
-3
-68
-104
-101
-91
-90
-109
-134
-170
-228
-344
-441
-514
-453
-330
-168
-22
94
206
322
414
492
497
454
436
427
409
337
218
146
169
231
280
292
265
232
176
134
64
-27
-134
-229
-268
-264
-241
-225
-238
-271
-316
-367
-375
-382
-383
-388
-389
-370
-338
-315
-293
-278
-263
-275
-341
-470
-547
-540
-404
-206
-22
132
239
287
260
192
127
60
7
-37
-69
-68
-41
-5
23
32
36
36
45
19
-37
-115
-168
-133
-27
123
255
324
311
229
87
-64
-144
-120
-23
96
180
188
153
82
34
0
-21
-64
-72
-27
63
152
192
167
71
-52
-241
-416
-465
-374
-141
70
201
274
326
351
372
382
393
407
397
366
305
212
100
-10
-87
-116
-102
-53
16
61
87
29
-59
-171
-226
-190
-98
12
77
90
52
-24
-86
-107
-87
-56
-37
-15
5
-2
-36
-96
-181
-289
-431
-529
-454
-271
2
206
321
355
322
200
52
-72
-123
-85
20
149
248
301
298
254
220
182
141
128
148
255
381
529
623
653
575
440
210
-25
-205
-261
-219
-104
-33
-23
-70
-165
-262
-385
-530
-687
-789
-824
-684
-479
-175
45
169
182
144
92
36
-17
-62
-93
-111
-111
-114
-117
-104
-81
-36
13
52
76
67
43
7
-37
-78
-113
-137
-151
-157
-162
-165
-167
-170
-165
-157
-142
-125
-114
-118
-144
-197
-273
-382
-495
-485
-363
-146
74
252
376
450
438
309
137
-1
-4
61
162
202
215
222
251
316
418
512
561
530
442
296
114
-48
-208
-314
-414
-496
-467
-375
-188
-22
105
220
308
327
274
175
87
46
11
-32
-144
-282
-395
-400
-323
-190
-90
-57
-101
-196
-282
-329
-326
-286
-220
-132
-58
-1
44
60
72
57
42
28
18
-9
-41
-71
-78
-84
-113
-157
-220
-273
-292
-271
-176
-48
82
178
185
234
274
350
402
415
462
509
549
552
508
427
347
283
254
230
175
92
1
-80
-132
-152
-145
-128
-118
-130
-163
-224
-287
-351
-392
-411
-412
-387
-349
-302
-260
-228
-207
-202
-216
-248
-301
-390
-514
-596
-495
-322
-55
121
222
258
216
102
-35
-163
-176
-105
23
145
208
205
201
200
243
324
402
457
470
439
346
215
88
-13
-88
-147
-223
-331
-436
-441
-386
-239
-100
29
158
230
240
210
190
189
178
149
71
-34
-143
-199
-221
-174
-115
-67
-64
-114
-205
-274
-287
-273
-247
-227
-216
-203
-189
-181
-176
-175
-176
-178
-177
-186
-210
-245
-286
-347
-425
-498
-408
-273
-75
23
47
80
129
208
324
428
507
554
581
599
593
536
390
200
66
28
93
152
130
48
-91
-205
-273
-292
-289
-296
-314
-332
-337
-340
-333
-313
-298
-273
-283
-375
-417
-378
-231
8
221
364
430
385
278
153
20
-113
-230
-329
-382
-331
-186
21
222
342
387
309
203
101
72
113
155
171
131
42
-95
-285
-421
-378
-213
41
244
438
578
644
610
516
392
266
158
87
54
39
28
20
-34
-126
-250
-357
-379
-324
-217
-117
-62
-89
-196
-318
-408
-449
-439
-386
-283
-178
-122
-87
-55
-17
63
181
341
465
476
366
216
94
45
50
107
207
323
416
449
365
190
-19
-197
-296
-312
-277
-240
-240
-264
-308
-283
-175
-10
134
207
201
168
113
52
-10
-59
-90
-102
-118
-129
-139
-145
-138
-125
-99
-51
-1
24
-5
-111
-260
-391
-445
-395
-284
-151
-47
-3
-10
-104
-206
-286
-256
-123
66
293
493
628
692
664
594
526
469
407
340
241
122
-15
-138
-257
-360
-432
-472
-465
-438
-397
-358
-365
-418
-484
-502
-440
-315
-156
-6
127
216
263
267
229
131
12
-116
-215
-274
-291
-263
-189
-105
-44
-42
-104
-191
-192
-104
47
156
184
153
62
-17
-86
-105
-94
-86
-77
-67
-56
-56
-74
-116
-172
-235
-297
-339
-362
-364
-343
-309
-261
-223
-179
-158
-175
-265
-365
-471
-499
-432
-187
175
559
838
927
873
712
519
356
254
217
214
200
180
148
112
71
14
-36
-53
-28
18
51
37
-27
-118
-188
-188
-157
-133
-150
-182
-211
-215
-200
-165
-111
-40
29
79
110
112
50
-113
-305
-406
-371
-236
-73
23
55
13
-61
-94
-67
-7
57
106
142
161
167
159
136
97
42
-8
-18
47
131
214
216
152
36
-120
-242
-298
-289
-251
-217
-198
-181
-167
-149
-141
-128
-140
-160
-196
-246
-288
-313
-332
-367
-466
-553
-554
-454
-285
-72
154
391
596
678
701
709
715
723
676
572
462
369
277
183
89
46
85
163
241
278
234
147
29
-72
-135
-182
-215
-227
-223
-208
-194
-179
-160
-149
-155
-167
-186
-227
-310
-434
-468
-395
-202
34
222
347
400
370
293
197
97
8
-54
-88
-103
-106
-122
-158
-207
-203
-109
34
171
245
235
151
74
54
118
206
246
209
114
-4
-116
-197
-235
-244
-239
-241
-238
-231
-220
-208
-203
-193
-188
-178
-169
-160
-155
-163
-168
-165
-173
-205
-257
-318
-373
-466
-574
-600
-546
-364
-185
-59
29
112
251
468
690
871
951
860
653
443
286
248
261
249
197
124
55
38
58
77
68
29
-27
-80
-117
-138
-149
-140
-134
-128
-127
-139
-162
-186
-201
-205
-203
-199
-197
-196
-192
-189
-176
-165
-157
-163
-176
-190
-204
-214
-226
-238
-247
-268
-285
-310
-357
-450
-496
-430
-266
-65
43
54
23
-19
1
96
249
438
580
644
580
436
304
269
322
413
452
430
353
232
134
54
-9
-73
-151
-205
-241
-241
-210
-169
-141
-135
-171
-219
-255
-270
-259
-245
-240
-235
-241
-244
-262
-278
-289
-294
-302
-309
-306
-289
-263
-238
-214
-197
-189
-194
-203
-223
-247
-285
-325
-374
-445
-523
-517
-431
-246
-75
42
119
160
155
135
149
251
419
616
695
633
502
382
342
364
395
389
349
282
217
143
51
-25
-47
-23
19
40
33
-18
-99
-169
-216
-225
-226
-219
-190
-162
-149
-159
-179
-202
-219
-223
-222
-214
-263
-370
-481
-447
-284
-33
182
343
417
419
346
267
214
182
150
115
77
34
10
0
23
48
82
92
53
-6
-70
-74
-7
104
204
263
254
188
84
-21
-99
-124
-95
-23
82
158
164
84
-34
-154
-216
-264
-342
-423
-394
-248
-7
226
387
460
437
337
200
118
123
173
223
250
222
153
61
0
-2
25
74
84
59
-34
-140
-210
-229
-220
-218
-226
-227
-210
-194
-180
-168
-158
-156
-167
-191
-225
-261
-296
-360
-452
-560
-551
-421
-195
32
219
360
481
538
540
524
506
480
454
395
314
150
-7
-88
-89
-15
46
48
7
-58
-113
-148
-146
-139
-133
-126
-134
-155
-186
-208
-224
-231
-237
-233
-226
-218
-229
-255
-284
-308
-322
-333
-369
-427
-430
-351
-211
-55
50
93
88
43
-25
-32
20
96
184
292
427
585
687
691
600
454
301
171
72
-24
-117
-196
-233
-226
-210
-210
-234
-273
-295
-287
-257
-222
-198
-203
-227
-253
-277
-277
-263
-222
-179
-135
-105
-85
-71
-62
-50
-35
-25
-21
-30
-41
-50
-62
-94
-145
-190
-205
-241
-309
-300
-298
-188
-99
-22
79
153
183
186
160
132
139
220
371
556
660
645
543
405
296
226
183
134
75
37
11
-20
-67
-138
-208
-262
-298
-310
-303
-287
-272
-266
-275
-296
-323
-343
-346
-333
-310
-286
-269
-254
-244
-235
-228
-227
-226
-229
-232
-233
-236
-234
-227
-212
-190
-165
-137
-110
-89
-69
-49
-21
5
10
13
-21
-64
-121
-187
-261
-373
-461
-438
-329
-136
-7
44
26
-6
7
119
289
462
487
396
300
244
299
398
473
532
534
507
477
436
379
296
186
74
-40
-130
-196
-235
-255
-261
-242
-214
-167
-139
-126
-130
-134
-138
-137
-153
-184
-214
-235
-227
-203
-225
-263
-255
-196
-57
74
153
170
116
8
-84
-123
-129
-108
-59
-5
55
118
187
255
320
350
359
334
303
253
228
235
265
295
282
225
117
-3
-137
-221
-233
-189
-122
-89
-112
-182
-263
-300
-300
-303
-350
-315
-190
15
226
362
429
402
283
107
-46
-149
-188
-190
-167
-122
-52
26
109
171
217
234
220
196
191
179
167
117
23
-73
-164
-192
-163
-88
0
60
69
20
-99
-246
-376
-428
-363
-250
-175
-197
-260
-225
-105
88
235
337
394
387
367
339
338
359
356
309
237
162
110
72
43
21
7
-10
-37
-67
-94
-114
-126
-127
-126
-123
-120
-114
-110
-104
-104
-107
-124
-156
-193
-203
-187
-195
-257
-299
-254
-138
13
115
186
222
192
115
41
20
53
131
196
224
190
109
60
130
267
415
473
436
335
209
106
51
51
52
39
-7
-65
-125
-180
-205
-210
-230
-271
-361
-467
-535
-450
-281
-44
149
273
346
356
325
263
216
183
170
134
69
-19
-118
-207
-267
-271
-213
-123
-50
-6
-12
-62
-132
-206
-267
-295
-290
-283
-267
-251
-237
-227
-221
-221
-228
-227
-238
-232
-229
-225
-216
-217
-216
-213
-207
-204
-195
-190
-191
-195
-215
-252
-284
-310
-371
-448
-440
-381
-229
-96
-16
45
86
136
216
352
523
658
715
617
469
367
395
504
615
657
623
525
401
282
171
64
-36
-109
-163
-199
-237
-251
-250
-234
-248
-279
-346
-411
-449
-442
-400
-356
-333
-332
-355
-353
-368
-403
-463
-479
-360
-163
94
302
464
520
472
340
215
125
55
9
-36
-59
-70
-63
-27
7
52
79
70
43
48
95
185
278
323
323
266
169
64
-27
-95
-134
-153
-165
-165
-169
-178
-188
-189
-187
-195
-212
-240
-267
-290
-342
-413
-407
-301
-92
144
326
447
475
388
224
68
-6
34
165
330
451
489
416
305
251
302
394
453
439
372
293
232
196
175
146
95
34
-27
-80
-111
-130
-121
-95
-85
-84
-118
-164
-210
-246
-260
-257
-254
-243
-227
-211
-210
-213
-220
-233
-256
-283
-312
-323
-378
-451
-464
-374
-164
47
189
241
235
177
113
80
87
100
130
170
203
241
226
163
91
73
135
248
333
357
327
246
164
109
64
30
-44
-134
-203
-229
-236
-241
-250
-234
-213
-185
-171
-191
-224
-270
-322
-373
-423
-464
-485
-520
-589
-670
-587
-437
-178
37
146
155
68
-28
-41
73
244
391
492
534
533
514
491
447
372
270
167
76
11
-48
-120
-173
-171
-125
-35
37
85
85
12
-75
-207
-313
-378
-355
-266
-134
-38
-8
-88
-246
-311
-262
-86
155
348
507
571
510
404
276
156
27
-87
-167
-185
-159
-100
-26
34
83
116
126
127
143
148
140
102
38
-18
-77
-118
-145
-166
-186
-197
-208
-215
-219
-214
-209
-217
-253
-283
-316
-310
-285
-252
-208
-169
-150
-141
-161
-233
-303
-283
-158
57
250
322
247
-13
-4
14
333
537
602
562
475
376
304
257
215
177
137
99
53
13
-21
-39
-53
-60
-73
-78
-85
-91
-103
-127
-167
-213
-260
-286
-296
-285
-261
-223
-233
-327
-296
-294
-151
-30
59
110
115
22
-70
-142
-127
-3
199
388
503
495
389
209
56
8
56
176
273
288
231
161
92
80
93
107
209
349
559
732
801
730
539
312
102
-43
-139
-214
-277
-337
-386
-425
-451
-454
-415
-341
-278
-220
-184
-174
-178
-195
-193
-156
-80
0
62
81
48
-21
-102
-156
-169
-128
-48
34
99
111
83
4
-122
-193
-209
-161
-112
-117
-163
-167
-140
-90
-13
58
162
247
291
283
252
217
174
105
18
-88
-169
-209
-200
-155
-97
-28
43
129
202
238
212
129
2
-149
-238
-248
-201
16
206
459
626
702
709
613
476
309
175
90
56
64
79
57
-18
-123
-222
-297
-326
-318
-291
-263
-237
-224
-227
-224
-210
-183
-149
-126
-117
-129
-165
-217
-266
-286
-248
-180
-106
-63
-114
-153
-145
-100
53
202
321
370
318
205
109
35
6
15
46
81
84
63
7
-85
-151
-151
-80
46
149
167
114
29
-38
-44
-14
25
32
-9
-78
-144
-174
-171
-157
-145
-158
-202
-206
-119
66
349
633
818
878
779
608
444
321
218
135
47
-24
-68
-90
-85
-87
-96
-114
-162
-211
-246
-207
-125
-14
80
121
108
24
-75
-166
-215
-234
-233
-221
-190
-152
-104
-138
-148
-103
-14
178
337
435
426
307
139
24
-20
0
50
90
97
83
63
54
47
35
10
-29
-49
-45
-16
-1
7
2
0
-11
-44
-103
-174
-245
-292
-310
-303
-280
-261
-306
-237
-194
-42
84
162
184
135
49
-20
-55
-79
-99
-119
-141
-160
-188
-228
-284
-342
-386
-405
-398
-383
-380
-376
-374
-321
-242
-136
-43
25
42
5
-75
-151
-204
-214
-191
-138
-59
12
54
39
-42
-206
-346
-428
-387
-285
-233
-229
-104
9
322
574
768
838
764
651
549
459
380
287
208
150
111
78
36
-11
-56
-94
-104
-105
-100
-98
-94
-110
-144
-211
-322
-430
-491
-452
-350
-215
-115
-93
-133
-242
-347
-420
-417
-351
-244
-132
-110
-110
-87
-45
96
258
360
381
311
211
158
129
86
39
-9
-49
-61
-43
15
75
123
142
129
106
57
10
-41
-80
-108
-122
-120
-80
-48
-69
-99
-139
-110
19
219
437
576
585
500
369
235
121
32
-40
-98
-155
-215
-285
-369
-457
-547
-593
-571
-479
-374
-284
-219
-185
-179
-209
-237
-238
-207
-168
-135
-106
-94
-96
-111
-127
-148
-176
-217
-265
-320
-381
-439
-472
-472
-457
-400
-293
-95
145
379
537
616
612
554
473
377
289
193
111
16
-84
-185
-250
-254
-181
-52
92
172
172
88
-30
-128
-193
-187
-141
-67
-5
4
-20
-65
-127
-203
-261
-316
-282
-224
-72
125
275
338
303
211
90
-6
-91
-106
-62
25
113
169
179
144
84
10
-75
-142
-171
-155
-116
-82
-55
-33
-30
-74
-157
-247
-309
-336
-387
-344
-283
-151
10
156
298
417
484
540
612
664
669
611
512
392
258
116
-19
-82
-71
-5
42
50
14
-60
-148
-228
-277
-301
-317
-328
-320
-313
-310
-318
-338
-362
-384
-383
-361
-324
-279
-293
-277
-206
-90
107
297
428
469
379
217
64
-27
-60
-47
-11
6
10
-3
-10
-10
-14
-31
-72
-119
-171
-231
-296
-356
-349
-261
-105
38
135
166
140
60
-52
-162
-250
-276
-285
-237
-144
-12
132
267
363
450
506
522
462
340
198
58
-35
-112
-168
-191
-178
-161
-159
-196
-283
-377
-408
-344
-206
-50
65
98
46
-26
-120
-196
-247
-285
-300
-309
-293
-219
-49
138
322
426
451
424
367
319
292
245
180
123
108
124
144
164
160
131
62
-15
-90
-136
-161
-147
-109
-58
-22
-10
-17
-38
-71
-108
-137
-164
-182
-214
-240
-258
-251
-220
-163
-91
-21
34
71
70
32
-56
-145
-235
-307
-378
-492
-586
-555
-438
-206
0
144
203
185
114
56
36
59
115
177
220
209
129
-5
-140
-210
-175
-50
76
160
168
137
100
94
122
154
142
88
12
-70
-145
-199
-234
-246
-242
-236
-230
-243
-265
-297
-333
-405
-484
-477
-375
-159
91
300
432
464
403
305
221
145
69
17
-9
1
50
103
139
136
100
49
8
-20
-25
12
65
125
172
210
221
201
144
58
-18
-87
-141
-195
-240
-283
-300
-293
-262
-230
-206
-190
-185
-190
-208
-240
-286
-370
-431
-381
-255
-47
133
259
320
297
193
75
14
41
140
254
326
342
301
226
135
63
24
24
54
99
130
131
84
28
-9
-21
-1
16
26
4
-48
-113
-166
-206
-229
-241
-238
-226
-224
-232
-246
-265
-281
-305
-359
-440
-440
-345
-153
67
237
354
390
344
227
113
3
-57
-62
-25
41
112
164
192
183
137
57
-37
-131
-201
-203
-163
-93
-31
4
23
22
-7
-57
-92
-105
-103
-100
-108
-123
-132
-139
-156
-184
-229
-280
-320
-368
-427
-467
-386
-226
-2
176
288
333
305
213
103
19
0
64
191
328
424
452
424
352
253
143
71
56
89
143
156
136
77
7
-49
-84
-77
-54
-32
-29
-40
-60
-95
-145
-202
-254
-280
-290
-300
-355
-430
-373
-250
-15
201
362
450
428
294
109
-55
-168
-210
-172
-69
54
171
269
338
374
378
339
263
171
75
-17
-88
-143
-164
-153
-117
-78
-54
-67
-93
-132
-158
-184
-194
-202
-198
-180
-161
-136
-106
-90
-95
-126
-181
-222
-251
-259
-271
-331
-411
-423
-366
-229
-79
40
126
195
242
307
395
504
592
656
696
701
659
545
368
196
80
48
73
93
75
5
-101
-204
-279
-308
-288
-254
-220
-200
-201
-205
-209
-207
-210
-107
