-40
-58
-75
-88
-89
-81
-67
-52
-28
14
67
114
148
158
161
147
119
68
8
-42
-79
-106
-104
-98
-93
-93
-108
-126
-142
-143
-127
-99
-69
-40
-25
-20
-17
-24
-37
-53
-67
-73
-68
-55
-44
-48
-47
-37
-11
20
51
68
71
63
44
9
-39
-87
-126
-144
-145
-139
-142
-152
-156
-157
-153
-138
-117
-89
-70
-65
-87
-128
-158
-181
-163
-155
-156
-180
-217
-219
-200
-172
-144
-116
-100
-86
-77
-68
-66
-51
-31
-9
7
21
27
31
32
29
19
-2
-29
-61
-99
-122
-141
-132
-128
-114
-90
-70
-29
2
14
9
-4
-30
-61
-89
-89
-107
-114
-103
-75
-43
-15
4
16
26
36
56
69
80
84
78
53
-4
-63
-122
-155
-157
-174
-209
-245
-274
-266
-243
-217
-197
-199
-214
-228
-240
-231
-204
-157
-110
-70
-32
-9
1
2
-7
-16
-19
-11
7
21
31
19
-2
-31
-45
-30
-17
-8
-23
-40
-51
-49
-34
-21
-10
-14
-21
-25
-19
-13
0
29
53
69
67
59
52
45
48
56
73
95
115
124
110
76
43
45
63
76
55
12
-13
-22
-13
-2
11
19
26
35
38
45
56
65
59
39
7
-30
-66
-96
-111
-97
-54
-7
34
56
70
63
27
-18
-53
-70
-72
-59
-47
-50
-57
-73
-89
-107
-117
-127
-127
-118
-106
-98
-90
-82
-69
-67
-68
-70
-82
-111
-128
-130
-92
-45
-22
-24
-58
-66
-82
-75
-69
-65
-65
-72
-72
-67
-65
-63
-63
-71
-76
-79
-80
-77
-78
-57
-30
6
37
49
38
12
-38
-99
-150
-199
-233
-255
-262
-261
-254
-237
-214
-182
-153
-117
-93
-74
-49
-25
-3
5
9
4
-1
-11
-32
-43
-25
30
93
133
119
81
27
-13
-43
-67
-77
-77
-70
-65
-59
-47
-35
-31
-32
-33
-38
-28
-9
18
43
62
76
90
117
128
113
75
32
-8
-47
-63
-70
-60
-41
-19
3
21
30
33
29
24
23
17
11
5
3
0
-8
-10
-18
-38
-80
-74
-19
75
172
186
145
66
-25
-93
-143
-167
-174
-170
-161
-150
-139
-128
-117
-108
-94
-75
-59
-64
-71
-66
-59
-56
-64
-61
-50
-24
-1
7
-11
-54
-99
-142
-162
-165
-171
-173
-179
-183
-189
-185
-181
-169
-154
-136
-120
-111
-100
-87
-68
-47
-38
-54
-67
-35
46
153
218
234
189
118
46
-1
-44
-60
-72
-79
-92
-120
-147
-176
-195
-195
-176
-140
-101
-70
-27
17
62
102
144
193
235
242
208
147
69
-1
-50
-69
-81
-90
-101
-119
-142
-159
-164
-167
-153
-128
-95
-66
-45
-37
-51
-67
-91
-112
-118
-66
31
146
217
213
150
56
-25
-93
-133
-152
-163
-173
-192
-212
-234
-243
-247
-242
-232
-216
-200
-185
-158
-113
-66
-12
38
95
142
172
175
150
91
26
-27
-53
-61
-74
-80
-100
-118
-135
-146
-149
-140
-120
-93
-64
-31
0
30
52
60
46
51
85
161
253
311
320
266
174
72
-20
-103
-151
-178
-196
-205
-215
-230
-229
-223
-209
-192
-172
-145
-109
-67
-22
4
14
24
37
48
44
23
-19
-84
-150
-194
-221
-213
-198
-175
-147
-113
-82
-60
-51
-52
-49
-40
-30
-15
-5
-1
-1
-14
-40
-52
-29
22
118
193
234
221
162
83
-3
-84
-142
-158
-160
-150
-159
-181
-199
-210
-220
-224
-218
-199
-154
-80
-4
60
108
154
192
218
213
179
106
15
-67
-135
-178
-207
-220
-219
-209
-185
-160
-132
-113
-93
-73
-43
-13
11
30
44
51
39
10
-26
-24
16
81
129
117
62
-30
-113
-178
-206
-206
-179
-130
-88
-58
-45
-33
-28
-33
-30
-35
-38
-45
-38
-25
-11
-9
-24
-40
-57
-65
-89
-131
-186
-237
-268
-269
-256
-235
-207
-178
-149
-119
-97
-75
-63
-51
-40
-28
-26
-23
-18
-15
-14
-18
-33
-39
-7
64
161
225
249
223
149
55
-32
-91
-109
-95
-72
-60
-54
-55
-54
-51
-39
-27
-10
5
16
28
48
83
114
136
146
167
179
175
128
38
-55
-130
-158
-154
-140
-116
-100
-92
-86
-79
-76
-65
-54
-56
-63
-74
-87
-116
-152
-168
-150
-98
-47
0
35
53
42
-5
-79
-149
-201
-235
-239
-230
-211
-194
-172
-149
-123
-97
-71
-39
-1
44
71
77
67
50
43
38
33
18
-16
-53
-95
-133
-159
-168
-158
-139
-112
-79
-49
-22
11
32
46
47
53
60
63
69
63
57
50
35
-1
-51
-97
-135
-153
-159
-157
-159
-161
-167
-175
-182
-180
-173
-168
-159
-143
-115
-77
-27
21
32
19
-25
-81
-128
-158
-159
-142
-120
-108
-103
-110
-112
-115
-119
-113
-102
-82
-56
-26
2
32
67
91
106
107
112
120
131
133
107
32
-74
-149
-167
-136
-98
-104
-128
-157
-143
-112
-73
-45
-32
-35
-33
-23
-2
31
54
73
68
64
59
45
28
11
24
47
61
15
-46
-96
-121
-134
-190
-248
-294
-308
-285
-237
-199
-168
-147
-136
-124
-116
-98
-79
-58
-42
-31
-38
-49
-59
-75
-83
-89
-88
-50
-8
32
51
54
45
36
-9
-54
-68
-67
-34
-1
31
48
49
46
33
23
11
0
-10
-23
-33
-45
-56
-69
-79
-95
-111
-131
-135
-99
-29
8
10
-30
-80
-102
-133
-158
-175
-183
-141
-90
-47
-25
-29
-38
-48
-52
-48
-43
-35
-23
-10
16
49
88
106
113
117
119
115
92
51
-16
-86
-132
-153
-123
-64
-3
38
40
14
-17
-42
-59
-64
-67
-60
-55
-51
-61
-76
-93
-102
-69
8
102
169
182
146
82
3
-68
-138
-178
-186
-162
-120
-75
-55
-56
-77
-101
-121
-130
-110
-76
-31
30
81
121
135
139
138
128
92
37
-40
-126
-204
-259
-282
-268
-233
-207
-188
-194
-209
-218
-221
-200
-180
-158
-132
-85
-32
7
43
69
100
120
109
45
-23
-95
-134
-143
-137
-118
-105
-85
-63
-34
-4
21
33
34
27
21
18
16
15
15
6
4
-4
-10
-22
-30
-50
-75
-72
-54
-12
12
28
20
5
-9
-13
4
30
60
71
64
45
18
-8
-31
-35
-24
-6
15
35
49
56
60
55
48
32
16
19
39
83
98
85
43
-12
-64
-99
-114
-125
-131
-138
-148
-157
-159
-157
-142
-123
-104
-95
-100
-90
-75
-34
21
80
138
171
176
145
93
23
-54
-127
-189
-214
-197
-159
-116
-82
-72
-69
-65
-57
-43
-18
16
44
65
69
66
72
87
131
155
174
165
145
100
28
-49
-118
-162
-176
-176
-176
-177
-183
-195
-196
-187
-167
-139
-101
-72
-54
-52
-60
-68
-82
-80
-59
-12
48
113
134
113
58
-31
-108
-176
-214
-218
-214
-197
-193
-191
-198
-199
-196
-183
-158
-133
-106
-93
-79
-75
-69
-63
-49
-14
38
94
135
130
103
54
-3
-64
-120
-158
-170
-150
-125
-106
-88
-74
-64
-53
-43
-23
-1
19
34
38
27
26
36
59
92
117
129
138
136
116
70
0
-82
-152
-202
-213
-202
-185
-160
-147
-137
-131
-121
-105
-87
-57
-23
1
13
16
13
15
42
92
147
171
172
144
110
71
15
-51
-106
-139
-143
-127
-112
-102
-93
-80
-50
-18
9
28
39
50
58
58
56
50
51
70
97
125
142
116
63
-10
-79
-159
-231
-287
-314
-303
-281
-255
-242
-234
-220
-207
-183
-161
-134
-110
-93
-72
-59
-52
-35
8
78
160
195
201
172
135
86
16
-66
-141
-199
-217
-187
-148
-108
-88
-83
-85
-78
-65
-45
-18
4
24
41
56
81
110
166
237
299
343
348
314
250
134
18
-98
-192
-248
-274
-285
-282
-275
-261
-240
-214
-191
-167
-149
-133
-118
-104
-82
-48
14
97
187
254
297
310
284
210
98
-22
-131
-206
-251
-275
-283
-279
-259
-231
-193
-153
-113
-78
-49
-23
-2
15
32
40
31
32
72
135
202
227
212
154
72
-26
-119
-194
-225
-237
-234
-223
-216
-204
-187
-158
-119
-78
-32
8
51
87
112
125
126
120
105
90
81
111
170
211
197
127
18
-72
-151
-231
-280
-316
-315
-300
-289
-286
-285
-279
-263
-235
-202
-161
-118
-80
-43
-12
32
68
95
106
95
66
24
-24
-68
-90
-113
-134
-156
-162
-134
-97
-54
-17
1
10
13
18
21
37
56
72
74
69
58
46
43
34
22
-10
-46
-72
-77
-79
-86
-94
-97
-94
-113
-164
-210
-237
-222
-179
-134
-106
-99
-102
-105
-111
-114
-107
-99
-87
-82
-75
-74
-73
-70
-68
-63
-63
-97
-156
-222
-246
-227
-178
-139
-129
-148
-173
-189
-175
-147
-111
-86
-75
-67
-66
-64
-55
-42
-20
-5
9
12
14
5
1
-9
-20
-30
-37
-38
-18
-1
-3
-3
-5
8
-6
-45
-84
-110
-103
-71
-41
-29
-37
-61
-88
-114
-131
-136
-131
-116
-85
-46
3
50
98
129
142
124
78
23
-25
-70
-118
-163
-191
-199
-188
-173
-151
-140
-134
-133
-129
-117
-92
-51
2
75
148
202
242
266
283
276
243
170
88
8
-53
-92
-124
-141
-146
-147
-141
-131
-118
-104
-78
-51
-14
21
61
83
84
66
42
17
-8
-33
-55
-80
-112
-157
-204
-235
-242
-224
-192
-130
-62
-1
38
64
82
99
111
118
109
101
84
61
28
-9
-48
-93
-129
-158
-173
-183
-184
-178
-152
-100
-35
25
78
115
128
122
103
80
43
1
-45
-90
-139
-186
-219
-237
-235
-214
-184
-143
-92
-43
-4
39
82
119
140
139
127
105
81
57
22
-15
-59
-101
-148
-189
-212
-210
-201
-193
-188
-189
-168
-140
-99
-54
-12
18
34
43
39
22
-3
-29
-61
-103
-140
-168
-167
-153
-120
-80
-51
-26
-19
-33
-39
-45
-41
-45
-50
-59
-61
-59
-48
-39
-30
-27
-32
-48
-70
-84
-86
-73
-33
2
38
71
96
113
114
82
40
-20
-64
-103
-134
-151
-152
-151
-147
-140
-120
-89
-49
-12
18
36
48
56
65
76
99
118
119
101
65
38
22
30
48
59
46
7
-40
-84
-96
-88
-58
-17
17
39
50
59
65
73
80
78
74
64
61
50
29
-4
-45
-89
-133
-162
-183
-182
-179
-197
-238
-281
-300
-266
-199
-126
-77
-83
-99
-121
-126
-110
-87
-69
-73
-90
-97
-96
-88
-78
-80
-91
-102
-119
-126
-118
-96
-73
-57
-38
-44
-54
-91
-143
-180
-167
-97
5
77
93
76
48
32
45
60
73
73
64
43
15
-7
-33
-52
-64
-65
-58
-50
-41
-25
-3
40
94
143
176
188
179
150
105
55
-21
-96
-173
-226
-255
-257
-249
-237
-227
-220
-211
-201
-187
-155
-112
-51
28
113
187
241
265
275
268
246
196
124
34
-58
-147
-212
-244
-246
-234
-213
-199
-187
-172
-145
-114
-80
-39
2
57
116
186
238
279
303
331
337
313
239
146
37
-47
-110
-138
-140
-126
-120
-115
-112
-100
-95
-89
-93
-97
-100
-102
-99
-96
-80
-52
-29
-10
8
21
23
19
-5
-38
-80
-128
-165
-201
-212
-202
-182
-153
-121
-102
-87
-81
-75
-70
-62
-62
-68
-70
-66
-60
-58
-49
-28
1
37
75
98
104
90
65
27
-14
-71
-124
-172
-201
-190
-168
-137
-112
-95
-87
-79
-69
-56
-37
-13
10
24
31
34
29
26
16
-1
-30
-81
-138
-210
-286
-360
-418
-441
-407
-325
-241
-181
-158
-156
-159
-144
-117
-86
-55
-33
-20
-11
3
17
25
24
28
30
32
30
26
21
5
-11
-34
-54
-64
-87
-114
-123
-106
-65
-53
-52
-77
-88
-70
-31
13
57
90
113
121
121
115
107
98
83
60
27
1
-14
-22
-27
-39
-61
-100
-147
-215
-285
-351
-361
-322
-233
-144
-90
-56
-33
-2
11
8
-9
-28
-47
-62
-66
-66
-58
-63
-70
-74
-69
-51
-40
-28
-22
-17
-3
10
29
26
1
-54
-123
-176
-185
-134
-84
-54
-64
-80
-73
-55
-23
-5
-1
-15
-24
-39
-40
-35
-25
-13
4
14
12
-1
-22
-53
-85
-107
-86
-30
29
62
71
59
53
23
-15
-46
-66
-63
-64
-59
-72
-94
-111
-120
-119
-109
-91
-73
-73
-69
-65
-55
-25
18
78
136
178
198
195
183
160
124
78
17
-46
-117
-164
-179
-173
-145
-117
-91
-74
-58
-42
-18
10
27
33
25
16
11
12
8
1
-14
-39
-63
-89
-100
-95
-85
-70
-69
-45
-25
-16
-56
-124
-179
-207
-175
-120
-69
-39
-30
-45
-60
-71
-71
-66
-54
-36
-26
-23
-20
-18
-17
-13
-8
-12
-37
-88
-155
-219
-261
-249
-205
-134
-74
-32
-8
11
37
51
60
52
29
-3
-26
-40
-41
-30
-16
-7
-6
-12
-19
-20
-19
-21
-23
-46
-70
-97
-115
-104
-57
-13
24
49
60
73
24
-38
-109
-152
-162
-155
-144
-136
-134
-136
-139
-134
-118
-97
-75
-58
-47
-33
-9
24
61
88
107
104
80
37
-22
-87
-145
-191
-194
-156
-105
-63
-58
-58
-43
-16
17
45
61
64
67
70
76
80
84
80
66
56
45
35
20
-4
-33
-79
-126
-168
-213
-262
-314
-373
-403
-383
-306
-208
-117
-39
17
52
65
51
26
5
2
0
5
7
-1
-10
-27
-31
-41
-48
-53
-56
-56
-63
-72
-101
-126
-143
-148
-148
-140
-120
-114
-117
-132
-138
-131
-112
-85
-63
-47
-31
-14
8
41
69
88
92
81
64
41
22
0
-18
-34
-57
-114
-198
-281
-318
-294
-236
-171
-133
-112
-97
-87
-67
-56
-42
-29
-17
-3
13
23
27
26
11
-8
-30
-43
-49
-55
-61
-74
-89
-109
-125
-134
-133
-112
-94
-81
-84
-110
-156
-206
-257
-292
-277
-208
-112
-38
2
23
49
80
109
137
146
135
108
79
54
48
41
31
22
19
24
13
-7
-46
-93
-139
-205
-264
-290
-261
-187
-115
-39
12
50
65
68
53
28
1
-19
-30
-43
-47
-57
-63
-60
-56
-54
-65
-79
-96
-110
-118
-121
-118
-99
-77
-37
8
39
60
49
34
27
29
31
34
29
22
25
30
34
40
49
59
52
41
22
6
-1
0
2
-10
-7
-13
-23
-64
-116
-173
-199
-184
-138
-84
-61
-47
-51
-44
-36
-25
-16
-9
-11
-20
-45
-63
-64
-52
-31
-18
-25
-42
-62
-59
-52
-37
-30
-46
-79
-141
-204
-241
-238
-184
-105
-36
20
44
43
39
39
45
56
66
72
69
65
60
63
61
56
50
37
38
32
29
27
29
35
28
14
-39
-101
-157
-169
-149
-116
-93
-86
-87
-95
-86
-72
-54
-41
-30
-21
-14
-4
-5
-10
-21
-34
-50
-62
-60
-59
-57
-58
-56
-61
-64
-60
-54
-54
-66
-81
-102
-116
-110
-82
-33
29
104
179
238
260
247
199
138
61
-21
-64
-94
-109
-129
-146
-155
-158
-149
-144
-141
-144
-147
-148
-152
-153
-147
-113
-43
55
135
163
152
117
81
36
-20
-71
-119
-142
-145
-136
-137
-145
-173
-200
-220
-220
-219
-201
-172
-141
-105
-73
-41
-21
3
21
39
51
45
12
-43
-74
-81
-47
-15
-6
-18
-54
-81
-95
-99
-106
-106
-99
-83
-53
-29
-10
6
19
27
19
13
0
-7
-16
-23
-44
-74
-114
-158
-211
-270
-314
-334
-316
-266
-219
-186
-167
-147
-127
-105
-93
-86
-86
-83
-72
-65
-59
-59
-58
-53
-47
-39
-32
-27
-26
-27
-52
-89
-129
-171
-190
-157
-95
-24
40
82
119
137
139
125
95
67
44
34
36
46
53
51
50
44
45
56
77
101
114
117
114
107
92
69
22
-45
-127
-205
-264
-295
-279
-233
-163
-95
-43
-2
24
42
29
10
-11
-13
-11
-3
6
13
19
27
34
43
49
55
59
55
39
12
-26
-72
-129
-190
-248
-289
-282
-244
-172
-91
-25
21
51
56
43
18
-8
-20
-17
-4
12
16
27
30
35
37
43
49
49
49
48
43
34
18
-3
-27
-49
-65
-82
-106
-142
-193
-238
-247
-212
-145
-56
23
91
136
137
113
62
4
-40
-101
-146
-172
-179
-180
-177
-170
-163
-149
-132
-113
-106
-100
-97
-94
-99
-100
-96
-89
-67
-50
-41
-49
-78
-110
-146
-166
-148
-124
-85
-64
-61
-62
-58
-50
-39
-33
-35
-49
-74
-96
-110
-112
-102
-88
-85
-87
-82
-77
-61
-44
-20
-1
17
30
38
32
-4
-56
-133
-186
-211
-201
-133
-61
27
92
136
156
162
150
135
111
88
68
53
43
29
13
-1
-13
-24
-29
-40
-55
-71
-82
-87
-88
-78
-53
1
66
133
178
201
205
183
131
57
-13
-82
-133
-162
-184
-178
-174
-159
-140
-115
-84
-56
-24
8
37
58
69
64
46
23
-3
-18
-23
-21
-10
-2
-18
-65
-124
-176
-182
-148
-93
-51
-30
-27
-25
-8
15
39
59
67
64
43
25
3
-15
-27
-40
-57
-79
-104
-130
-155
-176
-180
-174
-159
-129
-110
-101
-98
-84
-54
-22
-16
-22
-47
-60
-58
-51
-35
-23
-8
-12
-25
-38
-52
-57
-53
-44
-39
-37
-28
-21
-12
-6
-7
-11
-7
3
1
-23
-77
-140
-179
-170
-129
-80
-47
-38
-46
-67
-73
-75
-67
-66
-63
-60
-57
-48
-44
-40
-44
-43
-38
-37
-28
-29
-26
-31
-36
-44
-57
-68
-83
-93
-99
-98
-96
-98
-99
-102
-115
-123
-123
-116
-103
-103
-123
-142
-139
-98
-24
67
163
237
270
255
222
167
105
30
-32
-89
-120
-125
-141
-148
-155
-155
-161
-167
-177
-176
-163
-140
-114
-90
-63
-24
28
89
111
105
67
36
15
-12
-45
-66
-73
-68
-58
-52
-44
-50
-54
-65
-79
-78
-68
-52
-41
-35
-31
-28
-19
-5
10
35
66
79
50
-7
-56
-71
-61
-46
-37
-29
-7
4
-6
-30
-64
-93
-112
-107
-92
-74
-59
-52
-57
-66
-72
-74
-86
-90
-91
-90
-79
-68
-60
-65
-86
-129
-193
-268
-307
-317
-282
-221
-153
-82
-21
21
53
61
74
74
70
59
46
41
35
38
34
26
17
8
2
-3
-10
-18
-34
-43
-37
-21
-1
5
0
-26
-71
-124
-195
-263
-303
-294
-225
-131
-38
22
48
59
58
48
37
22
9
-6
-14
-23
-34
-46
-63
-71
-75
-67
-65
-54
-39
-30
-27
-37
-46
-62
-84
-103
-98
-58
2
64
102
126
124
118
91
60
24
-25
-79
-129
-169
-191
-201
-205
-206
-198
-197
-188
-178
-157
-131
-110
-93
-76
-54
-41
-24
-16
0
19
38
56
52
26
-7
-14
12
66
107
110
88
50
24
19
33
42
40
34
28
25
22
23
29
31
32
20
1
-15
-25
-30
-40
-47
-60
-74
-75
-77
-109
-168
-240
-302
-326
-309
-245
-157
-68
3
65
99
116
107
73
33
-11
-46
-75
-90
-90
-82
-68
-52
-34
-13
11
26
27
17
-1
-16
-35
-52
-75
-109
-145
-179
-215
-247
-260
-246
-190
-103
-10
71
123
165
191
200
195
181
168
154
140
126
109
94
80
55
21
-22
-70
-124
-170
-208
-248
-284
-320
-339
-347
-336
-288
-216
-110
12
121
192
239
252
248
222
185
146
103
59
6
-38
-74
-94
-110
-135
-154
-171
-178
-179
-172
-162
-159
-153
-141
-118
-87
-52
-27
-29
-37
-58
-68
-49
6
96
190
284
334
335
278
192
100
12
-59
-123
-161
-177
-168
-149
-127
-110
-110
-123
-141
-148
-149
-139
-126
-109
-92
-78
-56
-38
-23
-9
-2
-1
-4
-15
-27
-42
-58
-72
-81
-84
-77
-82
-113
-157
-206
-211
-193
-172
-176
-180
-179
-171
-160
-133
-110
-78
-67
-67
-73
-78
-77
-76
-69
-63
-50
-46
-45
-51
-63
-71
-79
-76
-75
-79
-90
-107
-104
-101
-71
-39
3
37
53
44
28
24
25
38
51
64
67
74
73
62
42
14
-9
-33
-46
-57
-65
-69
-69
-69
-75
-80
-84
-92
-100
-105
-110
-120
-126
-133
-137
-144
-147
-141
-122
-69
-17
45
94
126
133
113
60
-8
-105
-187
-235
-255
-255
-250
-240
-226
-201
-168
-132
-93
-57
-29
-9
7
19
27
36
46
55
56
58
52
31
-3
-57
-122
-173
-190
-155
-92
-12
63
115
142
153
159
167
171
174
164
139
113
91
67
49
31
20
15
12
5
-7
-23
-39
-43
-43
-30
-21
-11
-8
2
4
24
52
114
180
229
251
235
208
169
118
47
-35
-107
-163
-203
-234
-257
-276
-279
-267
-243
-210
-175
-138
-102
-68
-41
-25
-12
0
9
1
-16
-43
-72
-107
-138
-165
-188
-198
-216
-230
-258
-268
-254
-217
-159
-112
-86
-84
-114
-143
-175
-174
-161
-133
-103
-69
-45
-30
-21
-28
-45
-77
-98
-108
-101
-91
-77
-73
-75
-75
-81
-84
-88
-78
-56
-12
45
99
145
173
156
104
39
-17
-70
-110
-147
-165
-177
-177
-159
-137
-110
-90
-83
-83
-79
-65
-37
-11
8
19
21
18
13
10
7
7
8
14
33
57
86
105
111
99
44
-34
-140
-227
-250
-211
-139
-80
-50
-35
-22
-2
32
72
120
147
150
125
89
60
36
22
12
4
-9
-24
-41
-61
-85
-97
-97
-91
-82
-70
-64
-65
-79
-110
-158
-223
-263
-281
-247
-173
-99
-52
-36
-40
-32
-26
-8
8
14
8
-12
-35
-49
-39
-25
-11
2
7
5
-1
-3
-11
-17
-19
-19
-24
-27
-25
-32
-49
-75
-118
-151
-170
-160
-151
-126
-107
-84
-59
-37
-12
-1
16
24
35
40
47
63
79
93
102
116
131
144
152
146
127
98
58
21
-16
-43
-71
-94
-107
-118
-132
-140
-142
-140
-147
-155
-182
-212
-197
-136
-24
108
208
241
199
110
10
-76
-138
-179
-197
-204
-195
-177
-165
-163
-152
-147
-130
-119
-109
-105
-95
-77
-47
-8
35
81
115
139
148
133
112
80
44
1
-43
-74
-114
-131
-110
-61
5
60
89
101
100
89
81
74
72
76
80
79
76
75
81
95
108
114
111
94
74
49
31
14
2
-9
-28
-55
-102
-158
-221
-258
-268
-221
-150
-66
6
64
95
110
121
117
105
81
56
23
-2
-25
-50
-64
-76
-77
-87
-101
-119
-146
-170
-193
-206
-209
-201
-185
-169
-164
-155
-144
-134
-135
-155
-185
-220
-221
-181
-115
-43
8
32
32
32
18
6
-3
-10
-13
-16
-151
