23
144
228
260
255
218
178
126
60
6
-47
-90
-143
-181
-221
-264
-305
-346
-406
-506
-565
-474
-232
76
309
415
484
552
594
614
578
494
400
293
192
104
26
-22
-32
-46
-64
-102
-159
-233
-304
-311
-226
-115
-6
38
65
77
69
29
-29
-123
-205
-291
-362
-411
-470
-496
-465
-406
-326
-297
-327
-377
-300
-140
113
293
384
432
438
438
450
477
482
470
420
375
334
270
178
71
-27
-120
-236
-383
-542
-633
-687
-503
-250
102
410
599
704
723
688
622
549
477
426
394
377
354
311
233
136
28
-97
-235
-356
-440
-515
-538
-432
-299
-73
97
228
328
369
365
339
309
292
269
240
200
144
84
26
-33
-110
-203
-301
-379
-465
-569
-578
-490
-287
-31
163
328
435
475
475
441
398
343
295
240
187
126
126
59
16
-50
-122
-209
-283
-348
-447
-439
-373
-235
-112
-65
-55
-45
-48
-52
-62
-74
-75
-86
-82
-91
-87
-88
-54
-17
7
-5
-40
-90
-173
-187
-131
-16
110
166
206
233
234
198
157
122
106
115
146
190
201
175
128
59
-24
-123
-230
-329
-409
-358
-195
14
175
234
268
274
263
230
187
136
86
29
-28
-86
-123
-145
-174
-199
-212
-200
-184
-224
-351
-367
-276
-50
141
229
270
292
329
367
372
357
314
268
216
162
117
57
-14
-86
-158
-202
-256
-319
-437
-586
-595
-440
-169
119
283
370
394
386
366
349
316
280
245
227
216
187
141
95
46
14
-40
-79
-141
-215
-335
-482
-501
-457
-237
17
209
357
394
368
342
310
277
233
195
154
115
80
34
-12
-63
-112
-153
-199
-241
-305
-394
-537
-599
-474
-234
100
333
465
528
518
474
398
297
175
46
-74
-174
-241
-226
-173
-95
-69
-89
-124
-162
-215
-268
-199
-110
38
120
167
202
236
260
253
234
181
112
30
-53
-123
-186
-241
-281
-316
-345
-351
-334
-325
-284
-163
0
182
299
343
351
316
273
224
186
161
147
137
136
131
106
67
34
-18
-72
-141
-200
-237
-184
-89
38
146
217
283
313
313
280
229
160
87
26
12
4
32
24
32
47
37
7
-90
-228
-323
-310
-232
-96
-14
51
89
113
114
122
111
88
59
23
-16
-59
-98
-121
-143
-160
-144
-156
-157
-205
-212
-125
-11
154
258
359
414
409
359
299
261
218
185
125
70
-1
-65
-118
-177
-227
-284
-350
-405
-454
-470
-498
-525
-501
-398
-197
8
177
256
277
267
235
189
134
63
-5
-46
-63
-72
-71
-70
-51
-50
-48
-63
-88
-120
-169
-206
-240
-261
-274
-281
-276
-259
-223
-147
-32
120
260
332
345
288
211
112
52
-7
-52
-90
-110
-99
-75
-38
-23
-34
-54
-85
-110
-148
-178
-243
-328
-458
-573
-564
-440
-185
101
292
456
496
477
386
266
144
35
-33
-95
-136
-139
-105
-39
10
43
65
72
90
86
63
16
-57
-157
-300
-312
-311
-187
-61
61
186
264
334
416
479
499
451
391
310
246
182
127
67
4
-73
-154
-238
-320
-408
-487
-574
-635
-561
-414
-196
-66
21
111
251
360
446
414
335
224
121
62
28
7
-10
-32
-57
-73
-99
-127
-162
-200
-238
-274
-305
-350
-372
-315
-236
-145
-104
-84
-19
116
281
404
407
330
215
132
74
44
10
-3
-21
-34
-44
-57
-56
-73
-84
-88
-88
-82
-97
-141
-242
-353
-363
-284
-35
223
492
665
726
691
579
449
319
203
121
47
5
-30
-54
-83
-100
-134
-175
-209
-256
-284
-313
-348
-427
-504
-479
-391
-157
45
235
374
459
486
443
337
226
109
23
-60
-122
-161
-168
-150
-108
-88
-62
-59
-59
-104
-176
-280
-379
-314
-208
-7
117
205
267
322
335
316
247
132
19
-107
-204
-277
-266
-208
-109
-38
-15
-38
-64
-87
-114
-166
-134
-56
56
143
191
238
307
354
381
394
395
357
280
152
52
-29
-84
-138
-205
-268
-302
-310
-282
-288
-272
-200
-78
102
227
295
301
282
237
194
160
119
116
116
104
79
11
-79
-171
-272
-357
-415
-490
-575
-651
-613
-506
-328
-180
-59
33
96
133
155
157
157
133
93
50
-8
-43
-70
-43
-1
64
144
240
292
280
189
-18
-289
-444
-435
-286
-102
-8
105
204
296
340
338
309
243
168
70
-19
-97
-174
-227
-264
-266
-241
-225
-232
-277
-316
-394
-523
-727
-783
-781
-598
-401
-173
72
299
467
569
609
588
521
449
371
309
244
177
100
37
-25
-70
-93
-121
-136
-127
-132
-133
-167
-176
-107
-27
39
19
-41
-112
-149
-98
38
203
309
326
293
270
234
218
180
132
54
-29
-130
-202
-273
-317
-341
-368
-367
-353
-309
-278
-253
-252
-299
-435
-525
-614
-565
-481
-379
-270
-167
-72
16
69
112
110
87
34
-15
-70
-137
-204
-279
-364
-434
-500
-545
-569
-592
-619
-683
-767
-833
-820
-712
-462
-197
74
225
283
264
240
194
159
103
57
23
5
-4
-17
-36
-60
-95
-137
-164
-186
-205
-238
-295
-359
-352
-277
-147
-31
66
122
171
159
84
-7
-121
-235
-278
-257
-172
-71
-4
59
104
119
136
142
134
104
64
11
-22
-20
-22
-22
-45
-91
-155
-282
-265
-167
47
272
383
444
406
341
306
320
336
328
272
192
128
67
18
-35
-88
-132
-170
-185
-206
-233
-251
-295
-328
-411
-399
-305
-162
38
156
244
296
267
224
240
326
459
525
482
400
306
239
184
126
91
62
63
38
26
1
-17
-55
-98
-138
-190
-180
-168
-131
-120
-122
-127
-128
-127
-94
-54
7
40
73
67
72
54
19
-13
-36
-33
-8
24
49
79
68
53
28
3
-19
-53
-107
-228
-347
-333
-230
23
295
570
820
995
1058
1032
948
815
661
495
343
218
121
58
24
10
-6
-26
-42
-53
-59
-65
-96
-121
-178
-293
-396
-415
-333
-155
42
244
440
577
678
695
672
598
485
369
238
143
77
35
9
-3
-32
-67
-92
-110
-144
-197
-274
-380
-536
-550
-474
-232
44
285
486
625
703
730
708
659
593
489
419
334
248
154
61
-25
-87
-143
-197
-242
-269
-252
-229
-205
-209
-207
-250
-332
-282
-207
14
208
383
522
574
558
496
444
428
442
438
412
335
258
144
28
-84
-179
-275
-351
-423
-462
-457
-451
-458
-531
-478
-396
-220
-61
30
104
144
168
199
211
193
149
99
101
125
159
161
132
98
42
-37
-128
-234
-324
-398
-464
-559
-512
-416
-222
15
197
377
494
533
532
510
463
410
346
294
269
226
165
85
10
-65
-124
-184
-232
-275
-314
-345
-369
-399
-463
-497
-399
-243
12
222
395
510
522
492
443
391
339
298
251
237
222
205
182
132
74
16
-37
-78
-132
-193
-284
-366
-391
-395
-408
-326
-219
-21
183
322
446
515
519
508
479
451
406
349
274
207
129
32
-82
-201
-315
-424
-500
-511
-482
-432
-394
-371
-401
-407
-340
-241
-75
29
123
180
221
240
231
219
182
139
100
45
-5
-71
-139
-224
-297
-369
-396
-394
-380
-323
-261
-190
-123
-85
-23
11
20
-14
-147
-252
-256
-184
12
190
378
500
535
566
611
640
605
486
326
167
4
-103
-184
-206
-215
-190
-169
-159
-156
-161
-150
-138
-148
-197
-315
-459
-487
-426
-215
19
202
336
411
445
455
452
415
356
267
166
57
-21
-50
-57
-69
-56
-41
-11
4
-17
-66
-128
-245
-273
-226
-134
6
69
112
173
156
139
51
-49
-65
-30
90
194
272
312
289
204
112
22
-66
-131
-194
-239
-290
-356
-484
-517
-468
-323
-135
-21
67
126
197
272
370
414
422
405
398
361
309
256
193
132
59
-20
-63
-98
-110
-153
-232
-335
-428
-503
-433
-347
-169
-41
61
161
224
254
254
247
219
207
216
213
189
153
110
88
54
30
-2
-24
-45
-59
-72
-97
-142
-209
-262
-342
-460
-453
-399
-191
31
209
378
466
513
542
584
622
608
540
452
328
212
119
37
-70
-177
-258
-258
-248
-270
-372
-461
-492
-485
-448
-436
-460
-379
-290
-83
121
255
373
411
384
353
303
221
189
201
283
336
317
264
188
76
4
-74
-125
-153
-181
-212
-256
-300
-340
-423
-525
-516
-451
-267
-83
66
238
363
417
445
428
407
379
349
329
306
235
135
13
-100
-185
-240
-260
-282
-286
-260
-262
-260
-286
-296
-302
-322
-372
-298
-202
28
241
405
512
536
511
475
453
416
351
271
170
46
-83
-181
-253
-268
-275
-233
-233
-218
-198
-162
-141
-121
-119
-146
-181
-285
-354
-342
-252
-68
77
204
276
293
309
354
455
503
509
462
373
284
158
49
-48
-145
-194
-239
-268
-274
-210
-132
-28
-4
-34
-77
-159
-247
-351
-316
-249
-104
31
167
322
360
349
279
220
208
210
247
211
173
111
44
-6
-62
-119
-165
-197
-166
-148
-111
-101
-102
-106
-166
-219
-346
-320
-259
-89
115
283
438
531
541
534
489
458
412
358
323
272
227
126
8
-116
-191
-255
-278
-271
-282
-294
-330
-338
-391
-459
-500
-382
-222
1
159
276
407
494
482
451
357
275
194
141
122
125
118
104
36
-50
-146
-218
-252
-260
-255
-260
-252
-265
-234
-238
-256
-265
-338
-329
-259
-121
93
230
359
403
404
334
271
186
196
245
304
369
341
285
192
119
43
-1
-77
-109
-128
-131
-136
-136
-159
-159
-167
-168
-195
-271
-412
-507
-531
-414
-196
17
216
336
373
380
363
336
308
276
208
124
20
-67
-127
-187
-221
-225
-211
-180
-160
-141
-140
-165
-216
-299
-407
-415
-312
-113
113
277
375
448
441
466
452
444
414
362
307
240
161
68
-19
-100
-166
-230
-294
-331
-352
-354
-321
-306
-263
-221
-155
-136
-129
-142
-216
-328
-490
-476
-372
-110
133
315
444
511
532
533
541
501
431
317
199
92
7
-46
-107
-135
-183
-208
-223
-226
-220
-196
-200
-243
-329
-370
-319
-187
23
167
272
322
331
294
261
219
186
159
128
90
69
21
-16
-104
-192
-256
-326
-367
-354
-304
-209
-157
-141
-163
-159
-72
56
193
286
295
310
274
228
164
124
73
77
101
84
80
13
-16
-77
-115
-151
-175
-215
-233
-254
-258
-286
-305
-313
-326
-360
-394
-415
-329
-211
-69
81
185
282
318
304
280
280
286
309
303
269
219
181
119
38
-78
-191
-258
-266
-250
-219
-195
-171
-144
-144
-144
-199
-288
-422
-434
-371
-183
-13
141
268
347
377
390
405
417
413
376
325
228
131
29
-66
-124
-194
-225
-243
-223
-183
-190
-180
-194
-213
-273
-367
-445
-395
-250
-49
96
168
219
226
201
190
156
151
106
72
19
-22
-50
-55
-76
-92
-135
-164
-191
-189
-173
-147
-126
-121
-146
-202
-291
-344
-286
-126
82
237
326
344
313
278
262
264
282
289
276
273
238
187
110
17
-51
-94
-133
-161
-168
-179
-181
-203
-231
-275
-367
-357
-297
-139
28
140
240
294
305
292
270
249
280
283
309
265
234
195
129
106
66
6
-23
-61
-109
-174
-244
-285
-308
-358
-319
-233
-50
134
226
299
311
311
246
208
145
121
113
100
98
74
50
36
44
70
62
44
8
-40
-50
-81
-121
-165
-249
-214
-157
-27
118
193
287
334
346
333
278
214
146
114
102
98
91
100
133
134
152
119
106
63
36
-16
-45
-70
-63
-149
-218
-220
-139
29
160
272
333
316
286
222
177
146
143
148
136
136
144
157
154
133
105
88
75
60
5
-47
-110
-154
-195
-284
-300
-233
-73
130
250
353
417
396
354
262
179
139
102
102
80
75
37
-10
-41
-68
-59
-78
-76
-90
-128
-171
-228
-293
-351
-289
-177
-24
101
169
238
259
236
161
59
-68
-150
-199
-153
-73
34
82
109
111
84
36
-21
-37
-40
-48
-47
-62
-68
-88
-100
-93
-63
-34
-40
-29
-75
-116
-168
-311
-355
-315
-156
81
256
373
423
446
418
378
307
234
153
80
-5
-93
-179
-283
-375
-479
-513
-471
-390
-312
-236
-150
-126
-99
-90
-73
-111
-211
-312
-291
-133
96
254
353
405
361
308
214
183
182
198
189
158
76
11
-45
-103
-149
-177
-203
-210
-217
-197
-177
-155
-143
-124
-84
-52
-39
-101
-210
-368
-412
-357
-125
135
323
411
458
456
423
388
353
312
278
213
175
127
74
18
-49
-114
-141
-171
-196
-226
-239
-252
-247
-224
-232
-277
-210
-146
51
192
315
380
367
330
270
242
204
156
104
71
82
70
24
-15
-75
-129
-150
-146
-137
-124
-126
-155
-212
-290
-242
-145
31
192
296
353
342
290
194
97
11
-43
-82
-80
-37
17
68
125
140
158
106
108
70
49
21
-1
-30
-84
-111
-134
-127
-165
-187
-245
-265
-259
-205
-136
-26
51
127
174
159
162
122
112
131
146
168
160
132
51
-31
-118
-189
-209
-221
-208
-193
-144
-72
-9
-4
-9
-86
-191
-276
-298
-214
-31
118
246
359
410
457
438
380
340
328
304
304
249
188
120
98
53
9
-50
-113
-185
-246
-255
-266
-207
-168
-131
-109
-121
-128
-185
-280
-283
-239
-53
136
278
366
351
322
241
223
192
171
137
114
64
46
16
-12
-29
-41
-48
-58
-101
-126
-141
-132
-143
-141
-150
-124
-105
-99
-185
-292
-292
-165
22
171
270
297
322
314
313
284
238
198
154
106
40
-56
-135
-164
-165
-170
-214
-275
-312
-312
-283
-208
-149
-121
-146
-214
-191
-133
4
152
254
325
352
334
282
244
233
240
266
242
195
146
85
55
38
3
-30
-51
-65
-51
-53
-95
-133
-172
-197
-221
-258
-303
-350
-389
-306
-184
15
173
282
295
291
240
198
162
126
149
189
273
324
315
284
219
141
80
26
-19
-82
-185
-253
-311
-317
-326
-375
-442
-381
-253
-12
168
268
321
338
357
330
287
242
212
217
218
220
199
167
108
68
7
-20
-73
-116
-158
-215
-222
-239
-218
-178
-186
-209
-308
-318
-271
-151
21
125
223
232
205
137
74
55
21
28
32
62
106
148
168
171
109
54
-32
-79
-103
-87
-81
-102
-154
-217
-338
-333
-344
-205
-80
43
158
234
261
261
224
186
175
168
163
166
197
201
175
154
109
96
72
58
13
-48
-130
-210
-287
-346
-433
-516
-564
-490
-362
-209
-110
0
97
172
169
145
76
62
32
-18
-66
-95
-105
-61
-3
18
55
42
32
23
-18
-19
-44
-72
-63
-102
-80
-110
-118
-132
-129
-161
-253
-317
-312
-164
4
119
172
157
165
198
285
370
420
449
436
403
380
307
228
123
-8
-103
-196
-251
-286
-279
-282
-269
-254
-245
-236
-200
-183
-225
-286
-379
-463
-366
-219
27
190
288
343
340
325
353
393
470
514
503
443
364
249
158
26
-67
-170
-217
-225
-167
-119
-71
-74
-66
-88
-123
-188
-286
-383
-448
-413
-285
-48
177
373
461
490
464
395
306
230
186
136
91
13
-66
-83
-63
-17
34
-8
-67
-137
-222
-232
-253
-223
-190
-175
-156
-168
-208
-292
-307
-219
-58
155
288
382
422
379
283
198
64
-21
-74
2
105
234
300
268
221
104
-5
-125
-201
-245
-285
-323
-328
-322
-283
-228
-183
-167
-195
-291
-287
-249
-118
35
168
275
367
375
361
310
207
134
68
55
75
75
74
56
-15
-73
-156
-238
-271
-256
-265
-266
-272
-330
-362
-396
-387
-299
-138
37
255
420
505
528
469
410
345
288
220
184
139
107
60
46
36
13
3
-47
-84
-138
-128
-136
-145
-171
-191
-192
-192
-224
-331
-377
-378
-270
-111
25
130
180
133
95
62
80
166
252
298
334
309
305
266
201
112
-37
-152
-226
-231
-178
-143
-114
-133
-162
-194
-181
-189
-209
-232
-290
-317
-305
-215
-75
124
309
399
460
430
377
327
291
263
287
265
214
143
63
-10
-91
-160
-196
-216
-214
-231
-247
-238
-238
-236
-216
-193
-155
-177
-201
-197
-123
42
166
286
376
387
373
338
308
269
205
137
87
24
15
-21
-60
-100
-137
-138
-111
-46
-18
27
24
3
5
-4
-11
-29
-48
-79
-130
-208
-305
-295
-250
-103
29
175
310
367
368
325
320
370
423
512
525
525
422
322
191
89
-13
-102
-163
-198
-199
-171
-140
-147
-138
-151
-205
-311
-449
-477
-453
-263
-85
101
254
336
385
370
363
361
372
384
365
315
230
108
-17
-143
-245
-318
-388
-428
-439
-435
-400
-402
-379
-333
-221
-95
30
72
58
-5
15
52
137
220
277
353
388
351
282
186
113
70
62
75
81
65
46
32
1
-56
-118
-109
-114
-79
-40
-35
-43
-75
-138
-235
-363
-485
-604
-582
-500
-328
-143
-14
84
103
105
123
191
256
313
357
418
468
455
402
301
198
84
-37
-129
-156
-185
-216
-220
-298
-313
-336
-277
-181
-148
-127
-129
-124
-163
-230
-340
-342
-304
-156
20
202
351
439
446
382
271
152
33
-52
-147
-239
-312
-323
-287
-156
-40
72
145
143
110
31
-4
-32
-48
-47
-66
-56
-79
-131
-235
-351
-439
-414
-315
-130
44
205
291
320
302
270
209
163
131
121
109
78
50
-2
-31
-66
-71
-117
-186
-234
-320
-301
-300
-236
-186
-207
-191
-149
-56
70
114
94
-20
-110
-142
-95
-19
71
155
232
271
308
326
357
412
386
331
222
102
33
-63
-123
-117
-97
-30
45
62
96
78
72
16
-25
-107
-169
-303
-369
-440
-512
-463
-390
-214
-23
130
231
293
282
260
232
225
211
276
349
410
382
322
206
107
6
-85
-136
-150
-158
-160
-182
-188
-205
-226
-225
-217
-154
-93
-13
38
71
78
20
-60
-164
-175
-92
60
200
280
314
290
246
180
142
115
80
32
-21
-69
-149
-200
-212
-197
-147
-132
-76
-24
23
67
90
119
132
151
162
151
103
8
-93
-210
-302
-300
-303
-229
-160
-116
-48
24
88
167
256
330
462
540
592
543
423
262
153
71
41
14
-10
-52
-98
-164
-225
-263
-328
-346
-367
-358
-319
-288
-283
-310
-398
-379
-286
-65
147
319
420
462
433
371
294
236
206
182
127
43
-70
-170
-227
-288
-306
-319
-322
-295
-251
-202
-140
-79
7
103
231
256
240
174
140
98
33
-57
-143
-194
-233
-266
-341
-366
-320
-217
-24
141
255
340
354
356
348
369
378
401
332
243
128
48
-2
-23
-38
-55
-75
-52
-13
23
12
-30
-77
-128
-180
-245
-343
-348
-326
-201
-27
123
221
238
189
163
159
192
208
183
128
53
-33
-123
-194
-265
-324
-348
-303
-231
-133
-42
33
65
76
54
23
-23
-10
-3
1
-16
-35
-32
-12
-22
-61
-156
-182
-232
-157
-31
107
252
343
398
490
546
621
617
563
428
222
17
-134
-216
-230
-238
-232
-196
-176
-191
-222
-249
-253
-260
-308
-415
-442
-400
-213
8
196
348
506
574
591
508
381
289
235
229
229
179
122
22
-29
-83
-89
-105
-153
-206
-284
-328
-331
-305
-253
-221
-205
-234
-252
-255
-218
-203
-200
-177
-93
34
214
318
375
417
411
422
401
411
398
348
275
122
-1
-121
-207
-257
-307
-325
-319
-325
-335
-304
-248
-173
-96
-68
-44
-33
-20
-3
-12
-46
-120
-217
-319
-350
-273
-179
-48
22
103
204
273
334
362
369
387
388
346
276
166
74
-39
-90
-149
-168
-197
-205
-186
-159
-124
-89
-66
-57
-85
-110
-144
-145
-147
-128
-118
-101
-130
-113
-139
-185
-266
-413
-445
-430
-257
-3
193
368
405
383
317
282
279
410
520
552
489
303
123
-6
-104
-152
-175
-220
-256
-259
-232
-217
-211
-227
-229
-218
-201
-151
-103
-41
-19
-54
-116
-164
-195
-152
-26
121
272
360
359
343
272
246
234
213
161
20
-115
-212
-206
-185
-93
-12
46
110
123
164
133
91
42
-12
-59
-78
-117
-143
-204
-233
-189
-117
45
181
288
317
297
234
131
48
-21
-26
-12
20
23
-2
-34
-63
-102
-144
-182
-216
-227
-206
-145
-56
63
142
156
136
102
87
53
-8
-55
-94
-113
-109
-121
-130
-176
-207
-262
-304
-267
-198
-8
129
278
387
470
550
620
654
639
570
488
355
234
106
-40
-146
-217
-232
-245
-258
-267
-296
-280
-264
-247
-223
-197
-167
-142
-138
-181
-202
-212
-139
26
157
308
401
457
466
468
430
400
350
262
188
96
-9
-124
-207
-232
-246
-250
-261
-262
-245
-268
-239
-220
-189
-168
-156
-99
-48
-13
-11
-58
-96
-161
-255
-264
-220
-70
85
200
283
294
272
241
195
152
102
47
29
72
144
204
173
129
58
-24
-109
-188
-179
-134
-68
-11
-11
-2
-1
6
25
32
35
6
-27
-60
-51
-49
-30
-32
-50
-117
-205
-337
-389
-344
-197
-32
118
248
322
334
310
283
271
273
262
234
181
115
55
32
47
68
44
-18
-73
-167
-298
-362
-373
-296
-221
-167
-85
9
85
94
54
-13
-105
-178
-162
-59
68
199
279
322
343
308
293
239
180
93
24
-51
-90
-108
-95
-73
-72
-58
-61
-63
-48
-45
-59
-96
-202
-248
-264
-133
30
185
316
383
400
365
306
196
105
75
73
53
29
60
111
165
116
24
-73
-167
-200
-246
-252
-247
-216
-179
-153
-153
-156
-123
-116
-95
-113
-157
-202
-226
-205
-152
-95
-49
-44
-113
-265
-447
-521
-427
-162
116
334
479
563
639
681
665
565
443
262
95
-45
-153
-153
-132
-104
-68
-100
-136
-189
-252
-295
-319
-362
-384
-347
-264
-92
60
250
361
408
371
283
154
69
17
-21
-17
-23
-44
-92
-139
-135
-119
-93
-80
-83
-92
-110
-118
-131
-117
-91
-59
-38
-20
-7
5
24
57
129
170
221
236
208
153
7
-134
-233
-329
-308
-276
-140
18
147
247
320
388
499
579
640
675
595
475
300
118
-33
-106
-161
-190
-199
-195
-192
-178
-170
-154
-125
-100
-53
-21
-7
-29
-82
-125
-142
-127
-123
-152
-231
-272
-272
-155
6
-221
