50
48
45
41
47
51
53
40
37
25
13
-5
-11
-23
-22
-34
-49
-68
-78
-81
-94
-103
-110
-115
-112
-115
-114
-116
-106
-99
-87
-75
-67
-64
-65
-63
-54
-50
-34
-11
15
38
64
74
76
65
39
10
-34
-51
-66
-65
-66
-74
-84
-96
-98
-85
-81
-74
-64
-58
-46
-38
-40
-45
-56
-61
-58
-52
-42
-33
-21
-6
3
10
6
12
18
13
10
-2
-20
-18
-29
-37
-44
-52
-53
-64
-74
-79
-92
-105
-114
-121
-112
-113
-120
-134
-143
-119
-98
-74
-59
-50
-48
-47
-55
-69
-72
-78
-78
-84
-92
-91
-77
-54
-32
-9
5
33
57
98
126
152
157
148
120
91
46
-4
-43
-61
-63
-64
-55
-61
-58
-57
-44
-32
-17
-7
-7
-17
-22
-23
-10
-5
11
32
46
58
55
52
43
48
43
33
17
5
5
0
1
2
-1
1
5
18
17
21
26
29
32
40
45
50
52
61
58
56
44
34
27
21
24
18
19
14
-1
-21
-46
-45
-31
-2
42
76
84
48
-1
-34
-20
4
19
8
-4
-22
-33
-50
-50
-41
-18
14
41
61
67
68
60
51
52
58
76
94
104
111
116
121
127
135
148
172
189
189
174
143
106
71
53
38
38
35
46
48
47
49
44
58
73
73
61
49
38
37
26
17
11
5
-1
-2
-13
-20
-17
-2
12
23
26
16
6
-6
-15
-30
-44
-55
-73
-81
-92
-104
-116
-119
-124
-128
-129
-121
-117
-114
-107
-102
-92
-71
-50
-33
-11
7
34
54
65
68
59
45
25
-3
-35
-60
-76
-89
-98
-105
-105
-106
-105
-101
-98
-96
-88
-75
-62
-46
-30
-16
2
32
65
106
130
146
153
153
161
155
143
127
111
93
71
53
42
35
33
33
32
34
42
43
42
34
27
19
11
14
16
27
34
44
46
54
55
70
78
82
78
64
61
58
54
45
31
33
53
94
96
58
-4
-46
-56
-67
-87
-116
-145
-165
-179
-192
-194
-181
-152
-125
-93
-69
-41
-20
-14
-7
-5
0
3
-4
-18
-43
-88
-125
-166
-166
-151
-122
-101
-78
-73
-63
-53
-41
-36
-31
-35
-28
-25
-10
-14
-20
-24
-34
-50
-68
-80
-81
-75
-68
-61
-43
-26
-9
1
8
24
39
43
48
57
73
85
91
97
98
91
94
94
105
117
126
118
110
95
91
82
82
79
73
70
64
52
39
34
25
24
15
17
5
-2
-13
-20
-26
-26
-26
-28
-30
-30
-43
-51
-67
-67
-62
-56
-42
-32
-23
-20
-23
-37
-49
-56
-58
-57
-59
-58
-61
-64
-59
-57
-62
-56
-56
-62
-72
-80
-80
-77
-65
-63
-59
-63
-64
-72
-76
-71
-70
-68
-63
-56
-56
-60
-58
-60
-53
-37
-26
-21
-19
-17
-14
-22
-22
-20
-17
-17
-17
-12
-6
2
4
-4
-2
1
12
23
32
27
16
8
3
6
12
17
35
50
66
72
69
59
42
22
-1
-1
2
3
10
9
11
10
12
18
24
21
31
31
43
40
36
29
25
25
26
31
30
24
26
27
35
36
41
44
48
55
61
71
67
57
53
53
54
52
51
41
26
13
3
-6
-6
-8
-3
-3
4
7
7
11
23
34
40
52
65
73
79
75
72
60
58
53
45
36
33
28
21
21
14
15
7
5
5
9
12
20
25
35
42
44
41
32
25
19
13
6
-3
-17
-26
-39
-54
-66
-82
-103
-122
-125
-123
-117
-105
-100
-89
-87
-75
-66
-43
-7
25
56
83
111
133
149
168
187
211
232
249
250
242
221
202
167
139
108
77
52
20
-8
-32
-60
-70
-84
-88
-96
-102
-106
-110
-112
-116
-107
-98
-87
-80
-75
-68
-74
-80
-75
-56
-39
-21
-27
-30
-28
-17
5
15
20
19
21
14
26
38
45
48
54
52
53
50
42
40
46
48
45
34
29
25
22
19
10
-1
-7
4
20
32
57
81
107
119
114
98
73
52
24
-9
-32
-52
-60
-72
-75
-73
-67
-61
-73
-86
-96
-93
-84
-81
-88
-104
-110
-118
-118
-120
-129
-126
-125
-118
-113
-102
-94
-77
-60
-54
-46
-48
-38
-34
-34
-35
-29
-29
-27
-24
-16
-5
7
12
22
29
29
37
46
59
74
82
85
97
94
88
86
78
82
84
85
84
75
77
66
64
53
51
47
38
44
34
31
26
22
16
7
2
-8
-21
-32
-32
-27
-17
3
11
11
19
37
69
95
110
123
134
158
185
205
219
223
216
199
176
144
108
77
52
27
2
-19
-25
-40
-35
-27
-16
-12
-6
-3
-4
-7
-4
-15
-12
-15
-7
-5
-4
-8
-8
-5
1
-4
-16
-23
-33
-45
-49
-47
-43
-57
-77
-100
-115
-125
-135
-147
-160
-157
-156
-152
-148
-133
-122
-110
-99
-94
-89
-81
-69
-52
-45
-43
-40
-45
-46
-53
-61
-69
-83
-96
-105
-117
-123
-132
-138
-133
-122
-108
-78
-47
-5
42
75
88
79
71
76
89
90
93
78
67
51
38
27
11
5
-4
-20
-35
-46
-59
-72
-78
-85
-87
-77
-70
-73
-78
-80
-73
-66
-62
-60
-63
-64
-55
-52
-49
-44
-37
-26
-11
-18
-26
-39
-38
-27
-13
-1
12
30
39
56
68
75
86
94
103
116
124
137
135
128
111
90
76
61
68
60
58
53
56
52
52
42
36
28
21
8
-5
-14
-28
-40
-46
-49
-47
-41
-34
-37
-31
-26
-20
-36
-55
-69
-70
-66
-62
-52
-40
-24
-14
-5
0
4
7
5
-6
-15
-17
-15
-10
-13
-23
-27
-28
-22
-22
-12
-17
-17
-20
-24
-27
-20
-9
-3
-3
1
5
13
19
26
27
26
26
33
32
32
25
25
29
29
32
28
14
19
14
14
14
24
32
43
44
40
39
41
49
45
44
43
35
33
38
47
53
53
40
30
30
39
49
42
47
46
48
47
49
46
40
40
40
40
42
39
39
23
3
-21
-34
-37
-35
-45
-67
-85
-88
-88
-84
-77
-68
-67
-54
-51
-45
-42
-46
-49
-57
-55
-58
-61
-69
-70
-59
-56
-44
-33
-22
-6
7
21
18
11
-6
-15
-34
-42
-43
-35
-30
-30
-36
-38
-28
-17
-13
-6
2
1
1
-8
-20
-35
-37
-22
-11
1
-3
-6
-3
18
28
41
53
67
78
90
106
122
125
124
103
72
30
10
27
50
96
106
107
93
76
46
14
2
-2
2
8
6
15
16
24
46
56
64
82
91
95
90
85
83
91
106
112
109
104
97
96
98
102
108
107
103
92
84
79
81
82
80
77
67
60
52
52
51
45
38
34
30
31
32
37
36
43
44
44
43
50
52
48
38
36
22
23
31
39
44
47
48
42
35
26
12
0
-15
-34
-44
-47
-37
-24
-13
5
8
11
5
3
-2
-7
-4
4
14
34
44
51
51
60
59
59
58
60
63
73
79
81
77
75
72
60
45
35
25
26
21
20
15
15
11
10
15
24
39
51
50
43
23
1
-25
-56
-89
-109
-125
-133
-151
-163
-171
-172
-161
-142
-119
-90
-71
-56
-40
-22
-2
13
22
26
24
20
18
12
-3
-26
-58
-88
-99
-99
-86
-82
-72
-67
-66
-67
-63
-60
-66
-76
-88
-109
-119
-137
-145
-148
-145
-140
-149
-156
-160
-149
-142
-145
-159
-169
-177
-171
-159
-148
-133
-120
-115
-110
-102
-87
-73
-63
-59
-56
-51
-47
-49
-55
-54
-54
-60
-76
-79
-76
-66
-51
-41
-35
-34
-36
-28
-33
-30
-36
-43
-51
-54
-58
-52
-34
-17
-10
-16
-28
-38
-50
-61
-65
-65
-49
-24
-10
5
13
22
24
18
15
12
9
13
14
13
14
19
25
36
46
61
65
70
69
65
56
55
45
32
22
7
-6
-14
-19
-32
-34
-38
-26
-11
1
12
23
32
43
59
70
85
97
101
104
108
114
114
111
101
89
84
75
70
57
42
30
12
-3
-12
-19
-18
-16
-7
-1
6
12
29
29
43
46
50
41
35
31
44
70
100
110
92
60
33
11
5
0
-3
-3
2
11
24
29
34
34
29
17
2
-12
-12
-6
4
8
22
26
34
38
47
35
-3
-36
-58
-39
-16
10
22
41
57
52
53
42
38
37
46
64
85
107
127
147
154
160
164
159
162
167
171
164
161
153
146
134
122
110
101
90
74
59
44
37
27
19
22
19
10
-3
2
8
23
26
29
28
32
43
51
59
79
93
96
97
97
98
101
102
110
113
118
128
122
114
99
83
67
48
25
-2
-19
-24
-12
-12
-5
-20
-44
-61
-83
-83
-88
-77
-58
-47
-33
-31
-38
-58
-81
-101
-118
-132
-139
-143
-144
-145
-148
-153
-154
-142
-128
-105
-86
-64
-47
-32
-15
-3
10
29
45
56
63
66
63
59
43
29
5
-9
-24
-37
-54
-72
-82
-94
-101
-106
-120
-117
-125
-122
-129
-128
-126
-122
-118
-111
-102
-104
-107
-114
-107
-93
-70
-50
-42
-29
-11
2
11
26
26
20
11
4
-2
-9
-6
-11
-21
-24
-29
-29
-34
-36
-42
-46
-36
-28
-3
2
8
5
5
14
23
27
36
40
36
33
20
7
-15
-37
-61
-80
-100
-107
-114
-119
-112
-106
-100
-85
-77
-68
-68
-64
-59
-64
-77
-93
-91
-95
-78
-67
-54
-46
-37
-33
-43
-36
-24
4
32
58
77
82
74
55
45
44
59
69
68
66
62
66
66
72
78
76
78
67
67
52
41
30
27
37
36
26
23
22
9
-1
-17
-29
-45
-63
-74
-82
-88
-88
-87
-97
-102
-105
-101
-93
-81
-71
-59
-31
-5
11
20
25
33
25
7
-13
-25
-18
-5
8
18
23
37
40
45
56
67
76
89
96
101
97
99
109
110
121
123
127
130
137
144
145
152
168
183
194
193
177
163
149
142
120
81
45
27
24
16
0
-39
-73
-92
-92
-86
-101
-112
-122
-106
-93
-97
-105
-112
-109
-104
-84
-72
-65
-65
-63
-64
-48
-19
12
42
63
89
111
121
128
134
138
144
149
152
149
149
152
147
143
135
127
122
123
123
110
105
105
99
102
95
85
64
42
33
29
29
27
21
13
3
-13
-38
-51
-88
-131
-183
-224
-226
-222
-209
-195
-170
-148
-122
-96
-77
-67
-65
-70
-72
-69
-60
-47
-37
-26
-18
-21
-21
-26
-27
-29
-29
-30
-30
-27
-14
1
18
36
36
32
26
34
58
86
114
137
155
163
156
136
124
122
121
106
83
68
49
31
23
4
-9
-14
-14
-13
-10
-7
-6
3
-1
-1
-9
-1
-2
-14
-37
-69
-93
-108
-125
-142
-147
-150
-136
-129
-132
-134
-138
-144
-151
-155
-159
-172
-192
-197
-188
-176
-163
-157
-146
-123
-104
-85
-64
-42
-19
-14
-2
0
2
6
9
17
22
32
35
35
27
15
-1
-19
-31
-35
-35
-30
-18
-12
-3
11
24
30
34
34
43
48
54
58
65
67
65
51
41
30
25
24
21
26
22
12
0
-13
-25
-33
-39
-51
-56
-50
-34
-36
-43
-55
-52
-45
-44
-68
-89
-101
-89
-74
-56
-52
-78
-130
-158
-153
-120
-85
-57
-49
-43
-41
-38
-31
-9
6
33
58
80
99
107
113
123
127
127
131
130
130
132
140
144
142
136
126
114
101
101
87
72
54
39
29
23
18
23
29
44
60
59
53
35
15
-7
-35
-70
-105
-122
-138
-137
-143
-139
-135
-143
-147
-141
-136
-130
-119
-115
-109
-101
-95
-89
-85
-70
-51
-35
-15
-4
5
6
12
9
13
16
19
9
1
-14
-19
-30
-38
-40
-42
-34
-26
-22
-23
-24
-25
-22
-21
-18
-21
-27
-20
-21
-22
-21
-15
-2
11
27
41
60
73
84
79
80
78
70
66
63
72
76
71
69
63
58
50
42
37
34
36
33
27
21
16
6
8
2
3
3
14
18
21
21
21
25
27
25
15
-9
-20
-29
-42
-58
-71
-74
-69
-68
-61
-54
-41
-21
-9
-7
1
9
22
32
36
33
23
17
14
2
0
-1
-12
-17
-22
-24
-27
-32
-31
-33
-32
-24
-7
0
1
4
8
16
24
33
36
38
42
46
51
52
41
29
13
13
15
10
4
2
-10
-16
-21
-37
-34
-35
-28
-36
-40
-40
-38
-31
-33
-23
-17
-1
11
11
1
-2
-8
-13
-18
-20
-26
-20
-6
1
5
6
9
10
8
10
6
9
12
9
3
-7
0
11
29
45
55
69
77
87
88
84
80
72
67
60
56
34
27
27
26
23
14
21
15
14
12
18
22
26
31
34
40
45
55
58
59
57
63
66
76
56
52
46
45
48
39
43
42
35
30
24
19
16
21
24
27
28
29
31
30
19
17
11
3
-10
-16
-4
5
10
2
-3
-4
-15
-33
-44
-55
-51
-61
-73
-88
-78
-72
-59
-51
-36
-32
-31
-36
-23
-5
8
23
28
33
33
39
34
26
12
-1
-17
-36
-47
-57
-66
-72
-75
-79
-82
-82
-74
-65
-53
-48
-42
-30
-19
-11
-11
-7
-7
-3
-2
8
12
16
17
23
22
29
37
47
58
61
62
65
70
69
54
42
28
10
-7
-14
-29
-34
-42
-44
-45
-36
-27
-11
-2
4
14
17
24
36
46
42
43
31
28
21
23
16
6
-10
-20
-33
-44
-46
-33
-2
21
38
33
31
28
29
29
27
27
39
41
41
22
9
-1
-12
-18
-32
-38
-43
-47
-44
-44
-54
-60
-55
-52
-58
-61
-59
-49
-41
-27
-20
-13
-11
-15
-18
-14
-8
-1
0
-13
-24
-32
-32
-32
-24
-20
-7
13
15
12
15
22
23
27
17
11
11
10
13
15
18
21
20
24
30
35
29
25
29
18
2
0
-3
-4
-3
-5
-9
-1
1
9
15
30
38
42
38
27
23
28
30
34
26
18
16
14
17
31
26
24
13
9
6
4
5
3
8
11
16
14
10
16
11
6
-1
2
9
22
31
38
41
48
46
36
24
11
2
-5
-7
-4
0
8
20
31
34
41
34
35
19
17
14
17
21
15
1
4
9
23
19
10
5
5
10
9
8
7
11
2
-5
-3
1
3
-7
-18
-22
-32
-37
-31
-28
-21
-18
-18
-14
-11
-6
-7
3
19
32
43
51
53
47
31
19
3
-1
-8
-2
4
2
4
-5
-19
-27
-40
-44
-40
-39
-37
-33
-24
-9
-5
12
33
51
56
54
50
43
47
47
48
50
54
48
45
37
23
16
11
6
-1
-15
-28
-42
-57
-71
-91
-110
-119
-111
-91
-65
-40
-16
-3
0
5
1
-4
-7
-5
-4
-6
-7
-6
-10
-12
-2
-5
-5
0
-4
-9
-20
-21
-20
-7
5
9
11
18
26
27
29
30
35
30
24
22
14
2
-1
-13
-26
-38
-45
-45
-42
-33
-32
-27
-19
-22
-22
-23
-15
-10
2
9
12
11
-1
-16
-28
-34
-23
-12
-10
-23
-29
-22
-18
-6
2
6
13
21
27
31
28
36
36
38
37
30
33
35
37
41
45
50
53
55
60
62
59
59
56
58
55
53
40
32
26
27
20
16
11
4
2
-10
-14
-23
-30
-26
-33
-41
-46
-50
-47
-40
-27
-19
-13
-13
-14
-18
-18
-13
-6
1
4
5
-7
-15
-25
-29
-33
-39
-50
-50
-44
-28
-15
-5
-7
-12
-18
-18
-16
-5
-4
7
19
32
44
50
34
15
0
-6
-8
-17
-13
-24
-18
-14
2
9
-1
0
-2
0
-5
-14
-14
-14
-12
-13
-19
-17
-18
-16
-10
-1
-7
-13
-15
-18
-22
-26
-11
0
15
25
32
34
35
35
36
32
44
48
62
69
75
71
66
52
37
12
-13
-32
-44
-35
-25
-18
-9
-3
4
2
10
2
2
-3
-5
-1
7
7
2
-12
-27
-26
-29
-22
-12
-4
-3
-3
-2
3
1
17
24
28
27
32
40
51
62
60
44
37
37
48
55
61
61
51
47
47
51
60
74
74
65
52
36
23
18
18
18
9
-1
-6
-7
-5
1
-1
-1
-5
-10
-14
-14
-6
-4
10
27
43
61
69
82
91
94
92
88
87
96
108
108
105
106
106
107
109
106
105
92
88
80
84
92
97
94
91
87
91
77
66
47
37
14
11
1
5
2
5
-1
-7
-9
-21
-26
-32
-40
-56
-67
-69
-63
-53
-32
-10
17
33
43
46
53
56
52
40
34
36
51
55
59
61
65
65
66
56
43
33
29
28
28
30
28
21
12
7
3
0
1
-3
0
1
1
-6
-9
-5
1
7
10
13
12
19
22
19
8
-5
-17
-32
-45
-53
-57
-63
-68
-79
-98
-113
-124
-131
-129
-124
-111
-98
-78
-58
-43
-28
-20
-17
-25
-24
-23
-15
-15
-11
-16
-25
-36
-43
-61
-78
-90
-101
-100
-97
-93
-95
-100
-101
-100
-98
-90
-80
-62
-48
-33
-20
-7
19
36
41
37
26
12
-1
-11
-12
-12
-14
-21
-31
-37
-31
-19
-11
-9
-11
-9
-6
-3
-11
-20
-24
-23
-25
-26
-29
-35
-50
-57
-64
-65
-63
-53
-41
-31
-24
-20
-18
-12
-10
-15
-6
0
11
7
0
-8
-20
-40
-71
-83
-87
-68
-40
-22
-20
-35
-54
-60
-52
-28
-6
11
21
25
31
41
61
77
96
102
94
78
64
56
49
41
36
28
19
11
7
0
4
7
12
12
6
9
17
34
51
58
57
55
57
59
53
65
64
73
80
88
98
95
95
71
61
47
46
43
42
40
33
29
35
39
38
31
10
1
-12
-13
-17
-35
-51
-73
-90
-106
-113
-121
-128
-130
-125
-126
-124
-126
-122
-122
-123
-123
-125
-130
-129
-130
-129
-122
-120
-117
-113
-104
-105
-111
-115
-124
-120
-119
-104
-90
-78
-67
-57
-60
-55
-54
-49
-50
-55
-51
-49
-36
-14
10
34
47
59
63
65
62
50
42
38
43
51
58
66
69
67
75
77
75
69
61
58
48
49
57
65
73
79
75
79
77
82
82
87
95
95
96
91
87
83
83
79
67
60
58
59
59
58
61
64
65
66
62
51
41
24
4
-2
-5
-13
-27
-45
-66
-79
-82
-84
-83
-85
-86
-81
-79
-85
-81
-86
-93
-96
-92
-84
-75
-55
-42
-36
-35
-44
-56
-68
-76
-78
-75
-69
-62
-57
-53
-48
-54
-59
-64
-61
-69
-77
-93
-110
-120
-117
-109
-104
-99
-95
-91
-85
-72
-55
-40
-24
-19
-15
-9
-1
1
-5
-8
-8
0
4
32
54
78
95
100
101
82
71
40
22
-1
-11
-22
-25
-24
-16
-17
-7
0
8
13
23
27
36
50
53
45
26
5
-12
-23
-29
-27
-29
-27
-27
-24
-13
6
31
51
63
62
58
43
40
32
29
23
24
28
29
42
42
39
26
14
10
14
32
45
46
50
45
40
35
29
25
25
25
17
2
-8
-11
-14
-16
-20
-23
-32
-32
-25
-16
-6
-11
-14
-26
-29
-36
-43
-37
-26
-12
-12
-11
-9
-8
-1
6
25
39
44
35
13
2
-3
3
3
-10
-22
-25
-11
2
10
7
4
2
6
4
6
-1
-3
-6
-3
-1
0
9
4
2
-2
-5
-15
-23
-24
-23
-17
-14
-18
-17
-18
-10
-11
-11
-4
1
0
-11
-17
-18
-5
0
-5
-8
-11
-13
-12
-10
-11
-15
-26
-37
-44
-36
-22
-13
-6
-11
-9
-12
-19
-32
-37
-25
-14
4
8
8
8
8
12
17
20
25
35
47
74
91
105
115
108
101
78
80
82
103
129
142
145
151
150
137
120
88
62
44
42
43
41
42
43
51
60
64
75
87
92
94
97
97
108
117
127
143
154
154
147
135
131
121
112
103
93
81
70
55
45
31
23
15
6
-11
-22
-36
-34
-16
6
14
24
36
52
62
67
69
73
81
91
91
83
81
82
81
73
54
34
15
2
3
8
12
20
24
30
37
42
36
35
22
11
-6
-16
-26
-36
-37
-37
-46
-51
-58
-70
-83
-84
-81
-71
-56
-34
-4
31
68
103
136
164
192
215
234
245
251
245
243
233
217
192
168
135
90
42
-11
-68
-116
-150
-186
-220
-248
-266
-275
-277
-270
-258
-233
-203
-171
-146
-126
-103
-81
-55
-41
-39
-49
-66
-76
-81
-73
-50
-37
-33
-37
-42
-47
-39
-22
0
2
-6
-23
-37
-48
-60
-76
-95
-108
-121
-127
-122
-103
-95
-100
-108
-117
-110
-89
-63
-52
-53
-56
-61
-60
-62
-62
-74
-91
-106
-117
-126
-126
-123
-109
-87
-56
-30
-11
-6
-3
-5
-12
-24
-42
-59
-62
-68
-64
-72
-77
-81
-76
-62
-47
-49
-36
-28
-19
-20
-25
-22
-25
-31
-32
-41
-53
-67
-71
-80
-82
-68
-50
-33
-15
-6
-6
-3
8
23
29
29
22
18
18
17
7
-7
-25
-37
-58
-74
-90
-100
-101
-107
-108
-111
-103
-85
-69
-51
-35
-24
-20
-14
0
7
13
23
33
37
48
57
65
69
67
75
71
73
66
60
52
45
30
11
-12
-35
-51
-62
-66
-69
-76
-77
-75
-74
-79
-79
-79
-78
-75
-72
-48
-22
9
39
54
75
96
109
118
120
113
102
77
60
55
64
80
87
91
84
67
50
49
49
56
47
28
9
-7
-13
-13
-9
-2
10
30
51
69
88
91
99
104
107
102
91
88
84
72
73
59
49
35
23
13
1
2
8
10
18
29
30
32
25
18
11
7
-4
-12
-24
-27
-27
-26
-25
-29
-31
-21
5
20
36
46
51
54
56
67
70
63
38
13
-6
-12
-10
-13
-13
-16
-30
-47
-63
-63
-50
-39
-25
-19
-14
-9
-37
