-148
-155
-156
-156
-150
-147
-141
-135
-131
-124
-114
-100
-80
-51
-21
2
22
37
49
53
50
46
38
27
21
19
18
21
22
22
24
13
-1
-16
-30
-32
-46
-51
-56
-53
-47
-45
-42
-49
-59
-66
-79
-95
-105
-114
-120
-119
-111
-103
-96
-84
-68
-60
-54
-55
-53
-47
-40
-29
-25
-17
-11
-13
-17
-21
-21
-23
-15
-16
-8
-10
-13
-15
-14
-7
-1
4
14
25
41
52
65
76
79
74
60
50
44
40
34
28
22
21
20
10
18
26
42
58
75
83
81
69
55
43
40
37
39
30
26
22
14
9
13
14
19
27
49
76
111
133
139
127
106
69
36
8
2
4
5
8
7
9
14
26
29
24
23
18
18
14
13
14
16
24
27
26
27
24
21
13
18
27
33
35
29
29
20
19
26
42
58
77
89
100
109
116
121
120
122
122
117
117
114
110
105
97
89
75
62
63
57
61
71
74
71
47
39
51
85
129
155
144
83
19
-31
-26
-11
-2
-12
-15
-22
-24
-29
-28
-22
-15
5
23
37
39
37
29
24
26
26
26
30
26
18
4
-4
-5
-1
11
38
63
79
86
84
73
53
39
33
45
52
64
65
69
68
71
69
67
55
21
-10
-39
-58
-60
-56
-57
-70
-88
-98
-108
-117
-124
-124
-114
-89
-60
-39
-16
8
23
38
43
50
53
55
56
58
56
56
51
41
32
24
16
1
-11
-14
-20
-19
-20
-21
-18
-12
-2
3
8
10
3
-10
-28
-47
-65
-82
-87
-88
-82
-68
-51
-36
-19
0
14
29
42
53
54
46
41
29
21
22
25
35
39
41
46
62
75
77
67
53
45
35
29
22
17
17
16
16
18
22
31
42
53
61
64
66
71
79
84
83
78
69
55
42
37
36
38
30
24
7
1
-3
-9
-24
-38
-32
-7
49
61
30
-36
-81
-89
-88
-93
-114
-134
-152
-165
-168
-162
-136
-103
-68
-44
-20
-2
6
14
22
30
39
52
60
62
55
20
-9
-36
-24
8
35
57
73
82
97
112
117
114
99
83
69
69
80
93
103
109
111
107
102
97
91
82
76
75
71
73
75
76
78
79
78
77
79
85
87
84
86
84
75
71
70
66
61
55
50
41
38
38
36
38
40
49
42
40
35
31
36
40
38
25
11
-3
-15
-29
-37
-49
-62
-67
-74
-79
-82
-85
-90
-93
-101
-106
-108
-107
-89
-74
-58
-45
-41
-46
-51
-55
-60
-66
-73
-69
-66
-58
-49
-48
-47
-38
-31
-30
-31
-33
-36
-34
-34
-30
-33
-33
-31
-32
-37
-37
-39
-39
-39
-38
-34
-27
-23
-14
-10
-3
2
5
7
3
-4
-16
-26
-25
-29
-34
-32
-32
-27
-24
-17
-14
-16
-10
-8
-10
-11
-16
-30
-36
-47
-52
-53
-44
-30
-11
12
24
24
8
-5
-17
-26
-30
-25
-25
-16
-11
-6
-1
-4
-2
-8
-9
-6
-3
0
-1
1
2
2
19
32
41
42
41
36
27
20
16
13
13
9
5
0
3
7
8
12
15
11
8
4
-1
-9
-16
-19
-24
-22
-19
-13
-7
1
10
15
20
28
33
40
45
50
53
55
60
59
52
46
41
38
29
25
19
17
20
20
15
3
-6
-15
-21
-19
-12
-7
-6
-11
-21
-32
-40
-47
-55
-60
-63
-64
-63
-54
-46
-39
-31
-32
-37
-50
-53
-50
-40
-27
-17
-7
1
10
15
16
18
15
11
5
6
5
3
4
5
1
-1
3
-1
3
3
1
12
18
27
32
39
52
56
55
56
54
60
60
59
53
43
39
35
30
30
30
36
33
32
32
30
31
36
41
37
41
38
40
33
35
45
54
68
74
79
83
84
77
74
74
81
88
96
105
104
98
98
98
102
101
101
94
87
76
66
50
37
37
42
58
74
89
96
99
104
110
115
123
122
113
100
86
77
63
52
42
33
27
17
0
-21
-34
-39
-47
-58
-67
-81
-94
-99
-100
-99
-96
-88
-80
-71
-64
-67
-67
-70
-71
-73
-81
-87
-93
-102
-107
-110
-114
-122
-127
-123
-118
-103
-88
-68
-50
-32
-20
-4
16
39
59
70
73
69
58
47
38
29
22
23
21
19
16
17
13
9
10
7
8
7
8
-1
-3
-6
-3
0
7
11
18
19
26
34
45
59
66
57
47
46
51
55
49
37
24
21
22
11
9
7
6
1
-1
0
2
9
17
20
21
20
27
23
27
23
21
15
11
5
0
-3
-2
-2
2
10
19
22
29
35
35
38
41
44
39
34
29
27
26
25
30
33
42
53
53
51
45
39
38
44
52
55
64
72
81
84
82
81
79
75
77
74
70
66
55
44
33
28
14
6
-6
-16
-30
-46
-57
-73
-85
-92
-93
-92
-84
-79
-79
-80
-80
-63
-43
-30
-18
-14
-9
-1
11
21
36
48
48
46
51
51
59
66
72
68
60
53
51
46
50
53
52
47
38
30
28
32
35
36
37
43
48
58
58
55
49
48
52
54
51
52
52
42
37
41
52
65
77
86
90
90
90
85
82
78
74
67
60
64
54
58
60
63
64
61
58
54
64
71
74
69
67
58
42
25
16
8
-1
-5
-12
-19
-28
-23
-21
-19
-19
-27
-35
-36
-32
-28
-24
-6
9
26
42
46
56
62
69
74
66
58
42
26
10
2
2
5
9
12
10
2
-9
-9
-6
-1
9
18
21
31
41
44
44
41
40
34
27
21
12
0
-6
-6
-9
-13
-18
-27
-35
-36
-37
-40
-44
-50
-59
-65
-68
-71
-69
-69
-67
-68
-64
-61
-59
-57
-53
-48
-44
-40
-39
-42
-45
-49
-53
-59
-53
-52
-46
-43
-35
-32
-34
-31
-30
-18
-7
1
10
13
13
8
6
-3
-6
-12
-21
-24
-24
-20
-15
-7
-4
-9
-12
-12
-12
-8
-1
-1
10
17
24
19
16
15
16
17
19
11
13
17
30
39
50
65
76
83
84
82
72
64
61
59
56
50
38
20
1
-8
-11
-10
-3
-3
0
-7
-9
-16
-18
-17
-11
-3
0
4
7
12
25
40
50
54
58
61
59
64
69
66
66
58
50
31
21
51
79
125
140
143
142
133
115
93
70
59
54
57
60
64
72
80
90
98
108
117
128
135
141
139
135
131
137
142
144
143
137
122
111
99
85
74
68
65
62
58
50
41
32
24
15
1
-11
-18
-25
-28
-30
-31
-30
-25
-16
-11
-9
2
17
31
45
50
59
60
63
62
51
46
40
27
21
16
12
12
8
4
-1
-4
-7
-16
-21
-21
-24
-27
-27
-23
-25
-33
-40
-45
-52
-56
-58
-61
-61
-55
-51
-56
-61
-64
-63
-59
-49
-40
-29
-16
-1
17
26
31
36
43
47
55
58
61
61
54
45
38
31
19
1
-15
-30
-44
-58
-69
-89
-104
-110
-111
-105
-96
-86
-86
-94
-107
-120
-131
-132
-130
-126
-131
-139
-149
-164
-168
-166
-159
-148
-134
-123
-114
-108
-105
-105
-104
-98
-92
-77
-59
-38
-27
-22
-17
-14
-12
-2
-2
-1
-6
-17
-28
-38
-44
-45
-38
-41
-38
-40
-48
-55
-53
-58
-55
-54
-50
-43
-34
-26
-19
-11
-3
8
22
38
54
67
87
107
122
132
135
137
135
129
116
94
75
60
46
36
30
25
16
10
11
11
10
12
14
13
11
11
13
18
31
42
57
65
66
58
52
51
51
52
53
66
79
96
106
114
117
116
118
113
108
100
93
80
69
62
49
35
14
-2
-20
-31
-37
-43
-46
-45
-44
-40
-38
-39
-36
-32
-25
-20
-18
-13
-12
-12
-7
2
20
32
41
50
54
61
70
73
73
67
50
34
22
20
15
7
5
1
0
-4
-10
-21
-32
-37
-38
-34
-24
-17
-13
-1
19
44
62
82
91
95
97
98
106
123
140
150
140
115
81
47
21
4
1
-6
-9
-13
-16
-18
-13
-8
-4
-12
-16
-20
-22
-13
-3
9
24
41
56
60
61
61
51
7
-15
-42
-20
1
15
9
7
1
-3
-5
-10
-14
-20
-11
10
27
42
64
82
94
103
111
116
125
128
128
124
120
115
112
109
111
118
122
125
124
113
107
100
97
96
100
105
105
108
110
111
106
106
105
105
96
95
88
78
76
71
66
54
41
23
1
-21
-37
-49
-52
-48
-44
-43
-35
-35
-35
-26
-11
-3
-1
-1
-1
-15
-27
-45
-60
-67
-67
-64
-58
-52
-50
-54
-55
-53
-51
-48
-52
-51
-56
-63
-73
-83
-97
-103
-99
-96
-89
-82
-76
-70
-64
-56
-52
-54
-54
-61
-72
-77
-78
-73
-66
-53
-38
-14
12
34
45
50
50
55
58
65
70
67
62
57
50
47
42
40
36
31
25
17
9
-6
-8
-30
-44
-51
-62
-58
-56
-52
-46
-37
-28
-22
-22
-20
-20
-19
-13
-7
-6
-4
2
6
9
15
21
18
11
5
-1
-10
-13
-4
12
17
21
11
7
9
17
29
39
48
51
53
54
53
38
14
-2
-18
-38
-40
-36
-18
1
16
24
30
38
46
44
39
29
17
4
-10
-23
-29
-32
-30
-28
-17
-7
1
-10
-10
-11
2
20
38
44
39
28
19
23
43
61
74
76
81
88
96
99
101
98
91
84
73
58
39
27
21
17
17
19
13
9
11
7
1
-9
-18
-29
-33
-37
-38
-37
-38
-36
-35
-28
-16
-18
-17
-18
-22
-17
2
22
37
47
57
69
74
66
46
29
21
23
22
5
-1
-11
-18
-23
-26
-27
-27
-22
-11
2
17
31
39
39
47
58
73
82
96
103
115
129
146
164
185
199
201
194
182
170
146
97
61
33
32
24
11
-22
-66
-96
-102
-89
-88
-94
-106
-98
-82
-72
-72
-67
-61
-55
-51
-47
-46
-41
-40
-40
-33
-17
6
22
35
44
55
62
69
73
71
76
77
86
87
82
79
65
53
42
31
20
17
23
31
34
37
36
35
44
46
37
27
19
11
4
-11
-18
-18
-9
-1
4
10
-6
-27
-62
-83
-74
-56
-38
-20
-3
12
26
48
67
77
80
67
49
44
47
52
53
47
42
35
26
15
0
-6
-9
-10
-13
-12
-9
-4
5
16
29
39
43
40
32
35
42
51
49
43
31
25
9
5
5
4
7
3
-5
-13
-14
-21
-30
-39
-52
-63
-77
-87
-95
-92
-85
-78
-71
-60
-43
-35
-28
-16
-10
0
13
22
29
31
31
35
36
43
48
41
29
20
16
8
-8
-16
-22
-18
-15
-18
-21
-14
-7
-2
0
3
7
10
15
19
21
24
30
38
41
53
60
62
60
51
35
12
-9
-29
-50
-66
-77
-83
-86
-85
-85
-82
-77
-68
-68
-63
-54
-39
-29
-23
-12
-4
2
6
8
2
-1
1
-5
-3
-8
-14
-11
-7
-1
-1
-9
-7
-2
-10
-11
-19
-16
-8
-12
-22
-37
-38
-23
-2
13
14
-18
-73
-96
-84
-54
-24
-4
6
7
13
17
25
39
52
62
72
76
79
78
78
72
66
61
61
53
42
33
26
19
16
15
11
4
-1
0
2
9
20
37
52
68
80
98
109
131
147
155
153
145
133
112
89
55
25
0
-14
-28
-38
-39
-40
-42
-45
-42
-40
-37
-31
-29
-34
-40
-43
-42
-37
-27
-22
-17
-14
-11
-13
-13
-13
-10
-12
-7
-4
-4
-8
-8
-5
8
20
35
44
55
61
56
46
33
29
26
27
28
26
22
22
15
9
3
-2
-12
-19
-23
-17
-21
-25
-29
-44
-47
-54
-58
-61
-57
-45
-27
-18
-10
-10
-12
-17
-17
-16
-17
-15
-14
-9
-4
-2
0
4
12
12
18
21
28
33
37
40
43
39
33
20
1
-15
-30
-39
-47
-39
-29
-21
-12
-6
-2
4
15
23
26
26
21
22
27
35
41
37
32
21
5
-7
-13
-13
-8
-7
-2
-6
-12
-11
-6
-2
6
14
15
12
11
10
13
15
16
12
6
7
9
4
5
5
5
5
6
9
15
18
23
14
12
9
11
17
20
34
41
48
50
54
59
68
73
75
80
90
91
87
72
55
40
39
44
51
54
58
59
60
55
51
44
37
34
35
37
37
35
30
23
22
30
39
53
65
69
66
59
48
45
51
62
63
54
44
30
16
11
-4
-8
-6
-4
3
8
11
16
8
5
-1
-5
-6
-3
-4
0
-4
2
1
3
7
7
-1
-12
-17
-26
-26
-28
-29
-29
-29
-21
-11
-1
7
11
13
22
32
45
54
58
57
40
28
10
-4
-15
-22
-19
-18
-14
-9
-10
-7
-2
0
3
9
14
18
27
32
36
35
35
36
34
37
41
52
56
60
58
47
38
36
38
35
32
30
15
10
0
-11
-21
-26
-29
-34
-26
-10
4
12
17
22
28
29
27
22
17
7
-3
-10
-12
-10
-8
-8
-4
-3
-4
-2
0
7
14
19
26
33
48
56
56
51
43
36
25
21
13
0
-16
-29
-45
-52
-54
-46
-44
-36
-25
-22
-20
-19
-10
-7
-1
-1
1
-1
4
6
13
18
18
13
12
5
1
4
11
28
42
64
74
73
60
48
42
35
35
36
42
42
44
41
33
24
15
12
8
11
12
7
-6
-14
-28
-43
-56
-58
-52
-42
-24
-9
3
12
17
11
5
8
9
12
12
14
8
16
17
22
20
20
20
17
16
15
14
13
12
15
17
20
20
18
22
29
33
45
55
62
55
37
21
7
2
-3
-3
-3
0
9
10
17
15
12
9
6
14
16
14
14
21
27
35
42
48
52
59
63
59
49
37
26
23
21
23
17
17
15
15
16
20
29
33
23
23
14
18
26
32
42
56
65
71
70
74
73
58
48
35
20
5
2
-6
-9
-4
1
4
7
6
3
-6
-6
1
7
14
10
11
9
20
30
35
42
50
58
57
58
57
54
56
65
69
74
68
70
65
57
49
39
39
40
46
43
38
34
33
30
37
44
51
61
69
71
72
64
54
42
35
33
31
23
10
2
-12
-22
-28
-28
-34
-37
-38
-36
-29
-19
-12
-9
-3
-7
-12
-11
-4
8
19
25
23
22
21
19
14
20
26
26
24
18
7
0
-5
-2
1
1
1
-6
-17
-35
-57
-80
-95
-101
-98
-92
-86
-83
-80
-77
-66
-57
-51
-51
-51
-57
-63
-64
-53
-42
-29
-17
-13
-9
-12
-22
-27
-35
-33
-32
-26
-11
-7
-9
-9
-2
5
14
16
16
16
7
6
2
-7
-7
-14
-18
-16
-13
-17
-20
-17
-15
-15
-17
-27
-41
-51
-43
-33
-10
12
31
51
57
59
57
46
47
44
43
35
21
12
8
9
13
18
22
28
21
17
14
17
17
17
21
17
19
23
24
29
27
28
28
30
39
46
49
54
51
50
48
45
44
37
32
25
16
8
4
1
-3
2
11
14
16
15
15
20
28
40
45
40
38
33
26
27
34
43
56
68
69
65
58
49
44
39
31
22
9
-6
-13
-17
-18
-14
-12
-9
-9
-11
-16
-17
-9
4
25
36
44
44
45
41
41
42
40
34
21
14
4
-6
-9
-17
-15
-9
-5
2
2
1
5
7
11
25
23
26
24
23
23
16
17
23
12
8
-1
-13
-23
-25
-26
-22
-15
-5
2
5
4
10
10
23
26
33
37
46
51
53
49
44
30
19
5
-2
-8
-1
6
8
5
6
3
-1
-6
-10
-12
-11
-2
6
11
15
16
10
1
-6
-2
4
13
12
7
-1
-9
-8
-5
9
21
32
42
45
49
55
65
70
70
64
60
58
53
51
49
42
37
29
25
24
32
24
21
16
10
-3
-12
-13
-11
-12
-11
-10
-14
-17
-15
-15
-14
-16
-20
-26
-23
-16
-5
0
14
26
41
54
75
96
116
124
127
123
122
117
115
111
110
105
113
123
135
141
147
149
152
146
141
133
125
117
106
94
70
49
15
-13
-42
-29
-21
-1
-2
-2
2
7
23
24
23
16
13
3
-10
-17
-16
-8
5
20
26
33
37
36
34
34
33
37
41
42
40
30
28
25
20
15
19
29
43
57
67
75
79
83
87
88
91
90
86
82
79
70
62
61
56
52
45
48
47
47
46
45
46
43
38
35
26
16
4
-11
-22
-30
-38
-44
-50
-64
-81
-95
-96
-95
-89
-79
-72
-66
-49
-35
-22
-15
-7
-3
-12
-11
-18
-21
-31
-33
-42
-50
-59
-74
-88
-104
-114
-132
-148
-162
-172
-182
-192
-199
-209
-223
-232
-241
-247
-246
-236
-218
-197
-164
-132
-98
-75
-55
-40
-30
-24
-21
-21
-14
-6
-1
5
9
12
8
11
14
14
13
16
31
44
48
43
29
18
5
-3
-19
-27
-36
-45
-53
-55
-54
-59
-58
-58
-53
-42
-24
-12
-3
3
14
19
21
17
7
-9
-34
-45
-45
-32
-11
-11
-28
-58
-89
-106
-98
-79
-59
-39
-22
-3
11
25
32
41
42
52
56
55
58
63
68
66
61
53
46
46
56
63
71
75
77
76
81
85
88
95
109
122
134
147
156
162
158
151
138
127
123
116
107
96
86
71
55
44
36
34
31
34
38
39
48
56
65
74
77
76
74
78
88
94
97
95
86
80
76
72
67
60
51
35
20
14
13
16
19
14
5
-9
-25
-43
-67
-85
-102
-111
-114
-114
-114
-113
-108
-100
-90
-86
-83
-81
-82
-75
-65
-57
-55
-52
-50
-39
-29
-22
-10
-3
15
24
33
44
46
43
36
29
25
20
20
18
25
29
40
45
47
50
49
48
54
66
75
83
93
107
116
125
135
146
157
166
170
164
160
157
155
153
151
141
126
112
97
82
63
50
35
17
7
0
-3
-12
-20
-32
-34
-34
-36
-39
-43
-45
-50
-55
-55
-57
-57
-46
-33
-30
-30
-26
-29
-30
-29
-31
-34
-41
-47
-50
-59
-70
-78
-90
-96
-101
-100
-103
-105
-98
-94
-84
-70
-58
-47
-41
-37
-35
-29
-18
-11
-9
-17
-29
-41
-52
-56
-60
-70
-78
-80
-76
-66
-55
-47
-40
-31
-25
-20
-17
-10
1
11
21
31
39
44
65
87
113
140
164
182
177
171
149
135
124
125
121
122
131
135
136
136
127
118
108
101
88
81
77
72
58
42
29
21
16
15
22
23
25
26
31
37
50
61
71
81
81
73
68
62
62
60
60
66
73
75
76
73
68
62
48
32
22
23
30
32
30
26
13
-7
-28
-42
-56
-55
-52
-50
-50
-45
-45
-40
-30
-10
-1
16
31
40
40
34
25
13
10
7
12
18
23
18
3
-12
-18
-17
-13
-2
14
22
27
28
25
22
17
7
-2
-6
-5
-4
0
4
10
10
14
5
0
-2
-1
2
7
6
6
4
0
0
3
10
19
27
31
38
45
47
48
43
33
20
6
0
-11
-9
-5
-3
-7
-17
-18
-20
-13
-11
-1
11
17
22
23
26
24
28
26
29
35
36
35
35
33
22
16
13
10
14
21
25
30
35
29
18
-1
-21
-40
-48
-46
-37
-33
-31
-21
-10
8
26
30
26
12
23
22
42
71
97
121
137
139
126
98
70
38
13
-7
-17
-21
-20
-13
-2
5
19
37
50
59
67
77
81
84
89
85
86
82
78
72
68
63
55
45
40
35
30
25
24
28
37
54
68
75
82
83
80
75
75
77
76
75
64
48
30
17
8
5
6
10
12
13
11
8
5
2
-5
-13
-16
-15
-10
-1
9
22
23
25
30
22
22
15
10
3
5
7
11
10
10
12
5
-5
-16
-29
-30
-26
-17
-16
-17
-22
-25
-33
-36
-45
-56
-68
-80
-92
-104
-111
-121
-125
-127
-130
-134
-141
-146
-153
-164
-168
-172
-175
-175
-173
-170
-160
-146
-131
-122
-116
-112
-111
-111
-105
-96
-83
-73
-60
-52
-49
-51
-55
-58
-58
-49
-36
-24
-6
3
5
7
6
-7
-20
-28
-26
-12
4
20
30
36
46
54
50
38
27
8
0
-7
1
18
42
63
80
86
90
85
79
77
72
70
69
73
74
76
79
81
73
60
48
39
29
22
18
12
11
15
21
27
34
37
36
36
40
45
39
25
20
16
21
19
14
6
6
8
10
10
14
16
19
21
27
29
24
20
8
-5
-7
-9
-9
-7
-1
1
3
8
13
20
34
42
56
57
63
60
61
53
49
37
24
18
21
22
31
33
32
28
34
37
48
51
46
40
32
35
32
22
5
-9
-19
-23
-25
-17
-19
-19
-29
-45
-54
-56
-52
-48
-43
-33
-27
-21
-14
-7
1
10
12
16
16
11
-2
-20
-34
-47
-57
-56
-51
-44
-34
-20
-6
7
25
42
61
77
89
96
94
85
69
63
71
84
94
90
78
58
40
29
31
36
35
32
29
23
23
23
25
25
28
34
42
58
69
68
65
59
54
42
33
30
26
31
36
40
45
56
66
73
85
97
109
116
124
130
127
117
102
82
60
43
32
27
17
17
11
9
1
4
4
7
10
12
19
30
39
46
43
39
33
28
25
22
22
27
32
31
24
7
-12
-46
-75
-95
-106
-103
-93
-81
-80
-81
-77
95
