34
31
29
19
16
12
3
-1
-5
-8
-8
-10
-13
-13
-18
-19
-24
-30
-35
-42
-34
-32
-25
-23
-20
-20
-24
-26
-28
-22
-17
-11
-12
-12
-7
-3
-8
-11
-13
-13
-15
-14
-13
-8
-5
-4
-1
3
2
4
0
-1
-3
-11
-10
-9
-10
-10
-9
-8
-10
-14
-20
-20
-22
-18
-20
-13
-10
-10
-6
-4
-1
6
5
9
8
8
1
-2
-7
-2
-5
-5
-16
-20
-18
-21
-17
-12
-9
-8
-8
-5
-5
-3
1
-1
4
9
12
5
3
-1
-1
-3
-10
-13
-14
-13
-12
-5
-8
3
-6
-8
-8
-6
-2
2
0
-1
-11
-14
-14
-5
-8
-3
2
3
6
7
6
4
1
-1
-3
-6
-7
-7
-11
-12
-17
-14
-13
-9
-12
-11
-12
-5
-1
-6
-6
-4
-5
-6
-5
-5
4
6
10
16
17
20
16
8
1
-5
-12
-8
-13
-15
-14
-12
-7
-12
-9
-12
-16
-16
-17
-22
-27
-27
-22
-19
-10
-9
-11
-18
-21
-16
-13
-13
-15
-22
-26
-26
-26
-23
-17
-17
-18
-21
-23
-17
-11
-7
0
4
5
8
3
9
7
12
8
-5
-19
-30
-38
-41
-33
-32
-27
-26
-25
-24
-23
-22
-24
-26
-23
-19
-14
-11
-10
-5
3
5
17
13
17
24
19
20
19
21
27
36
38
46
54
57
61
54
54
47
44
43
37
36
23
22
24
29
33
33
33
27
28
26
23
18
11
5
-3
-3
-2
-4
-2
0
4
0
0
-7
-12
-16
-16
-11
-10
-5
-4
2
0
4
1
8
4
5
3
1
1
-5
-9
-7
-10
-12
-9
-7
1
5
11
10
15
15
19
13
12
7
5
-5
-10
-7
-7
-2
9
10
7
5
-1
-1
2
0
0
-4
-10
-17
-20
-21
-24
-26
-32
-36
-38
-37
-36
-30
-26
-29
-27
-33
-32
-31
-29
-26
-22
-21
-20
-10
-14
-3
-5
3
11
9
7
9
14
13
20
24
30
32
33
32
31
36
38
34
27
19
10
6
5
2
3
1
-1
-3
-3
-5
-15
-11
-13
-16
-19
-22
-23
-28
-35
-40
-45
-50
-47
-36
-19
-5
-1
0
6
16
18
27
34
38
42
41
37
31
38
43
53
60
63
65
61
60
51
43
35
19
17
14
26
29
31
25
26
23
23
26
20
26
23
25
23
20
22
17
19
20
17
17
10
11
12
16
21
27
26
17
7
0
-4
-3
0
-2
1
-4
-8
-13
-23
-32
-42
-57
-69
-80
-86
-92
-100
-106
-114
-117
-115
-107
-96
-88
-86
-84
-87
-84
-89
-91
-92
-92
-84
-83
-86
-85
-83
-88
-85
-89
-81
-77
-70
-67
-65
-58
-49
-38
-36
-33
-26
-21
-14
-14
-5
-4
0
-2
-6
-11
-13
-13
-12
-9
-8
-7
-4
-6
-5
2
9
10
22
26
35
46
49
50
46
45
43
44
46
42
40
32
29
28
27
19
19
21
25
25
26
29
27
31
37
41
40
39
47
46
53
55
52
50
48
55
59
66
68
67
60
53
42
39
35
30
29
21
17
8
3
-1
3
2
1
6
16
29
45
54
60
64
63
61
52
37
31
20
15
19
20
21
18
18
23
25
29
36
34
32
28
24
21
13
1
-2
-1
12
8
17
11
7
-1
-13
-23
-29
-34
-29
-23
-16
-5
4
15
27
27
33
32
36
36
34
28
17
12
6
0
1
3
2
-3
-6
-7
-2
-1
12
17
21
21
8
0
-2
3
18
26
23
21
19
12
13
5
8
1
1
1
1
-1
-3
-5
-11
-11
-18
-10
-9
-9
-7
-16
-20
-18
-14
-11
-18
-24
-31
-28
-26
-25
-25
-27
-30
-32
-32
-34
-36
-39
-39
-39
-39
-35
-38
-43
-54
-63
-70
-73
-71
-65
-56
-46
-35
-31
-26
-28
-26
-28
-32
-37
-41
-39
-32
-21
-11
-11
-10
-15
-11
-13
-14
-14
-20
-21
-28
-32
-34
-34
-37
-37
-43
-44
-48
-44
-35
-23
-14
-13
-12
-8
-5
3
5
6
12
5
8
3
1
0
6
8
3
-4
-10
-11
-13
-19
-27
-27
-29
-25
-23
-23
-23
-14
-9
-3
-1
2
7
4
3
3
1
-2
-3
-3
-3
-3
-3
-7
-12
-14
-18
-18
-18
-26
-28
-29
-29
-31
-32
-34
-32
-31
-31
-36
-37
-29
-26
-25
-24
-17
-12
-6
0
9
16
20
21
20
8
-3
-13
-20
-22
-22
-23
-29
-32
-34
-38
-39
-37
-31
-25
-10
0
12
16
26
29
31
30
32
31
30
28
25
21
13
6
0
-11
-10
-6
-6
1
0
-7
1
9
10
19
22
22
21
14
14
5
1
-5
-10
-13
-17
-15
-19
-14
-13
-10
-11
-10
-5
-3
2
2
3
-4
-4
-5
-12
-14
-18
-19
-16
-15
-17
-23
-27
-34
-39
-43
-46
-54
-62
-68
-70
-71
-72
-75
-78
-72
-54
-33
-11
2
10
14
7
6
3
0
4
10
16
22
26
26
26
27
23
9
-3
-7
-8
-12
-19
-26
-29
-38
-41
-43
-37
-31
-24
-19
-20
-17
-14
-12
-6
-2
-4
-7
-9
-8
-11
-11
-9
-4
-7
2
3
2
3
3
2
2
4
1
2
1
7
9
11
17
22
28
35
39
40
36
34
28
26
25
26
22
15
5
2
1
2
11
14
20
23
26
28
27
31
29
27
18
9
-2
-6
-13
-14
-10
-2
6
10
0
1
1
4
4
10
11
17
24
29
34
32
28
20
16
15
16
17
18
24
17
13
6
8
-1
-6
-9
-15
-22
-25
-26
-26
-25
-26
-29
-26
-30
-29
-33
-26
-26
-29
-28
-31
-30
-25
-20
-19
-21
-22
-19
-12
-4
-4
-4
0
5
5
1
-4
-5
-8
-5
-5
-1
3
3
-2
-8
-12
-17
-20
-28
-32
-24
-25
-21
-20
-15
-15
-14
-9
-6
2
10
16
18
15
9
-4
-15
-17
-21
-23
-26
-30
-24
-25
-22
-20
-17
-20
-19
-19
-21
-21
-23
-25
-29
-31
-28
-26
-19
-16
-16
-12
-7
-11
-14
-11
-15
-16
-20
-18
-21
-19
-12
-1
3
6
7
3
4
14
22
27
23
13
-1
-6
-11
-11
-11
-5
-8
-7
-11
-9
-6
-5
-6
-6
-4
-2
-5
-7
-11
-10
-5
-3
7
8
10
7
14
13
14
15
24
29
35
38
39
43
46
42
35
23
17
15
19
15
13
8
8
16
11
14
8
4
1
2
-3
-3
3
3
3
-6
-6
-3
-3
-7
-6
-7
-14
-21
-20
-27
-25
-25
-21
-23
-22
-30
-28
-34
-33
-35
-38
-38
-33
-26
-25
-25
-25
-20
-23
-30
-34
-38
-40
-39
-37
-34
-26
-25
-21
-14
-12
-6
-9
-4
-5
1
5
5
2
3
-2
-3
2
1
3
8
11
11
3
4
0
2
7
3
5
-3
-2
-3
0
5
4
7
2
7
-2
-4
-1
1
2
4
2
-3
-4
-3
0
4
-1
5
5
7
8
9
3
0
2
-4
-4
-5
-6
-4
-3
-4
-8
-3
-1
1
-2
-5
-6
-3
-5
0
-3
-4
-2
-8
-8
-13
-16
-16
-10
-2
5
11
15
14
16
27
32
40
45
48
50
45
42
33
25
26
28
29
24
14
10
9
11
9
7
8
4
2
0
4
12
19
24
30
26
24
17
9
4
3
9
6
5
-5
-16
-18
-22
-22
-18
-13
-6
-6
-10
-16
-16
-14
-7
-3
-1
0
1
-3
-1
-2
2
0
-2
2
9
12
11
6
-2
-6
-11
-10
-10
-5
-2
0
0
-3
-5
-2
-2
-5
2
6
17
23
27
23
18
16
14
14
6
2
-2
-8
-17
-21
-23
-25
-27
-32
-36
-35
-26
-18
-3
3
2
6
6
5
5
5
5
10
12
12
20
21
21
12
7
1
-8
-11
-16
-21
-20
-20
-21
-19
-24
-20
-14
-8
-8
-4
-1
-3
-3
1
1
-1
-4
-9
-11
-13
-12
-13
-11
-6
-5
-9
-9
-12
-13
-14
-15
-16
-23
-26
-29
-28
-29
-29
-31
-33
-36
-38
-37
-41
-40
-42
-36
-38
-37
-36
-39
-34
-32
-26
-29
-31
-38
-39
-34
-28
-24
-22
-14
-8
-4
4
12
19
19
18
13
9
2
-1
3
2
8
5
6
1
4
7
5
5
-3
-3
-8
-10
-9
-7
-5
-4
-3
0
0
0
-11
-19
-19
-20
-19
-19
-23
-22
-21
-13
-11
-6
-4
-5
-6
-9
-19
-26
-39
-43
-53
-60
-67
-70
-69
-67
-55
-45
-35
-25
-23
-22
-19
-11
-5
4
7
5
3
6
0
2
2
4
10
12
15
5
-1
-5
-10
-17
-18
-8
-1
2
7
13
12
16
11
5
0
-2
-2
-3
-2
0
-5
-4
-1
1
2
5
1
-3
1
1
3
3
2
5
11
17
25
27
27
33
37
37
37
37
35
31
30
28
26
19
13
13
12
19
25
27
25
25
27
26
26
23
22
17
19
14
12
7
7
7
4
0
-1
-2
-2
-1
-6
-7
-11
-10
-9
-5
-1
-3
0
1
4
8
12
14
18
25
33
37
33
29
27
22
30
34
41
40
36
35
28
21
9
1
-11
-14
-22
-22
-21
-27
-29
-36
-28
-26
-26
-28
-30
-28
-27
-23
-18
-9
-4
1
7
6
6
5
4
0
0
3
12
16
18
21
19
18
23
26
29
21
8
-2
-3
-6
-11
-13
-17
-19
-14
-9
-7
-8
-6
-5
-5
-5
1
-1
4
11
12
14
14
14
11
18
24
30
28
36
34
34
29
29
28
22
21
15
17
15
26
24
23
19
14
17
17
21
20
21
28
28
25
22
21
28
30
33
29
20
10
2
-12
-9
-10
-13
-11
-13
-13
-18
-11
-17
-22
-29
-28
-25
-27
-22
-24
-23
-29
-30
-34
-38
-44
-52
-56
-61
-66
-65
-68
-61
-55
-43
-38
-29
-25
-18
-17
-7
-4
-6
1
1
3
1
0
-7
-13
-12
-12
-8
-10
-12
-14
-13
-14
-14
-21
-25
-25
-26
-27
-25
-30
-36
-40
-34
-34
-23
-20
-18
-20
-19
-16
-12
-9
-8
-1
-1
-1
-1
-6
-7
-5
-4
-1
-1
4
9
3
1
-6
-10
-9
-4
-9
-10
-10
-10
-12
-17
-20
-24
-21
-14
-5
-1
1
4
7
14
17
14
10
10
5
5
8
8
11
11
14
11
10
13
19
20
18
8
3
-6
-12
-12
-11
-4
-2
-2
-4
1
2
2
0
6
15
22
24
21
17
14
17
18
16
6
2
-2
8
12
13
-1
-8
-5
-11
-15
-21
-23
-21
-12
-8
-5
-7
0
2
2
3
0
4
4
8
1
-15
-26
-32
-26
-18
-7
-10
-16
-21
-20
-21
-17
-17
-5
-2
13
19
27
33
36
36
35
34
28
24
20
17
10
7
8
5
3
-1
-1
-2
-1
-3
-2
-6
-12
-14
-22
-30
-36
-40
-40
-41
-38
-37
-38
-39
-35
-35
-27
-27
-25
-25
-20
-13
-13
-13
-20
-20
-18
-10
-12
-14
-18
-22
-29
-29
-31
-28
-31
-28
-32
-26
-25
-16
-13
-13
-7
-9
-17
-9
-9
-11
-5
1
5
12
17
23
22
25
23
14
2
-7
-5
-8
-7
-14
-23
-22
-15
-7
-8
-9
-13
-10
-13
-10
-9
-1
3
8
11
7
2
8
8
11
12
9
8
5
11
11
14
13
15
14
16
18
19
19
21
18
20
13
7
4
0
-3
-4
-6
1
5
10
7
8
3
2
0
2
7
15
21
24
21
19
13
8
-1
0
-1
-2
-1
1
-11
-13
-16
-23
-19
-17
-15
-15
-12
-12
-8
-6
-4
-9
-21
-15
-19
-25
-27
-38
-45
-55
-58
-55
-48
-38
-35
-35
-37
-40
-40
-36
-28
-17
-18
-13
-12
-11
-14
-14
-7
-5
-11
-11
-12
-14
-11
-12
-12
-11
-12
-4
-5
-3
0
-2
-2
-3
2
2
4
11
10
18
23
33
29
20
15
9
7
7
5
4
6
7
11
14
21
18
15
11
1
-1
-6
-4
-6
-14
-11
-13
-17
-23
-24
-20
-22
-21
-25
-24
-22
-6
-3
-1
9
14
21
28
34
36
36
31
21
12
6
3
-1
-5
-14
-16
-22
-25
-27
-32
-37
-35
-38
-38
-40
-38
-36
-31
-27
-26
-30
-29
-28
-28
-22
-20
-14
-11
-11
-15
-15
-19
-16
-12
-2
-2
-2
-5
0
2
16
15
21
14
11
11
17
16
12
5
1
-1
-4
-13
-23
-26
-30
-37
-42
-45
-37
-30
-27
-24
-15
-15
-3
4
6
11
12
16
14
12
8
2
-6
-8
-16
-21
-21
-14
-13
-4
-8
-10
-17
-16
-16
-7
-1
2
3
-1
-1
-3
-3
-6
-14
-23
-28
-27
-30
-31
-30
-30
-29
-28
-24
-18
-14
-14
-13
-12
-13
-12
-9
-4
-4
12
13
21
27
22
21
16
15
9
16
16
15
19
21
23
31
34
36
33
23
20
19
19
22
19
7
-1
-5
-1
1
2
1
-1
-9
-21
-28
-36
-44
-41
-35
-36
-28
-29
-32
-30
-34
-35
-31
-29
-29
-31
-33
-34
-30
-22
-15
-9
-3
2
8
14
17
23
24
23
25
26
22
26
23
23
23
27
29
22
20
18
18
18
18
16
14
12
17
18
16
17
26
28
31
31
26
18
7
-1
-8
-6
-1
4
-1
-5
-17
-19
-21
-19
-17
-17
-20
-26
-34
-39
-37
-31
-32
-31
-34
-29
-25
-21
-13
-16
-15
-16
-16
-24
-28
-32
-30
-24
-16
-11
0
9
20
26
33
34
36
43
46
49
46
39
37
33
25
26
22
21
19
17
13
14
19
19
16
14
1
-3
-10
-14
-20
-22
-22
-17
-11
-5
2
1
3
1
-8
-18
-22
-30
-37
-40
-39
-34
-33
-23
-23
-25
-25
-27
-26
-27
-22
-22
-22
-23
-23
-15
-12
-6
0
-1
4
5
2
8
2
-1
-10
-16
-10
-9
-3
2
3
6
5
7
10
16
26
25
19
9
2
-4
-7
-9
-6
-6
0
2
7
11
5
2
2
0
-3
-6
-7
-4
0
5
9
8
4
5
0
-5
-8
-7
-4
-2
3
7
9
7
1
-12
-21
-30
-33
-36
-36
-33
-24
-21
-12
-8
-11
-11
-18
-19
-20
-21
-15
-14
-12
-11
-12
-8
-10
-4
-2
9
10
7
0
-6
-6
-3
9
12
15
12
8
5
1
0
3
9
17
23
23
27
28
31
24
19
10
8
6
2
5
2
-1
-10
-13
-18
-18
-12
-9
-10
-13
-13
-15
-22
-25
-25
-24
-23
-28
-32
-29
-28
-22
-15
-12
-7
-8
-13
-15
-23
-27
-39
-47
-58
-60
-60
-63
-57
-53
-48
-44
-47
-39
-26
-16
-4
3
3
14
27
41
51
57
53
45
40
33
35
32
29
20
9
10
2
4
4
9
7
4
0
-5
-8
-13
-11
-12
-6
-8
-16
-26
-34
-39
-42
-43
-43
-46
-51
-55
-53
-51
-47
-39
-29
-26
-21
-21
-22
-21
-21
-21
-19
-19
-17
-14
-10
-12
-10
-12
-13
-13
-12
-13
-16
-15
-17
-10
-17
-11
-7
4
9
17
20
14
5
-1
0
-3
-6
-5
-6
-4
-19
-21
-18
-7
0
10
20
30
41
45
52
52
47
42
41
48
53
56
57
58
55
51
43
33
29
25
22
19
16
18
19
22
23
22
14
8
4
0
-10
-16
-22
-32
-35
-35
-29
-24
-20
-16
-17
-14
-12
-11
-13
-6
-4
-12
-13
-20
-18
-14
-7
-6
-10
-9
-9
-13
-13
-18
-27
-32
-39
-41
-33
-27
-15
-13
-13
-4
-3
3
5
7
5
11
14
15
13
13
15
13
9
-3
-8
-17
-20
-18
-18
-16
-11
-14
-13
-14
-8
-2
4
12
12
9
5
4
3
11
9
7
3
7
5
0
4
9
12
5
10
5
11
18
16
16
11
5
-7
-13
-20
-16
-15
-10
-8
-6
0
0
6
9
9
11
15
18
21
31
31
39
33
25
17
8
1
-5
-5
0
3
-1
-5
-7
-8
-6
-8
-9
-10
-16
-17
-16
-16
-10
-6
0
7
9
9
1
-4
-2
-8
-5
-4
3
11
20
28
29
27
21
14
9
11
13
15
13
7
3
4
10
11
13
17
12
11
6
7
13
14
20
24
24
22
22
19
21
24
20
17
19
21
24
24
26
22
15
8
10
4
2
1
0
-2
3
13
22
29
26
25
20
13
17
9
9
11
13
14
8
4
-6
-4
-7
-11
-14
-18
-21
-25
-24
-21
-19
-20
-21
-23
-26
-25
-14
-9
-1
6
13
11
8
9
7
11
11
16
14
13
14
10
12
11
6
-2
-2
1
1
-2
1
-4
-10
-17
-14
-19
-23
-24
-26
-26
-29
-32
-38
-43
-38
-30
-22
-26
-31
-30
-28
-25
-29
-32
-30
-26
-23
-23
-21
-24
-21
-21
-19
-20
-18
-16
-14
-16
-15
-17
-20
-24
-24
-25
-25
-24
-21
-22
-23
-17
-20
-20
-23
-26
-29
-27
-18
-15
-7
-3
0
4
8
14
5
0
-10
-13
-11
-4
-1
-5
-5
-10
-11
-21
-22
-23
-28
-23
-30
-31
-36
-31
-24
-19
-12
-6
-2
-3
-5
-6
-11
-14
-10
-3
-3
-4
-9
-10
-7
-2
5
7
11
5
3
-1
-2
-3
-2
3
5
13
11
9
0
-8
-16
-26
-34
-37
-35
-39
-35
-40
-44
-45
-45
-45
-50
-55
-60
-61
-61
-60
-54
-46
-38
-30
-27
-25
-21
-21
-14
-12
-14
-14
-15
-21
-29
-28
-36
-39
-48
-60
-68
-77
-82
-81
-77
-73
-68
-60
-51
-41
-32
-23
-18
-12
-1
2
11
12
20
25
27
27
25
23
25
25
16
19
20
24
24
25
25
21
28
21
13
16
18
24
21
20
25
32
36
35
32
35
40
42
35
27
21
11
6
1
-7
-3
-9
-3
4
4
4
9
2
1
-2
-8
-15
-15
-12
-8
-4
-10
-12
-10
-7
3
4
7
10
11
12
14
17
17
11
4
-2
-6
-11
-6
-7
-2
-2
0
-8
-13
-14
-19
-19
-22
-26
-23
-17
-10
-7
-10
-7
-6
-6
-1
0
3
5
10
14
13
11
4
0
-1
-9
-8
-15
-9
-14
-16
-19
-11
-12
-10
-15
-24
-22
-18
-8
0
5
8
5
5
8
16
15
20
15
19
20
16
20
14
17
11
11
10
5
1
-7
-9
-11
-15
-13
-16
-17
-8
-6
-1
-2
-6
-7
-6
-2
3
6
6
6
5
2
-3
0
-2
-2
-11
-9
-6
-9
-8
-10
-10
-9
-10
-13
-16
-18
-17
-19
-19
-24
-26
-36
-38
-40
-42
-41
-45
-49
-48
-41
-27
-17
-14
-16
-20
-23
-21
-10
-2
13
18
23
23
22
22
17
27
25
27
30
33
39
43
42
44
43
39
39
36
35
35
35
27
21
15
13
15
15
13
18
14
13
6
-2
-6
-6
0
-8
-7
-14
-19
-13
-11
-8
-5
-1
6
5
14
20
25
31
34
27
23
15
12
10
7
-3
-3
-9
-9
-4
0
5
8
9
6
2
11
10
15
17
9
6
9
3
-2
-1
-4
-1
-2
-2
-2
-4
7
5
4
3
-3
-6
-8
-17
-21
-22
-17
-7
-1
1
1
0
-5
-10
-16
-22
-26
-32
-28
-22
-18
-12
-8
-10
-12
-8
-7
-7
-6
-3
-6
-15
-9
-15
-7
-6
-5
-10
-14
-11
-5
-3
-9
-11
-20
-15
-15
-9
-11
-9
-11
-5
-1
6
7
9
12
13
7
10
4
3
-1
-5
-12
-17
-19
-25
-20
-15
-6
-2
-3
-1
0
-1
5
8
8
4
2
0
1
5
14
17
19
18
10
0
-7
0
-1
1
-6
-19
-22
-20
-11
-7
-1
2
5
7
3
6
4
9
6
11
8
6
6
5
9
12
12
5
-3
-14
-18
-22
-23
-21
-20
-19
-18
-16
-9
-9
-10
-10
-12
-13
-16
-19
-21
-19
-17
-7
-5
-3
-9
-3
-9
-15
-21
-23
-19
-17
-11
-3
-3
-3
-8
-3
-2
1
0
-4
-3
-4
-1
0
11
20
24
23
21
14
17
15
17
14
8
2
-9
-9
-6
-1
0
-1
-1
-12
-12
-19
-17
-18
-26
-31
-38
-37
-33
-24
-15
-10
-11
-13
-10
-11
-9
-9
-7
-14
-16
-21
-26
-31
-27
-29
-30
-32
-34
-35
-32
-34
-24
-18
-5
-5
-8
-11
-17
-16
-16
-16
-13
-14
-6
-4
-1
-5
-10
-19
-19
-19
-14
-3
6
11
11
9
6
1
-2
-2
9
25
36
41
41
36
29
25
18
9
11
12
10
16
16
12
14
9
8
9
1
1
-1
-2
-4
0
-7
-3
-9
-6
-3
-5
-10
-15
-18
-16
-7
-4
1
5
3
1
-2
-4
-7
-7
-9
-9
-9
-8
-3
5
4
8
10
5
6
6
10
18
21
18
9
14
10
13
13
9
9
1
-1
-5
-8
-9
-9
-8
-16
-18
-17
-13
0
9
12
11
10
1
-2
-2
0
2
1
4
11
12
17
22
26
29
35
31
26
27
32
34
35
30
24
19
21
21
15
14
8
-1
-7
-10
-7
-3
3
8
5
-8
-18
-19
-14
-16
-9
-4
-3
-11
-8
-6
-3
6
11
17
10
3
-8
-18
-25
-33
-50
-64
-74
-79
-75
-68
-64
-67
-66
-66
-64
-60
-54
-51
-51
-57
-60
-58
-51
-43
-40
-41
-46
-48
-48
-49
-47
-48
-46
-44
-48
-51
-53
-43
-33
-17
-15
-10
-10
-6
3
-1
4
5
9
15
8
8
8
12
8
5
0
-1
3
7
15
21
26
26
27
29
30
31
28
23
15
20
21
24
23
21
16
10
14
15
17
18
21
20
11
-1
-13
-13
-10
3
5
-8
-6
-17
-24
-28
-33
-34
-33
-29
-22
-18
-14
-10
-9
0
5
3
-29
