-104
-100
-94
-87
-87
-87
-88
-90
-83
-75
-69
-59
-50
-38
-42
-50
-67
-84
-92
-96
-97
-99
-100
-96
-93
-93
-93
-107
-126
-131
-136
-128
-121
-107
-95
-87
-82
-82
-86
-90
-86
-87
-75
-59
-46
-29
-14
1
4
1
-1
-10
-11
-6
0
-1
1
5
9
15
18
25
21
22
25
31
34
37
35
34
31
25
18
10
15
16
13
12
3
1
0
1
2
-7
-17
-23
-28
-29
-36
-45
-64
-70
-77
-79
-72
-53
-51
-42
-50
-51
-55
-55
-51
-39
-28
-19
-12
-15
-19
-26
-27
-36
-32
-26
-22
-21
-26
-33
-48
-56
-73
-74
-77
-80
-81
-84
-90
-93
-103
-107
-116
-122
-132
-131
-129
-122
-112
-105
-101
-111
-116
-116
-128
-143
-149
-148
-148
-148
-147
-148
-147
-145
-137
-127
-121
-111
-103
-97
-90
-84
-84
-75
-70
-63
-63
-63
-59
-65
-69
-82
-90
-99
-94
-83
-67
-52
-48
-45
-50
-48
-48
-54
-63
-69
-74
-82
-88
-91
-92
-94
-92
-87
-84
-80
-79
-82
-80
-77
-73
-72
-62
-53
-54
-55
-55
-54
-59
-61
-60
-69
-70
-81
-81
-77
-54
-32
-12
7
16
19
14
9
-1
-14
-26
-36
-40
-42
-39
-27
-20
-17
-17
-20
-31
-38
-47
-55
-59
-53
-56
-58
-67
-75
-77
-84
-75
-82
-78
-75
-63
-56
-46
-36
-24
-20
-11
-12
-14
-18
-15
-22
-27
-36
-45
-58
-64
-66
-70
-62
-54
-42
-39
-40
-59
-79
-100
-113
-113
-108
-99
-98
-101
-100
-97
-99
-103
-102
-100
-93
-83
-75
-69
-60
-56
-54
-51
-42
-40
-45
-50
-52
-58
-63
-63
-67
-63
-60
-67
-74
-90
-103
-106
-104
-91
-78
-71
-63
-64
-63
-68
-70
-64
-67
-75
-90
-103
-114
-115
-105
-89
-77
-65
-65
-75
-73
-72
-70
-75
-82
-82
-77
-66
-58
-63
-68
-81
-89
-90
-92
-89
-88
-88
-79
-71
-63
-52
-50
-53
-58
-60
-67
-63
-68
-58
-52
-49
-53
-59
-79
-84
-88
-86
-85
-81
-72
-60
-54
-46
-53
-53
-50
-43
-48
-52
-65
-71
-74
-72
-67
-63
-52
-52
-61
-63
-73
-68
-76
-77
-85
-90
-86
-73
-64
-56
-46
-41
-45
-50
-65
-68
-66
-56
-43
-27
-12
-7
-12
-23
-31
-36
-43
-48
-55
-60
-66
-67
-71
-75
-79
-77
-76
-70
-53
-38
-27
-26
-32
-40
-52
-70
-83
-97
-108
-113
-121
-126
-125
-121
-113
-99
-80
-65
-58
-51
-49
-53
-61
-65
-70
-65
-51
-35
-24
-22
-21
-26
-30
-36
-41
-47
-47
-51
-60
-60
-51
-51
-52
-56
-66
-72
-81
-83
-86
-85
-73
-68
-61
-55
-40
-32
-29
-24
-19
-17
-15
-10
-9
-9
-7
-8
-11
-18
-27
-35
-40
-38
-35
-41
-42
-39
-41
-32
-25
-18
-14
-13
-16
-23
-27
-32
-29
-28
-28
-25
-21
-19
-23
-30
-47
-60
-77
-92
-100
-101
-95
-87
-71
-52
-35
-28
-31
-38
-48
-52
-62
-72
-81
-84
-85
-89
-83
-87
-86
-85
-79
-82
-88
-89
-88
-85
-90
-90
-94
-102
-105
-103
-99
-104
-112
-122
-130
-135
-137
-137
-141
-141
-144
-151
-154
-158
-160
-153
-141
-130
-121
-112
-102
-97
-86
-78
-64
-57
-46
-42
-38
-30
-21
-16
-10
-5
-1
-1
-4
-13
-19
-31
-32
-36
-43
-42
-42
-54
-66
-75
-82
-86
-86
-79
-79
-83
-81
-78
-73
-73
-71
-71
-59
-58
-49
-40
-30
-15
-8
-5
-6
-7
-4
6
11
6
-2
-14
-28
-40
-52
-56
-60
-64
-56
-50
-46
-38
-45
-45
-46
-52
-53
-53
-52
-58
-50
-44
-35
-34
-45
-48
-50
-46
-36
-23
-15
-15
-15
-20
-32
-41
-50
-45
-43
-47
-47
-53
-52
-60
-67
-80
-89
-96
-96
-92
-85
-83
-72
-61
-56
-47
-52
-50
-49
-49
-36
-31
-27
-21
-15
-11
-13
-16
-21
-29
-34
-36
-37
-34
-37
-42
-52
-53
-60
-63
-64
-57
-47
-41
-41
-48
-63
-70
-66
-63
-57
-49
-50
-50
-40
-40
-43
-49
-51
-55
-66
-71
-71
-68
-55
-50
-36
-40
-36
-44
-60
-67
-71
-77
-87
-88
-85
-81
-84
-83
-97
-109
-122
-129
-130
-123
-110
-104
-100
-100
-95
-98
-100
-97
-94
-88
-80
-78
-77
-81
-86
-94
-100
-110
-124
-140
-149
-144
-129
-105
-78
-60
-58
-57
-61
-62
-64
-59
-51
-46
-42
-46
-46
-43
-34
-30
-31
-43
-57
-64
-74
-79
-85
-96
-103
-111
-113
-117
-115
-115
-112
-110
-104
-97
-86
-68
-54
-49
-38
-37
-32
-37
-47
-66
-85
-93
-99
-97
-90
-82
-78
-76
-80
-87
-91
-89
-78
-72
-69
-70
-78
-83
-86
-88
-91
-86
-81
-72
-61
-55
-49
-47
-44
-42
-47
-51
-62
-77
-93
-113
-128
-132
-134
-119
-105
-97
-78
-59
-46
-41
-37
-32
-33
-39
-54
-65
-69
-69
-59
-52
-44
-40
-43
-44
-46
-49
-60
-61
-61
-72
-78
-85
-87
-80
-70
-55
-41
-29
-16
-10
-7
-16
-25
-30
-36
-38
-36
-38
-33
-25
-22
-21
-18
-24
-29
-36
-43
-44
-40
-41
-46
-53
-62
-67
-59
-47
-27
-3
4
14
13
7
6
7
6
0
-7
-17
-34
-51
-55
-62
-61
-58
-51
-48
-50
-47
-48
-53
-57
-54
-48
-41
-26
-23
-20
-16
-15
-29
-36
-37
-42
-37
-31
-28
-36
-41
-42
-53
-65
-67
-73
-82
-95
-105
-116
-119
-118
-112
-110
-104
-104
-107
-108
-100
-85
-80
-74
-69
-72
-60
-48
-46
-46
-46
-51
-50
-56
-63
-64
-63
-57
-45
-45
-44
-46
-55
-58
-60
-54
-55
-52
-51
-42
-38
-37
-40
-41
-37
-38
-46
-44
-56
-70
-83
-90
-93
-96
-97
-97
-98
-102
-106
-98
-93
-85
-78
-78
-81
-77
-73
-68
-70
-66
-61
-70
-79
-84
-92
-95
-97
-92
-92
-87
-88
-100
-112
-117
-127
-135
-136
-130
-120
-101
-82
-61
-42
-28
-17
-17
-8
-6
-5
-2
9
9
10
3
2
-7
-10
-18
-26
-42
-55
-66
-73
-70
-70
-67
-63
-70
-75
-80
-79
-70
-59
-54
-47
-35
-27
-22
-17
-15
-9
-8
-7
-18
-24
-25
-32
-38
-41
-39
-41
-46
-46
-53
-57
-57
-56
-52
-46
-42
-37
-25
-6
2
4
1
4
7
5
-5
-27
-43
-60
-67
-81
-87
-78
-79
-80
-88
-91
-98
-100
-107
-110
-115
-115
-115
-116
-119
-120
-124
-131
-138
-136
-141
-145
-150
-157
-159
-152
-142
-135
-132
-129
-126
-123
-109
-87
-63
-42
-23
-10
-3
0
6
2
5
7
17
18
24
21
11
-4
-23
-45
-59
-67
-68
-73
-73
-71
-68
-63
-59
-51
-46
-40
-42
-45
-50
-50
-51
-43
-30
-22
-22
-26
-27
-22
-14
-10
-12
-29
-40
-49
-47
-53
-52
-51
-53
-55
-52
-46
-48
-44
-42
-48
-55
-55
-58
-62
-70
-75
-80
-79
-74
-75
-76
-86
-96
-102
-103
-102
-91
-85
-68
-69
-70
-65
-57
-51
-48
-37
-30
-23
-12
-4
-4
-13
-21
-29
-37
-46
-55
-67
-83
-90
-91
-92
-95
-101
-110
-117
-115
-108
-103
-101
-102
-98
-88
-78
-72
-74
-76
-75
-72
-71
-62
-57
-64
-75
-80
-86
-88
-84
-92
-104
-120
-134
-147
-151
-146
-142
-141
-134
-125
-110
-91
-72
-51
-35
-20
-8
-2
6
15
16
13
9
3
-4
-13
-15
-18
-16
-16
-19
-25
-31
-35
-40
-43
-51
-63
-72
-83
-83
-91
-93
-86
-85
-81
-78
-70
-65
-61
-58
-50
-45
-36
-30
-29
-25
-21
-20
-21
-25
-32
-37
-41
-39
-39
-45
-51
-52
-60
-63
-66
-62
-62
-66
-74
-89
-101
-113
-123
-130
-129
-127
-127
-127
-125
-123
-121
-117
-120
-130
-134
-137
-142
-153
-159
-157
-147
-135
-124
-115
-116
-114
-118
-122
-121
-114
-114
-112
-108
-103
-97
-95
-89
-85
-70
-54
-50
-60
-78
-89
-94
-86
-76
-68
-72
-72
-72
-70
-66
-60
-55
-48
-43
-42
-44
-46
-41
-35
-27
-18
-11
-11
-4
-9
-18
-30
-40
-47
-46
-44
-41
-37
-38
-38
-44
-50
-58
-60
-60
-59
-49
-41
-35
-37
-35
-42
-48
-55
-67
-74
-74
-70
-65
-56
-54
-43
-41
-35
-34
-36
-41
-44
-51
-50
-59
-57
-63
-70
-70
-72
-70
-66
-63
-67
-70
-73
-69
-61
-45
-39
-30
-35
-33
-42
-38
-41
-45
-51
-51
-51
-50
-56
-63
-74
-82
-81
-73
-58
-44
-39
-41
-47
-60
-62
-64
-63
-63
-62
-63
-60
-52
-44
-38
-30
-17
-18
-22
-19
-18
-17
-33
-44
-60
-61
-67
-72
-78
-77
-83
-88
-94
-91
-92
-94
-100
-108
-122
-136
-148
-148
-134
-118
-108
-108
-111
-112
-106
-101
-92
-90
-101
-111
-121
-118
-113
-101
-97
-95
-92
-94
-93
-91
-82
-76
-73
-71
-69
-62
-59
-53
-50
-48
-50
-51
-52
-51
-45
-44
-45
-48
-54
-57
-64
-63
-73
-76
-76
-78
-89
-101
-101
-97
-80
-65
-55
-55
-62
-65
-69
-61
-55
-45
-41
-39
-41
-35
-33
-20
-13
-4
-7
-6
-8
-15
-23
-30
-30
-27
-24
-28
-35
-39
-48
-51
-52
-57
-60
-61
-57
-54
-51
-51
-57
-63
-74
-76
-72
-68
-60
-60
-60
-53
-49
-43
-38
-35
-28
-35
-41
-42
-43
-33
-36
-35
-40
-41
-42
-46
-46
-53
-55
-55
-47
-42
-33
-35
-35
-31
-31
-30
-31
-38
-40
-43
-47
-54
-63
-72
-82
-92
-104
-110
-111
-103
-87
-79
-78
-68
-72
-75
-74
-73
-69
-57
-44
-24
-14
-4
2
7
6
4
0
-3
-3
-13
-31
-48
-55
-58
-51
-35
-24
-13
-14
-17
-21
-28
-34
-43
-46
-54
-62
-67
-67
-59
-53
-42
-34
-31
-39
-43
-47
-52
-58
-58
-57
-57
-58
-63
-72
-86
-97
-113
-131
-144
-148
-154
-155
-155
-148
-135
-114
-86
-68
-63
-68
-80
-92
-101
-98
-98
-96
-97
-98
-97
-98
-93
-89
-83
-76
-68
-63
-57
-55
-57
-74
-85
-88
-84
-79
-71
-69
-74
-75
-79
-82
-76
-68
-60
-46
-31
-20
-24
-27
-30
-25
-17
-9
2
7
3
-15
-43
-61
-68
-64
-66
-62
-65
-68
-75
-70
-65
-58
-52
-50
-54
-46
-48
-45
-49
-46
-47
-45
-57
-62
-63
-66
-67
-72
-67
-67
-71
-76
-85
-83
-80
-82
-83
-80
-77
-70
-58
-51
-46
-51
-49
-41
-43
-39
-31
-26
-23
-22
-28
-34
-38
-42
-47
-51
-62
-77
-86
-95
-98
-93
-82
-68
-69
-84
-105
-121
-132
-144
-153
-167
-174
-180
-182
-182
-175
-167
-157
-141
-120
-97
-76
-60
-49
-48
-44
-42
-44
-48
-54
-55
-59
-45
-38
-38
-36
-34
-25
-15
-8
-5
-10
-19
-27
-32
-31
-18
-3
-1
-6
-19
-26
-30
-29
-23
-28
-36
-35
-40
-41
-52
-64
-83
-100
-101
-91
-75
-69
-69
-84
-89
-84
-69
-58
-48
-41
-40
-30
-23
-21
-32
-50
-70
-85
-83
-75
-68
-65
-56
-52
-38
-22
-11
-20
-31
-42
-50
-45
-47
-39
-29
-25
-22
-28
-35
-43
-42
-36
-33
-27
-31
-38
-45
-51
-53
-59
-67
-74
-82
-78
-73
-68
-71
-80
-83
-83
-83
-74
-65
-47
-36
-19
-11
0
-4
-10
-19
-15
-8
-1
5
12
15
19
16
12
4
-2
-6
-11
-17
-22
-28
-42
-42
-44
-40
-41
-37
-39
-41
-42
-39
-45
-40
-37
-44
-54
-69
-77
-85
-88
-84
-77
-70
-60
-62
-61
-79
-86
-99
-109
-108
-107
-103
-99
-90
-92
-86
-82
-71
-64
-63
-65
-65
-61
-62
-65
-80
-86
-93
-97
-107
-118
-128
-137
-139
-136
-124
-104
-85
-64
-60
-61
-69
-84
-94
-93
-92
-83
-82
-82
-85
-82
-79
-72
-72
-64
-64
-67
-66
-64
-70
-81
-99
-117
-125
-129
-133
-139
-148
-149
-151
-151
-152
-149
-152
-148
-135
-115
-88
-68
-46
-38
-26
-16
-7
-3
-4
-4
-14
-22
-28
-34
-36
-33
-35
-40
-47
-44
-43
-40
-41
-46
-54
-62
-71
-72
-72
-71
-63
-56
-52
-49
-49
-52
-56
-54
-61
-68
-72
-73
-75
-70
-72
-76
-85
-90
-89
-87
-81
-85
-92
-106
-109
-110
-105
-98
-96
-98
-97
-86
-84
-82
-86
-85
-83
-82
-70
-72
-71
-66
-58
-56
-53
-48
-43
-42
-41
-38
-43
-49
-56
-74
-80
-76
-72
-63
-57
-53
-55
-57
-54
-50
-41
-41
-43
-54
-64
-69
-68
-69
-65
-58
-60
-67
-71
-80
-88
-91
-90
-78
-69
-64
-69
-70
-64
-52
-47
-39
-30
-20
-8
-4
-10
-24
-46
-68
-88
-102
-109
-110
-127
-141
-159
-168
-177
-180
-179
-167
-147
-125
-119
-119
-123
-128
-125
-128
-132
-147
-166
-171
-173
-178
-177
-162
-146
-128
-113
-107
-93
-72
-50
-28
-9
10
23
33
44
52
54
52
46
37
29
23
13
1
-12
-23
-31
-41
-43
-47
-51
-44
-36
-30
-29
-27
-27
-26
-21
-11
-1
8
17
26
28
35
40
40
38
35
27
16
7
0
-5
-9
-12
-13
-18
-21
-27
-39
-51
-72
-89
-106
-108
-113
-110
-101
-90
-96
-103
-107
-103
-99
-93
-82
-73
-66
-63
-62
-64
-63
-59
-59
-60
-58
-59
-59
-59
-54
-50
-49
-39
-34
-25
-17
-14
-13
-20
-29
-37
-43
-39
-36
-38
-46
-53
-62
-67
-68
-62
-62
-61
-60
-57
-48
-51
-49
-53
-61
-76
-84
-84
-75
-57
-48
-47
-50
-46
-40
-38
-32
-34
-35
-34
-37
-41
-46
-48
-61
-57
-54
-40
-28
-26
-35
-50
-59
-59
-49
-41
-30
-22
-19
-27
-28
-33
-41
-43
-45
-50
-52
-54
-58
-57
-55
-56
-59
-66
-70
-72
-69
-66
-58
-45
-32
-19
-23
-28
-25
-20
-24
-34
-47
-63
-71
-75
-75
-71
-65
-60
-67
-71
-73
-89
-97
-104
-104
-99
-97
-94
-93
-98
-102
-104
-107
-101
-92
-81
-74
-70
-70
-65
-60
-54
-49
-52
-59
-66
-71
-74
-74
-69
-70
-69
-71
-71
-73
-76
-83
-89
-86
-87
-82
-67
-60
-55
-65
-69
-68
-67
-63
-60
-71
-73
-68
-73
-74
-75
-75
-77
-78
-73
-65
-53
-47
-38
-48
-55
-63
-74
-88
-94
-98
-101
-103
-96
-86
-76
-68
-67
-71
-77
-82
-79
-69
-55
-47
-41
-48
-47
-52
-54
-51
-49
-53
-56
-60
-55
-46
-38
-37
-44
-58
-57
-54
-51
-49
-60
-80
-95
-106
-117
-129
-132
-128
-123
-116
-105
-96
-90
-86
-85
-87
-80
-69
-69
-62
-64
-62
-62
-58
-56
-56
-54
-55
-54
-58
-62
-65
-64
-70
-64
-58
-49
-44
-43
-41
-43
-39
-35
-37
-35
-29
-23
-21
-22
-23
-27
-27
-29
-37
-40
-51
-60
-77
-86
-93
-92
-77
-62
-49
-43
-39
-49
-56
-64
-59
-50
-35
-18
-15
-14
-23
-23
-33
-40
-38
-30
-18
-11
-10
-17
-34
-42
-49
-58
-68
-70
-78
-77
-74
-79
-87
-87
-81
-71
-63
-49
-39
-42
-51
-56
-63
-71
-72
-67
-61
-57
-60
-59
-61
-60
-59
-68
-70
-73
-59
-51
-33
-25
-30
-40
-53
-61
-60
-58
-58
-63
-66
-72
-79
-89
-93
-92
-84
-71
-59
-50
-44
-37
-32
-26
-16
-4
3
0
-8
-22
-36
-49
-60
-68
-74
-75
-73
-70
-64
-70
-71
-67
-60
-59
-57
-64
-66
-78
-86
-88
-90
-94
-94
-93
-83
-76
-72
-75
-77
-78
-81
-89
-92
-97
-99
-100
-99
-104
-100
-91
-89
-84
-81
-80
-86
-82
-76
-63
-50
-35
-25
-25
-22
-23
-22
-21
-28
-28
-31
-30
-26
-26
-31
-29
-33
-33
-47
-49
-55
-53
-53
-54
-61
-78
-96
-112
-128
-127
-117
-100
-86
-73
-72
-73
-76
-76
-80
-84
-76
-70
-55
-39
-30
-26
-35
-40
-44
-45
-36
-38
-40
-39
-40
-44
-59
-73
-89
-97
-105
-102
-102
-106
-116
-133
-153
-173
-185
-187
-174
-151
-125
-104
-82
-61
-57
-51
-50
-46
-42
-44
-35
-31
-25
-27
-24
-25
-23
-19
-13
-13
-4
-5
-11
-11
-9
-7
-9
-17
-24
-32
-30
-30
-35
-43
-50
-53
-67
-73
-74
-72
-63
-53
-46
-51
-54
-61
-58
-39
-20
-10
-16
-32
-56
-71
-90
-105
-120
-130
-124
-124
-118
-123
-125
-124
-116
-96
-77
-63
-46
-41
-33
-32
-30
-33
-41
-47
-48
-48
-35
-23
-19
-25
-34
-52
-63
-70
-63
-58
-61
-72
-81
-93
-96
-89
-76
-64
-57
-55
-57
-48
-37
-23
-19
-14
-11
-5
-1
9
16
17
7
-10
-34
-53
-67
-65
-63
-58
-68
-82
-89
-97
-103
-103
-105
-104
-100
-86
-74
-70
-80
-91
-106
-120
-122
-116
-103
-94
-89
-91
-92
-85
-71
-62
-69
-62
-67
-74
-71
-70
-70
-70
-71
-77
-82
-87
-72
-56
-39
-36
-43
-47
-46
-41
-41
-42
-44
-47
-57
-64
-73
-79
-82
-83
-81
-77
-76
-69
-73
-72
-78
-85
-93
-90
-85
-77
-70
-65
-66
-67
-67
-74
-75
-75
-68
-68
-70
-71
-73
-76
-77
-80
-81
-83
-79
-88
-90
-93
-86
-80
-72
-63
-52
-54
-53
-53
-67
-68
-64
-60
-58
-59
-65
-69
-75
-76
-77
-69
-64
-59
-60
-63
-58
-52
-53
-55
-58
-65
-76
-80
-82
-75
-75
-81
-96
-102
-99
-107
-113
-122
-125
-126
-131
-121
-113
-99
-91
-85
-89
-89
-78
-59
-45
-42
-40
-47
-53
-62
-75
-88
-88
-84
-74
-75
-66
-66
-59
-60
-61
-67
-80
-80
-77
-66
-51
-42
-36
-35
-38
-51
-59
-58
-59
-52
-48
-31
-21
-16
-18
-28
-36
-44
-50
-55
-52
-45
-38
-37
-35
-39
-52
-55
-59
-58
-53
-52
-53
-55
-56
-49
-41
-40
-32
-23
-16
-13
-10
-10
-13
-19
-28
-37
-49
-51
-55
-45
-34
-24
-20
-27
-30
-35
-44
-35
-31
-31
-44
-58
-75
-83
-85
-88
-93
-89
-79
-63
-47
-30
-16
-19
-31
-47
-73
-91
-92
-87
-83
-80
-77
-83
-82
-80
-74
-73
-64
-63
-62
-56
-52
-44
-33
-23
-16
-17
-25
-21
-17
-10
0
7
9
5
4
6
4
4
-6
-14
-18
-19
-29
-45
-61
-74
-72
-71
-57
-55
-59
-63
-71
-74
-80
-83
-82
-75
-70
-62
-60
-55
-57
-66
-76
-89
-95
-114
-117
-119
-113
-104
-87
-65
-53
-39
-39
-43
-59
-68
-79
-92
-99
-107
-104
-106
-98
-89
-83
-62
-60
-60
-58
-69
-75
-80
-76
-81
-89
-93
-84
-76
-66
-64
-70
-69
-73
-59
-48
-48
-41
-47
-48
-53
-51
-56
-55
-51
-55
-54
-49
-37
-29
-14
-13
-10
-23
-25
-33
-44
-56
-66
-62
-59
-59
-54
-46
-39
-32
-33
-42
-51
-59
-70
-70
-68
-59
-50
-38
-33
-37
-39
-44
-46
-54
-59
-63
-67
-63
-57
-57
-58
-53
-53
-52
-59
-55
-51
-51
-58
-67
-79
-83
-81
-66
-54
-41
-32
-29
-26
-22
-28
-35
-46
-60
-73
-93
-107
-112
-99
-81
-63
-58
-59
-59
-67
-75
-78
-78
-85
-89
-90
-86
-70
-49
-33
-31
-39
-59
-83
-97
-98
-93
-80
-68
-62
-59
-63
-60
-62
-65
-65
-73
-77
-82
-86
-85
-90
-84
-79
-78
-73
-70
-63
-64
-53
-53
-59
-74
-86
-93
-105
-111
-114
-113
-110
-102
-90
-79
-58
-49
-54
-64
-79
-93
-105
-106
-105
-99
-95
-91
-82
-72
-47
-32
-27
-26
-25
-28
-33
-37
-46
-59
-80
-99
-113
-114
-104
-87
-71
-59
-46
-38
-31
-19
-9
-10
-12
-22
-34
-43
-47
-42
-40
-38
-32
-34
-31
-30
-29
-27
-21
-15
-15
-19
-25
-31
-44
-46
-58
-66
-62
-53
-36
-21
-10
-14
-18
-23
-31
-41
-55
-57
-56
-56
-57
-53
-62
-70
-78
-82
-80
-77
-82
-105
-128
-152
-164
-169
-163
-153
-145
-136
-126
-115
-108
-100
-94
-87
-82
-84
-81
-79
-78
-84
-92
-105
-118
-131
-146
-151
-154
-152
-132
-117
-94
-78
-56
-50
-50
-57
-65
-81
-98
-105
-104
-93
-68
-38
-23
-21
-25
-36
-47
-46
-43
-40
-36
-31
-31
-36
-31
-25
-18
-15
-14
-7
-9
-11
-8
-13
-18
-11
-11
-10
-14
-24
-30
-35
-19
-7
13
28
36
45
52
63
74
71
71
63
55
50
48
45
36
31
15
1
-11
-21
-27
-27
-30
-33
-43
-56
-55
-59
-61
-61
-66
-76
-84
-73
-70
-61
-51
-40
-29
-25
-14
-12
-15
-19
-27
-33
-42
-49
-55
-51
-36
-22
-10
-9
-13
-19
-27
-37
-44
-52
-65
-77
-90
-101
-94
-87
-83
-72
-71
-73
-80
-83
-82
-84
-91
-101
-108
-114
-108
-105
-109
-108
-116
-117
-118
-123
-125
-122
-107
-85
-73
-70
-70
-74
-76
-72
-71
-72
-74
-76
-73
-67
-57
-50
-51
-51
-46
-44
-43
-36
-36
-30
-26
-22
-21
-23
-29
-32
-36
-35
-42
-42
-48
-50
-54
-68
-77
-92
-94
-90
-86
-83
-93
-97
-95
-86
-72
-58
-60
-65
-76
-87
-96
-105
-105
-101
-103
-95
-101
-118
-135
-144
-149
-146
-140
-135
-133
-134
-130
-128
-124
-121
-118
-111
-102
-89
-86
-77
-74
-76
-78
-89
-92
-103
-115
-129
-131
-124
-114
-95
-89
-81
-77
-74
-79
-80
-74
-77
-83
-89
-90
-85
-73
-57
-46
-47
-42
-47
-51
-55
-60
-49
-36
-21
-11
-3
1
3
3
1
-2
-5
-10
-18
-14
-29
-37
-54
-70
-85
-78
-74
-59
-65
-63
-70
-79
-88
-93
-94
-89
-84
-81
-86
-95
-102
-104
-101
-85
-76
-62
-53
-52
-55
-57
-58
-67
-61
-63
-74
-94
-114
-127
-128
-122
-109
-94
-90
-88
-88
-97
-105
-110
-109
-109
-110
-114
-120
-116
-103
-88
-75
-56
-53
-48
-47
-45
-43
-50
-47
-55
-59
-74
-77
-78
-72
-68
-77
-76
-76
-63
-54
-49
-46
-53
-60
-63
-63
-61
-67
-62
-59
-56
-53
-41
-31
-34
-34
-47
-60
-75
-79
-80
-72
-54
-48
-46
-57
-64
-71
-78
-75
-72
-72
-63
-57
-58
-51
-38
-21
-5
9
9
1
-12
-21
-21
-23
-18
-19
-22
-30
-45
-50
-52
-40
-38
-31
-30
-35
-47
-58
-64
-58
-42
-27
-7
7
16
7
-9
-36
-44
-48
-41
-33
-25
-17
-23
-31
-36
-44
-46
-54
-70
-92
-116
-121
-121
-109
-107
-105
-94
-81
-57
-48
-44
-40
-45
-40
-33
-22
-14
-18
-17
-20
-29
-23
-22
-26
-32
-35
-39
-41
-40
-39
-41
-42
-34
-34
-32
-30
-28
-22
-23
-19
-20
-18
-14
-23
-37
-56
-64
-67
-64
-49
-40
-34
-39
-39
-43
-43
-35
-33
-31
-24
-11
1
8
6
2
-8
-16
-27
-38
-45
-40
-30
-37
-45
-59
-53
