29
27
20
10
2
-8
-10
-13
-22
-25
-29
-27
-15
-5
6
12
2
-5
-9
-12
-5
-4
-9
-10
-18
-27
-35
-44
-49
-46
-44
-36
-39
-36
-36
-26
-17
-1
5
13
24
26
29
34
34
39
44
45
42
35
28
30
34
38
44
48
53
56
62
64
68
71
71
72
74
73
62
46
29
13
9
2
7
3
2
0
3
11
25
41
49
52
48
46
46
48
36
25
16
9
10
8
18
29
37
42
45
47
42
37
29
20
18
19
22
20
20
13
14
19
23
31
39
39
43
44
48
55
55
51
56
58
59
57
51
51
53
59
61
64
64
64
64
52
39
29
19
12
-7
-17
-26
-28
-20
-15
-9
5
19
33
43
53
66
76
88
98
104
100
92
75
58
48
34
27
19
17
4
-1
-18
-30
-33
-37
-36
-33
-24
-15
-3
6
20
27
32
38
49
63
67
70
66
59
52
42
42
32
33
33
32
24
14
5
2
10
12
23
32
40
42
43
42
34
31
28
40
45
57
61
77
87
98
103
110
114
112
107
94
87
77
69
59
47
39
31
33
35
34
24
19
22
24
22
12
15
18
14
10
5
12
24
39
45
48
54
56
60
60
50
47
41
42
44
47
50
43
44
38
38
40
38
41
40
33
26
22
15
9
5
-1
-5
-6
-2
4
13
24
31
37
36
44
39
36
26
28
32
38
50
48
45
35
33
33
35
39
35
31
34
29
36
37
39
34
36
37
40
41
38
32
20
19
16
19
11
7
6
7
11
3
10
19
31
34
34
37
40
37
29
16
4
-2
-4
6
13
24
36
36
38
39
44
51
60
57
52
40
24
14
0
-14
-24
-35
-38
-42
-48
-60
-62
-65
-52
-46
-33
-22
-7
13
27
39
37
24
13
7
15
18
20
26
31
35
36
27
25
24
30
37
37
33
31
29
31
38
37
40
35
33
22
22
21
22
19
15
21
19
25
13
13
3
-3
-13
-20
-31
-34
-29
-31
-37
-35
-34
-23
-6
11
25
37
44
49
55
60
59
59
54
57
60
58
60
65
68
68
66
70
68
66
53
50
48
47
39
30
15
0
-14
-25
-34
-20
-8
7
11
24
36
55
74
89
95
95
87
81
78
69
61
44
29
14
-4
-23
-44
-71
-88
-102
-110
-117
-108
-95
-69
-51
-27
-9
13
27
35
39
35
33
26
22
13
5
-8
-29
-40
-37
-28
-22
-11
-9
-1
-4
-13
-16
-19
-13
-10
-3
-3
-3
3
8
19
31
40
51
55
59
53
45
41
37
35
28
15
-4
-19
-29
-25
-21
-13
-7
-7
-9
-8
-11
3
10
17
23
21
28
37
44
51
52
59
60
61
59
63
65
66
57
46
30
20
10
6
8
5
-4
-5
-8
4
22
48
67
85
97
103
112
112
115
112
112
111
109
104
100
97
93
83
72
60
51
49
46
44
43
34
36
27
24
21
26
27
21
16
11
12
12
13
17
17
24
26
32
32
28
25
24
27
24
30
28
34
31
41
52
68
72
68
62
54
48
47
43
42
41
36
29
21
11
4
7
15
28
41
53
50
51
52
62
74
76
77
77
72
73
75
76
80
75
66
58
54
50
42
25
15
2
-7
-19
-19
-22
-12
-4
10
14
21
24
21
19
13
18
27
36
37
32
32
35
47
47
50
51
56
62
59
56
49
43
40
34
25
26
14
1
-10
-15
-24
-26
-30
-30
-32
-36
-46
-43
-32
-23
-9
-10
-5
-2
7
1
3
3
-2
-1
-8
-9
-8
3
8
13
10
6
-1
-3
-7
-7
-7
-7
0
3
10
22
30
43
46
43
42
37
38
37
36
36
30
30
32
36
41
44
44
45
46
52
50
47
42
40
38
38
40
38
35
36
41
35
30
21
26
30
29
22
21
22
37
40
35
26
16
13
13
8
9
-3
-5
-18
-16
-12
-11
-7
-3
2
11
9
17
9
13
10
12
17
15
14
19
19
23
16
13
8
1
0
4
5
6
11
10
14
18
18
22
10
-2
-14
-14
-8
10
26
42
49
59
59
59
52
55
60
64
66
61
57
50
43
29
13
5
-8
-11
-14
-17
-14
-19
-17
-13
-4
0
0
0
6
13
13
6
2
0
4
-1
-3
-10
-11
-11
-3
4
7
2
-4
-5
-9
-12
-19
-21
-22
-18
-10
1
16
29
37
43
48
48
54
59
68
65
57
47
38
32
29
19
18
10
10
4
-4
-12
-19
-30
-37
-39
-41
-36
-23
-6
11
24
35
39
48
57
61
65
62
67
66
65
60
53
48
48
45
44
41
45
51
52
49
46
53
59
70
73
67
60
48
43
42
44
46
48
48
53
59
62
64
56
50
49
50
48
43
34
16
7
7
2
-6
-14
-16
-12
-1
3
6
16
25
31
38
41
45
47
48
49
49
41
38
38
42
40
42
34
37
31
31
29
23
16
14
17
17
19
14
0
-16
-27
-39
-42
-41
-40
-32
-27
-21
-12
1
16
36
45
55
62
62
58
56
53
51
52
54
57
55
49
42
35
25
15
-2
-11
-15
-15
-7
-8
-12
-16
-17
-21
-16
-13
-9
-6
-7
-3
1
4
3
-3
2
2
10
22
39
54
59
64
66
73
74
77
77
80
87
89
85
74
59
43
29
10
-2
6
6
11
17
22
41
59
73
82
80
79
73
70
67
61
61
53
50
49
40
37
26
14
-4
-20
-25
-20
-7
17
35
51
60
62
64
58
55
55
58
65
64
63
56
44
35
28
24
20
11
8
2
2
-3
5
10
16
17
23
25
25
25
27
24
28
21
23
27
33
30
26
17
11
-1
-5
-6
-8
-8
-18
-22
-28
-28
-30
-26
-25
-22
-13
-1
1
7
7
10
16
24
23
19
18
22
30
37
39
39
37
37
41
42
46
44
46
52
61
67
67
58
53
47
45
48
49
53
56
52
47
43
39
34
32
36
42
45
46
45
43
44
48
54
57
55
52
47
45
43
38
35
34
33
31
29
21
19
16
17
21
30
39
44
39
32
27
27
24
19
11
3
1
4
7
11
11
9
13
7
22
37
45
54
57
58
57
60
51
37
30
26
23
17
8
2
2
3
4
-1
-9
-16
-25
-24
-14
-12
-6
3
11
14
21
21
18
10
0
-9
-18
-23
-29
-27
-13
-3
6
10
13
19
33
44
47
44
40
40
45
51
49
39
29
21
15
5
5
1
-4
-1
-1
9
22
36
50
61
68
75
82
89
90
83
74
68
62
52
44
27
13
3
-8
-12
-16
-14
-12
-7
-3
6
12
15
14
16
16
19
20
21
22
26
28
24
15
9
-1
-1
3
-3
-4
-6
-3
1
6
13
16
15
13
11
10
8
8
5
-4
-10
-18
-18
-31
-40
-52
-58
-61
-68
-77
-86
-88
-85
-74
-60
-41
-27
-8
1
15
31
36
40
29
21
15
20
28
29
30
31
34
37
37
36
35
34
28
25
24
30
34
41
45
46
46
50
54
66
70
70
63
57
53
55
54
55
51
45
39
44
44
43
37
29
25
19
24
24
23
19
19
16
8
2
-11
-10
-7
0
14
35
55
71
73
72
69
61
58
54
47
35
28
14
1
-8
-18
-11
1
19
40
56
72
81
81
75
71
61
56
48
41
34
24
15
6
-5
-7
-9
-9
-2
1
0
1
6
-2
-3
6
17
26
35
33
25
10
3
-10
-23
-26
-25
-20
-6
8
18
22
25
28
36
41
49
52
54
47
52
47
43
42
38
35
33
26
19
13
10
4
3
11
14
25
31
35
38
38
39
36
30
26
13
2
-7
-19
-15
-18
-14
-13
-9
2
12
41
67
89
100
110
119
131
138
135
126
115
104
90
74
58
46
32
26
18
22
30
40
46
39
44
49
53
54
55
56
57
60
63
70
77
83
87
88
87
81
73
60
42
24
0
-21
-32
-49
-57
-70
-86
-103
-118
-127
-114
-90
-62
-29
6
45
78
98
111
118
119
110
100
80
60
40
23
4
-2
-12
-14
-23
-23
-27
-27
-22
-23
-16
-8
9
29
46
57
59
58
48
37
23
4
-14
-35
-53
-64
-73
-85
-93
-107
-121
-132
-139
-136
-136
-130
-117
-104
-85
-65
-44
-22
-7
4
8
17
23
31
34
34
44
54
64
73
76
69
63
57
47
43
41
44
50
53
60
61
59
62
56
49
49
44
36
32
29
30
34
40
48
59
69
76
78
81
79
78
77
73
71
63
61
54
55
52
54
54
54
50
44
27
13
7
1
2
1
-4
-9
-13
-27
-34
-39
-29
-7
9
28
47
61
73
69
64
53
45
43
48
62
64
61
57
52
50
55
56
54
50
44
41
42
40
37
35
29
28
23
17
16
16
22
24
28
30
33
35
31
30
26
25
27
32
38
37
38
35
35
39
38
48
52
59
63
71
77
92
103
115
123
120
117
108
102
92
83
74
71
66
54
51
48
56
57
57
49
43
34
26
28
32
37
33
26
18
18
17
14
19
15
10
8
6
4
-2
-3
-3
14
24
31
35
35
41
43
39
35
37
38
45
45
43
39
34
31
32
33
35
31
31
27
24
25
19
18
12
11
1
-8
-10
-4
1
10
9
8
13
16
20
28
31
36
43
48
54
64
69
71
59
46
30
13
-3
-12
-19
-17
-12
-5
-3
-9
-22
-31
-44
-44
-32
-19
0
23
40
55
68
69
73
67
57
39
23
11
5
-1
4
3
8
22
35
47
55
63
69
68
68
70
70
70
65
54
46
29
17
9
-12
-28
-38
-42
-45
-45
-41
-29
-12
3
12
18
30
47
62
72
77
80
81
87
86
80
77
65
64
63
57
52
45
30
20
14
21
29
37
34
33
27
17
16
16
25
37
49
54
58
56
56
55
56
53
44
35
24
18
9
5
4
-3
3
1
3
4
4
3
-3
-5
1
5
10
16
16
10
3
1
1
1
3
6
10
12
15
14
17
13
4
4
1
0
-1
2
2
1
-3
-10
-10
-7
-3
-5
-9
-17
-24
-22
-23
-16
-4
-3
6
6
9
9
13
22
35
45
57
62
61
58
49
47
40
41
37
46
44
46
39
37
28
30
27
29
34
29
27
23
21
24
25
28
30
28
25
19
14
7
6
1
-1
7
9
20
21
21
23
27
40
46
49
47
49
50
55
58
60
51
42
29
21
16
11
1
-7
-12
-15
-8
-12
-6
-2
3
-1
5
6
16
22
30
36
44
53
59
65
68
68
60
53
47
43
36
27
24
22
18
15
17
7
-5
-8
-21
-19
-14
-10
2
20
33
35
39
32
35
32
33
35
36
33
30
25
23
18
13
7
1
1
8
8
11
12
14
16
19
18
17
13
13
14
19
20
16
19
16
14
9
4
-1
-5
-4
-1
2
0
-1
1
8
21
29
32
26
23
18
18
25
21
21
23
22
21
7
0
2
2
17
29
32
38
32
28
22
22
28
35
34
28
13
6
-4
1
3
9
12
3
-3
-9
-13
-11
-1
4
11
18
20
22
23
31
39
51
52
58
57
44
34
26
20
19
26
30
31
27
21
27
27
28
28
32
31
32
28
25
17
13
11
9
18
19
29
31
37
31
30
23
20
20
24
33
35
32
29
24
28
36
46
54
58
64
63
60
51
36
14
4
-7
-9
5
8
14
19
15
14
15
19
17
13
10
10
8
11
18
24
27
28
33
41
41
39
48
56
66
68
61
60
61
56
51
41
37
34
27
26
28
30
24
11
-1
-10
-12
-1
-1
10
15
19
26
34
43
58
70
73
77
79
79
75
67
60
52
39
24
13
9
1
-2
-2
-5
-3
-1
-1
1
8
17
18
23
29
28
26
11
10
10
17
23
22
31
38
45
44
40
48
57
70
73
72
71
70
68
64
55
50
50
46
42
29
8
-10
-22
-20
-15
-13
-3
11
22
43
61
76
89
97
101
101
98
90
69
51
37
37
34
29
24
24
26
22
23
22
29
36
39
42
42
39
39
33
29
24
24
24
23
17
8
-5
-14
-19
-10
-14
-6
-7
-2
-4
4
4
10
18
23
17
14
4
-3
-11
-26
-27
-33
-38
-39
-32
-24
-17
-12
-11
-7
-9
-1
2
13
16
15
2
13
14
10
3
-1
-3
-1
-4
-5
-14
-14
-13
-4
3
2
6
16
20
16
9
5
3
9
7
7
7
18
20
22
16
13
11
12
3
2
-1
2
2
1
-4
-9
-14
-19
-18
-19
-8
9
19
31
37
43
46
52
55
57
57
59
60
59
58
56
53
48
51
49
49
47
38
29
20
17
14
11
15
13
15
17
15
9
3
0
1
4
6
14
16
20
19
22
23
28
33
35
41
44
47
51
47
43
32
22
18
21
28
31
32
31
27
28
27
19
9
-2
-16
-26
-28
-30
-35
-39
-27
-20
-13
-7
-1
8
14
7
6
4
5
10
14
13
12
7
9
5
4
5
-6
-11
-15
-11
-10
3
16
33
42
47
50
48
46
38
39
46
54
62
70
68
64
55
48
49
47
47
48
39
38
35
44
51
61
64
64
64
58
49
43
43
49
51
55
62
74
81
78
70
63
55
49
41
42
45
40
40
30
20
9
-3
-9
-9
-3
3
12
20
30
41
44
50
45
43
40
44
40
33
25
25
29
40
43
42
38
40
32
25
22
21
18
12
19
16
13
-3
-16
-21
-23
-19
-28
-26
-31
-28
-22
-15
0
16
23
29
27
27
30
25
21
9
4
-2
-1
-9
-10
-10
2
3
7
15
22
29
40
45
44
42
36
35
45
46
45
39
34
31
25
22
16
4
-2
-9
-7
2
15
23
27
21
20
22
23
27
22
22
17
19
13
14
10
5
3
2
-1
-3
2
6
14
25
35
44
46
41
33
26
14
8
-3
-12
-19
-20
-30
-37
-41
-35
-32
-32
-32
-28
-5
14
29
37
38
38
38
34
28
22
17
20
23
29
25
22
17
21
23
31
37
36
43
44
44
44
35
37
30
23
22
11
8
8
14
12
9
8
9
8
10
10
12
9
10
14
19
27
35
45
50
51
56
62
68
73
76
74
67
57
54
50
50
45
41
36
34
35
33
31
34
37
37
39
39
42
41
38
30
27
26
27
31
31
36
28
24
17
19
30
44
45
49
45
45
50
54
56
51
46
39
42
41
43
37
36
38
40
43
45
40
24
13
3
12
14
14
14
16
20
26
31
36
45
52
58
59
54
40
25
16
11
16
21
24
23
20
17
14
14
12
17
18
22
18
17
8
-1
-12
-16
-12
-3
4
15
18
36
52
60
57
38
29
23
34
47
56
60
54
46
38
31
22
15
14
8
13
13
15
14
17
20
21
18
12
14
7
12
11
17
22
26
30
29
24
18
15
24
33
34
37
39
46
44
42
39
38
31
37
42
56
66
77
85
88
89
92
100
111
116
116
106
100
92
84
78
73
69
66
67
65
66
72
74
75
73
74
74
68
62
53
45
41
37
39
43
51
50
52
51
52
50
42
36
43
50
59
63
61
61
57
57
49
46
36
29
19
9
7
-3
-7
-10
-13
-15
-12
-14
-12
-9
-8
-8
-12
-9
-6
-2
-1
2
4
6
3
-8
-6
-3
-2
0
6
15
22
22
27
24
24
28
35
30
34
32
34
32
34
32
28
27
26
33
38
43
49
49
47
47
49
46
39
37
35
35
32
22
12
2
-1
7
5
19
21
25
29
19
13
10
0
-9
-11
-18
-15
-19
-21
-19
-15
-13
-8
-1
15
25
36
40
34
30
21
10
13
21
33
38
42
40
34
30
30
28
25
18
15
14
13
11
5
-2
-12
-13
-18
-15
-21
-22
-19
-14
-10
-11
-8
-9
-7
1
9
26
43
59
65
67
64
59
48
38
31
29
23
19
16
20
25
36
36
36
36
44
44
51
52
55
57
54
51
48
51
54
59
58
57
52
45
38
29
22
19
15
13
20
22
24
19
12
11
4
-9
-20
-27
-31
-38
-31
-36
-31
-31
-16
-7
3
9
13
17
24
21
22
11
-3
-19
-38
-46
-50
-45
-34
-18
0
12
16
22
26
24
27
22
15
-1
-18
-33
-53
-65
-78
-89
-103
-114
-116
-116
-112
-106
-95
-70
-44
-16
6
24
40
49
62
64
65
57
53
54
59
63
65
65
58
58
56
49
42
30
24
17
11
-1
-11
-27
-30
-29
-28
-20
-20
-13
-9
-2
-1
1
3
4
1
-6
-5
-3
4
2
9
10
18
23
23
26
22
18
23
28
35
41
43
42
35
19
14
11
13
19
20
18
19
16
21
25
26
23
18
12
13
10
8
-1
-8
-11
-12
-6
2
22
40
53
70
76
87
93
102
110
112
109
101
96
90
87
78
70
57
41
26
13
9
1
3
0
0
-11
-19
-19
-10
3
17
24
30
27
25
18
15
12
13
11
19
24
35
40
42
40
41
48
48
48
44
43
49
42
35
25
19
16
16
20
30
38
47
50
48
43
46
48
44
42
39
39
44
45
50
49
47
50
45
43
31
22
15
11
9
8
12
16
25
27
27
34
39
46
42
43
35
38
33
31
24
17
7
-1
1
8
12
14
15
21
27
35
37
48
51
64
78
89
98
99
97
91
88
90
89
89
87
83
79
75
71
66
68
68
64
52
43
32
26
16
10
2
-6
-10
-23
-28
-28
-27
-25
-25
-16
-7
6
11
12
5
-1
-2
4
20
30
39
42
45
39
36
24
23
26
34
36
40
37
39
40
34
23
12
1
-8
-16
-26
-29
-22
-12
-4
2
11
18
29
35
47
49
44
35
33
29
31
29
41
48
50
47
36
35
32
33
25
20
20
22
23
23
27
32
36
40
40
38
43
44
53
56
61
59
49
44
35
31
26
20
13
12
17
17
24
21
12
2
-5
-3
3
6
2
8
13
18
18
21
18
22
20
19
11
4
-4
-8
-3
-6
-7
2
8
18
29
34
33
28
30
33
33
32
28
36
41
43
43
37
40
42
48
47
37
29
17
14
13
8
3
2
0
3
6
9
18
18
17
17
21
22
26
29
22
22
19
23
24
20
18
19
18
17
18
16
19
14
7
2
-2
3
7
13
16
6
2
-5
-13
-10
-14
-3
4
12
18
17
19
20
14
19
18
27
31
29
27
31
29
31
33
35
33
28
22
21
16
19
13
14
13
10
12
17
24
27
34
29
32
39
40
50
59
62
68
67
70
76
74
75
68
61
54
37
19
4
-12
-19
-25
-24
-17
-19
-22
-21
-13
-4
14
31
54
70
80
83
83
83
80
75
64
57
49
46
44
45
39
36
32
34
43
43
44
40
36
35
37
36
36
30
27
23
14
12
11
15
20
34
51
65
75
82
90
97
108
113
119
125
126
125
120
118
119
112
108
102
94
88
78
64
48
35
31
30
23
12
-3
-5
-9
-2
0
6
15
14
11
9
8
5
8
1
-3
-5
-6
-6
4
15
30
36
45
52
59
57
55
51
47
43
45
37
30
24
19
18
10
7
3
-1
-7
-12
-20
-22
-26
-27
-32
-30
-22
-16
-4
-1
7
9
16
15
12
15
18
20
20
32
37
41
43
44
48
54
54
58
51
42
42
40
39
35
30
24
28
27
28
22
17
14
13
6
9
10
21
30
41
43
36
26
18
19
27
37
39
40
33
23
16
9
7
-3
-5
-5
2
10
8
12
21
28
34
37
45
45
52
49
48
43
45
41
38
32
26
14
-3
-22
-30
-30
-27
-23
-18
4
32
64
86
91
90
85
83
80
79
81
85
89
89
84
78
70
64
51
25
2
-16
-38
-53
-50
-55
-49
-48
-47
-47
-50
-44
-26
5
39
71
92
105
111
110
101
93
89
90
94
98
95
84
68
47
30
16
4
-9
-24
-39
-58
-84
-107
-132
-144
-149
-141
-131
-115
-91
-67
-35
-12
13
32
43
49
61
68
75
80
76
76
80
81
82
79
83
87
89
102
109
118
119
120
120
116
111
106
95
92
80
66
54
41
32
49
