-3
-2
-6
-16
-25
-39
-55
-66
-73
-83
-93
-93
-93
-76
-52
-36
-25
-15
-18
-20
-27
-16
-16
-26
-37
-42
-40
-48
-53
-55
-47
-43
-43
-58
-61
-64
-58
-60
-48
-38
-26
-12
-6
-3
2
19
31
37
39
46
52
52
54
53
41
21
4
0
-10
-14
-18
-27
-39
-48
-52
-41
-45
-46
-54
-55
-57
-58
-64
-63
-62
-53
-50
-43
-35
-40
-29
-21
-15
-9
-5
1
3
5
13
22
15
17
15
27
38
57
67
68
77
78
86
90
96
101
92
93
72
52
27
23
23
26
31
14
9
-1
6
10
21
27
49
53
49
46
49
67
88
101
103
98
81
63
58
47
35
10
-3
-21
-38
-49
-61
-70
-83
-90
-92
-87
-81
-70
-66
-53
-35
-16
-10
-11
-1
11
21
38
38
33
30
31
45
62
79
79
68
58
65
69
73
88
97
104
104
109
107
107
105
113
123
131
143
147
156
155
156
153
149
158
158
160
151
132
124
123
129
127
132
138
147
149
146
135
117
102
105
108
105
102
88
85
92
116
142
150
151
144
131
134
133
139
141
148
149
145
138
126
110
94
83
74
61
49
41
33
36
37
45
40
49
56
65
65
66
62
50
36
29
19
22
20
22
32
35
46
44
49
56
45
41
33
23
4
-18
-25
-35
-38
-45
-42
-42
-39
-33
-22
-18
-19
-26
-35
-29
-26
-19
-22
-6
0
9
26
44
57
57
52
41
35
24
23
20
25
31
47
55
57
59
60
55
61
54
55
42
53
54
66
70
73
73
70
67
63
78
86
94
92
101
119
138
154
158
160
153
141
126
106
90
87
95
89
89
91
80
87
90
86
87
85
89
95
101
111
114
121
133
137
128
122
110
103
90
75
57
42
29
17
6
-24
-44
-70
-90
-105
-98
-104
-96
-101
-109
-123
-132
-136
-130
-129
-116
-114
-117
-114
-109
-104
-99
-104
-108
-108
-101
-97
-85
-66
-50
-35
-31
-19
-3
-2
-10
-17
-19
-17
-11
-2
11
14
22
36
53
63
61
29
16
10
20
29
41
55
58
58
64
54
35
3
-33
-69
-94
-110
-117
-112
-110
-101
-111
-105
-89
-86
-71
-73
-62
-48
-31
-16
-15
-3
10
23
31
37
45
62
67
65
45
24
17
13
9
3
8
10
14
25
35
37
28
31
23
16
24
26
37
41
45
45
46
47
49
50
51
51
50
39
42
38
42
45
65
76
98
108
110
99
90
87
79
76
69
64
60
47
43
32
32
36
37
47
51
60
59
65
75
86
93
88
86
81
89
92
87
84
83
68
48
20
13
15
18
15
14
17
19
24
25
17
25
25
27
29
35
35
30
42
46
60
58
58
56
61
68
62
54
44
49
52
66
83
93
105
108
113
106
82
61
50
44
45
36
14
-1
4
20
40
58
70
72
80
81
83
76
71
65
62
58
56
51
36
22
2
-7
-5
-11
-9
-16
-13
-19
-21
-32
-27
-21
-12
21
40
71
74
72
63
55
50
45
36
37
36
23
9
-1
-9
-9
-15
-15
-12
-23
-20
-5
-5
-3
13
20
35
38
32
30
16
0
-19
-12
-9
-3
3
4
2
-7
-11
-20
-20
-29
-20
-12
-7
-10
-12
-16
-27
-33
-40
-26
-23
-17
-22
-19
-16
-14
-8
2
26
44
69
91
101
106
96
94
89
81
73
56
32
12
-3
-8
-6
-5
-4
-25
-30
-32
-28
-16
-2
21
35
43
42
37
36
45
56
51
41
22
13
11
16
23
21
22
11
17
17
14
5
-4
6
5
-1
-19
-29
-27
-27
-16
-9
2
18
34
37
38
41
44
54
70
83
95
106
112
113
110
89
82
74
67
62
62
50
49
41
32
35
35
34
23
22
22
20
18
18
20
23
28
32
27
22
12
11
3
-7
-2
-4
0
4
8
1
-1
-9
-27
-34
-47
-51
-48
-22
-5
16
19
27
30
28
17
11
8
14
25
35
56
78
89
89
81
76
62
54
40
22
14
3
-2
0
-6
-1
2
-1
-1
-8
-12
-6
11
20
21
19
25
15
9
-4
-11
-18
-20
-23
-17
-13
-14
-11
-4
15
22
10
-15
-28
-33
-30
-32
-26
-19
-4
17
44
61
82
95
110
129
152
163
164
164
157
158
151
144
114
97
75
61
53
53
59
65
61
54
52
51
51
55
51
41
33
23
16
12
17
21
28
39
41
44
40
51
57
62
67
51
42
35
32
37
47
60
48
41
29
10
-1
-11
-9
-4
1
4
6
1
6
15
33
49
74
84
100
104
115
109
109
109
115
123
126
126
120
112
108
107
100
91
71
43
39
39
46
40
38
45
47
51
49
45
43
52
62
69
76
84
83
77
73
64
59
50
49
51
51
45
35
26
21
18
24
31
38
40
31
30
35
42
42
41
27
5
-9
-12
-10
-8
-1
6
17
21
28
24
29
40
44
40
33
32
22
25
16
19
25
21
32
30
34
41
34
17
-6
-38
-47
-59
-55
-44
-32
-16
-1
5
15
24
34
32
32
15
8
0
-5
-18
-45
-53
-67
-68
-73
-64
-55
-55
-50
-63
-73
-71
-71
-60
-63
-54
-56
-49
-55
-49
-53
-38
-33
-28
-29
-33
-16
-9
-5
-7
-12
-19
-17
-7
-8
4
-1
-8
-17
-29
-40
-55
-57
-53
-47
-42
-20
6
24
32
29
29
34
45
47
44
53
58
61
45
35
25
18
6
3
0
4
11
15
23
29
43
55
62
70
69
67
57
56
53
50
40
21
16
17
31
36
39
41
40
47
56
66
67
72
71
73
69
68
60
56
50
56
56
51
34
18
15
20
34
39
35
37
38
33
29
27
35
53
68
72
71
77
92
101
78
67
57
46
44
38
28
27
18
7
-7
-22
-21
-19
-4
11
23
32
43
52
56
60
62
72
84
82
77
61
54
46
32
12
-5
-16
-31
-40
-40
-33
-39
-46
-55
-61
-62
-65
-70
-79
-85
-87
-87
-83
-76
-79
-73
-64
-58
-52
-58
-50
-44
-35
-23
-15
-12
-11
-14
-21
-22
-17
-17
-23
-33
-34
-28
-18
11
23
36
35
33
27
19
23
20
29
32
48
49
41
42
40
46
43
43
36
40
48
58
65
65
69
59
54
53
44
47
42
44
44
48
60
70
78
91
97
102
115
126
135
129
123
118
111
100
85
77
74
77
77
69
67
72
69
57
42
28
19
12
13
-1
-6
-8
-22
-31
-37
-32
-36
-43
-39
-33
-27
-29
-23
-15
-10
-6
4
0
-1
-9
-13
-19
-10
-4
0
8
10
-1
1
3
7
4
6
10
8
-6
-20
-43
-58
-70
-88
-106
-118
-112
-108
-101
-90
-81
-70
-60
-44
-30
-19
-2
15
28
34
44
46
55
64
72
88
89
97
95
105
109
107
102
95
106
105
104
97
95
93
91
81
81
81
89
89
85
97
109
122
127
120
121
116
119
131
137
150
155
161
165
163
148
126
105
104
97
105
99
96
91
87
85
80
81
91
89
90
82
77
71
73
79
80
75
73
84
86
84
85
73
67
61
51
40
23
12
13
18
18
21
20
33
44
45
29
9
-2
-5
3
6
8
7
12
20
23
34
40
51
47
45
42
42
37
46
49
48
57
55
43
44
33
33
23
22
21
24
26
27
27
12
-5
-28
-48
-64
-77
-75
-61
-32
-17
-4
-8
-10
-10
-1
17
33
49
59
60
65
62
68
76
81
82
80
70
66
64
55
44
36
34
18
15
9
11
7
5
5
4
11
12
15
24
38
46
53
57
72
89
102
111
108
91
73
65
57
53
54
53
43
36
30
33
45
55
50
50
41
42
36
34
28
38
42
45
44
46
50
58
55
49
44
36
27
18
15
17
25
30
35
38
51
61
71
59
41
24
10
25
28
22
-1
-15
-12
-13
-6
-4
3
2
-3
-9
-25
-42
-47
-52
-50
-43
-44
-52
-50
-46
-46
-41
-37
-32
-21
-15
-3
6
-4
-20
-40
-49
-42
-21
-19
-21
-30
-39
-41
-44
-51
-60
-58
-53
-42
-51
-62
-61
-67
-57
-45
-36
-33
-22
-15
-10
-9
-5
0
4
7
10
18
20
31
33
31
35
31
30
31
39
42
49
56
58
57
48
47
40
38
35
26
22
18
8
-7
-10
-3
4
5
-4
-5
-15
-24
-26
-31
-28
-20
-10
3
17
28
38
25
17
17
9
15
17
15
12
14
5
-11
-16
-20
-26
-37
-52
-55
-64
-63
-56
-48
-42
-36
-33
-35
-31
-27
-14
-8
8
19
32
43
64
75
83
86
76
81
83
82
77
68
71
56
41
23
15
14
4
2
-5
-9
-14
-14
-11
-12
-4
-7
-6
-9
-2
7
12
15
9
-1
-8
3
9
26
39
52
48
51
37
34
33
46
52
58
70
76
96
106
127
143
140
143
133
136
127
120
109
99
109
110
109
108
102
102
104
111
117
122
126
142
162
189
203
202
187
181
186
188
185
176
164
158
157
155
147
135
136
140
139
142
139
140
142
155
163
160
151
137
120
116
119
122
115
105
99
99
92
86
68
61
52
36
27
9
13
10
15
36
48
55
49
40
22
9
0
-9
-5
-2
9
11
14
19
26
26
24
22
16
22
24
23
14
1
-8
-7
-8
-17
-27
-40
-40
-31
-28
-27
-28
-29
-36
-33
-36
-37
-31
-34
-46
-64
-81
-102
-113
-113
-98
-93
-95
-99
-91
-84
-70
-57
-30
-15
7
18
40
51
59
50
36
37
37
30
22
2
-20
-26
-24
-11
-6
1
10
18
28
37
38
35
38
43
47
54
70
80
87
96
103
109
119
113
106
97
92
90
79
69
49
31
12
1
-4
-1
12
34
51
57
73
94
107
123
120
120
116
104
86
64
58
70
86
86
85
79
78
84
85
70
53
42
34
27
16
7
3
7
6
4
-9
-23
-25
-25
-17
-14
-9
-8
-3
4
7
6
9
2
-13
-26
-31
-23
-15
-1
6
10
14
8
1
-18
-28
-35
-28
-20
-11
1
8
14
9
-4
-5
-10
-8
-13
-18
-18
-10
-8
-4
-9
-11
-16
-33
-36
-35
-32
-40
-55
-55
-62
-51
-47
-54
-67
-72
-72
-69
-68
-69
-70
-66
-66
-53
-46
-36
-37
-45
-54
-58
-45
-33
-16
-4
7
1
2
-3
-4
2
0
-1
-6
-12
-20
-18
-11
3
18
13
10
6
0
-4
1
6
30
50
55
49
47
46
59
60
58
49
46
61
72
76
67
64
68
74
79
88
98
97
92
75
67
71
76
76
68
68
66
69
69
67
67
67
71
65
51
50
50
55
58
65
84
95
110
112
113
110
114
118
125
126
124
123
118
119
111
110
112
105
107
102
106
110
103
109
107
105
102
101
94
90
85
76
59
48
36
30
19
17
10
5
9
16
22
32
32
40
44
40
47
33
16
1
-17
-27
-38
-40
-46
-44
-37
-32
-30
-26
-15
-15
-11
-8
-5
6
14
20
15
20
29
30
25
19
10
14
1
-2
-14
-25
-31
-45
-50
-47
-36
-27
-23
-23
-18
-12
-10
-11
-18
-10
-3
0
0
-1
-10
-12
-18
-7
-3
-5
-8
-7
-7
2
10
18
5
-2
-3
-8
-8
-13
-16
-27
-23
-18
-14
-5
7
18
30
29
29
15
7
1
-3
-9
-12
-27
-34
-34
-33
-34
-34
-35
-34
-39
-41
-50
-50
-49
-31
-18
-8
-2
4
7
9
13
17
21
18
27
15
20
18
18
13
6
9
13
18
27
24
22
21
27
35
46
58
61
72
74
80
77
72
73
71
62
59
54
42
30
20
9
8
9
15
19
21
13
11
1
2
10
21
23
43
46
53
60
57
52
47
43
49
65
78
88
90
83
85
82
87
92
92
90
99
107
120
118
113
100
93
90
99
100
104
101
101
96
78
66
60
59
62
54
47
33
22
7
2
1
-5
-11
-1
7
19
27
36
38
40
44
36
39
39
58
63
73
76
75
68
62
58
55
54
59
53
59
60
70
72
75
79
79
86
86
94
92
92
99
109
113
110
94
69
44
39
36
31
20
22
16
25
26
15
7
2
7
6
0
-10
-22
-41
-46
-40
-40
-33
-22
-9
1
12
11
7
22
28
36
23
17
20
25
27
27
17
3
-1
-14
-10
-17
-24
-35
-45
-51
-58
-61
-68
-68
-68
-63
-43
-37
-27
-34
-28
-22
-7
10
12
1
-12
-15
-13
-7
-3
-1
-2
1
26
42
60
67
66
57
44
34
18
-3
-11
-17
-22
-24
-23
-17
-9
4
-3
-3
-16
-22
-31
-33
-38
-42
-54
-49
-38
-25
-7
3
8
1
4
4
1
8
12
14
-2
-2
4
8
8
4
1
7
6
10
4
5
5
-5
-1
6
14
27
31
40
44
44
46
37
37
35
39
26
13
9
7
-1
0
-6
-11
-18
-26
-24
-18
-5
-1
-7
-20
-24
-21
-11
1
10
12
13
12
15
21
17
8
-8
-16
-13
-16
-16
-12
-5
5
12
24
22
22
23
35
53
75
85
80
83
84
94
93
85
78
62
62
62
63
61
51
48
42
44
54
65
78
91
96
95
97
95
97
86
82
68
58
61
84
100
106
99
97
98
111
136
150
162
166
165
164
160
156
148
141
143
140
132
128
126
120
109
104
100
97
91
81
72
67
66
66
65
62
59
43
44
49
53
55
40
44
36
34
27
15
-1
-8
-3
9
19
33
43
49
58
56
42
29
9
-1
2
9
5
2
1
4
-5
-10
-20
-13
-8
-6
-1
-3
-8
-7
-11
-19
-24
-23
-18
-10
2
5
12
6
9
14
19
15
7
-5
3
12
10
-8
-10
-20
-13
-1
21
37
53
61
57
54
46
49
38
34
36
37
35
27
12
0
-5
-11
-22
-40
-40
-30
-15
10
26
39
54
73
85
97
120
136
141
135
130
126
122
107
95
71
45
22
4
-1
-9
-3
-8
-1
17
32
41
52
65
61
69
64
69
65
56
51
36
27
26
19
20
18
29
34
32
27
23
20
12
1
-11
-9
-7
-11
-23
-35
-36
-43
-50
-55
-55
-52
-44
-43
-39
-33
-22
-5
2
11
21
28
29
22
5
-18
-33
-46
-58
-67
-77
-91
-101
-107
-110
-105
-95
-80
-78
-69
-62
-54
-60
-60
-55
-47
-36
-35
-37
-39
-28
-16
-15
-11
-8
-8
-12
-17
-17
-18
-5
-3
0
-5
0
7
4
9
4
12
22
38
53
67
79
92
96
87
72
55
42
30
28
33
48
68
77
85
80
92
93
92
87
72
72
74
83
82
80
72
67
56
45
45
44
49
51
45
35
22
22
20
25
30
33
30
20
18
10
19
16
27
35
48
46
44
32
37
35
24
22
21
13
6
8
3
0
-1
0
1
-1
-6
-12
-23
-26
-39
-43
-43
-28
-14
-7
3
14
22
36
36
36
24
17
20
27
38
49
54
63
64
51
32
11
9
4
7
15
16
25
31
40
44
52
64
75
68
64
61
54
51
45
29
23
20
29
34
41
42
30
13
-4
-20
-38
-49
-50
-55
-60
-67
-68
-61
-52
-46
-40
-32
-16
-1
8
16
22
24
21
16
10
6
7
15
20
19
21
29
32
42
52
50
55
56
59
52
39
22
16
16
40
53
67
74
82
88
93
96
104
107
107
105
92
85
81
82
84
89
99
110
121
135
147
149
145
134
120
120
118
135
150
167
175
175
169
171
171
175
179
174
167
156
155
151
156
166
167
154
139
136
132
133
128
117
108
96
95
81
80
79
85
89
85
84
77
73
71
67
58
46
44
39
39
33
21
0
-11
-30
-53
-46
-34
-11
7
13
23
21
19
25
31
39
44
41
37
35
35
35
26
21
17
18
8
21
30
41
45
34
23
8
5
-10
-7
-9
-8
-5
-7
15
26
51
55
57
60
59
54
46
50
55
47
13
-13
-25
-30
-26
-35
-49
-52
-42
-21
-4
-1
0
-3
-3
16
26
40
47
66
85
93
84
63
30
4
-8
-14
-18
-26
-35
-41
-45
-56
-52
-51
-39
-29
-18
-10
-9
-20
-29
-34
-32
-27
-17
-11
-22
-32
-42
-57
-59
-69
-59
-68
-59
-49
-45
-41
-36
-29
-20
-11
5
30
39
44
40
43
49
60
67
55
50
40
31
19
14
9
5
-8
-24
-43
-43
-42
-33
-26
-9
7
16
22
24
31
33
31
34
35
41
57
56
49
57
61
65
77
85
85
78
69
63
64
69
72
74
75
68
59
45
44
52
55
53
32
23
21
21
29
24
39
52
57
49
43
26
18
18
15
8
-10
-16
-27
-36
-45
-48
-51
-53
-51
-57
-52
-51
-39
-36
-24
-17
-8
-9
-6
6
13
15
20
14
13
11
15
13
11
9
15
21
34
44
44
45
50
49
35
24
11
1
-9
-19
-27
-30
-29
-24
-19
-16
-19
-26
-35
-37
-40
-56
-67
-59
-45
-26
-9
7
27
39
42
56
59
79
84
97
100
93
103
93
99
93
78
68
59
56
55
62
63
66
69
79
88
92
99
92
85
84
90
82
83
77
75
66
57
48
39
35
16
1
-18
-20
-16
-15
-17
-23
-25
-33
-33
-43
-59
-72
-73
-68
-64
-57
-68
-78
-83
-81
-81
-84
-93
-92
-94
-93
-79
-64
-46
-27
-33
-31
-34
-27
-16
-8
0
14
21
23
27
7
-3
-16
-38
-55
-79
-80
-82
-74
-70
-72
-80
-74
-60
-52
-38
-37
-34
-35
-34
-24
-20
-5
16
40
66
85
107
114
124
128
126
106
93
85
78
73
70
60
53
52
58
78
104
113
112
108
101
94
82
66
58
47
44
45
40
29
14
5
-4
-5
-1
-5
-17
-33
-30
-21
-3
-3
-6
-17
-13
-8
-9
-1
10
22
27
28
36
38
30
33
38
44
51
55
56
60
61
56
52
39
38
42
52
66
69
72
82
73
63
44
40
32
29
27
34
34
39
40
40
40
51
54
53
52
59
65
68
71
61
57
57
60
59
53
47
34
28
20
34
43
57
69
72
73
64
68
69
70
67
64
50
51
45
51
65
70
66
59
60
70
78
88
97
101
99
97
96
89
89
82
88
81
83
73
68
61
56
40
19
7
0
1
9
21
27
39
54
69
75
83
93
106
113
104
91
67
60
52
34
13
1
-15
-24
-45
-59
-62
-61
-59
-66
-72
-79
-75
-71
-65
-50
-55
-51
-57
-46
-42
-30
-15
0
10
23
34
40
39
35
26
28
43
51
61
61
58
62
62
66
52
38
29
25
20
12
9
7
0
-6
-6
5
7
29
25
20
8
7
7
7
8
10
3
-12
-19
-29
-31
-39
-53
-60
-66
-67
-86
-95
-85
-77
-65
-50
-20
11
36
52
55
62
65
66
60
51
53
48
41
31
25
17
14
20
17
8
-2
-9
-14
-23
-17
-11
-16
-15
-24
-24
-12
0
5
3
9
16
17
18
13
19
27
38
45
51
62
69
70
70
72
78
75
72
57
47
39
52
66
81
75
75
66
67
62
60
61
69
69
69
75
96
112
116
120
116
121
121
130
131
127
114
108
107
118
135
142
146
164
165
182
186
200
211
224
241
253
266
269
272
259
245
231
223
205
190
184
180
173
170
166
166
172
172
176
171
174
172
167
157
145
114
97
69
54
26
15
5
4
15
14
25
18
23
26
28
36
42
44
45
43
32
23
7
-2
-2
-7
-10
-20
-25
-29
-25
-37
-43
-56
-60
-67
-66
-64
-56
-57
-36
-16
1
16
37
46
49
38
8
-1
-6
-4
-7
-15
-30
-47
-72
-83
-84
-77
-76
-70
-67
-64
-60
-41
-29
-12
1
4
20
35
51
51
49
56
63
68
69
66
67
77
85
96
96
107
119
126
132
133
136
134
136
127
112
111
108
109
95
84
78
74
68
58
45
29
26
18
27
47
70
76
78
71
76
76
68
58
50
47
43
38
22
16
19
11
5
-4
-18
-18
-21
-27
-25
-16
10
35
58
57
48
32
17
6
-3
-22
-25
-30
-41
-47
-45
-40
-51
-59
-69
-73
-75
-62
-52
-36
-30
-36
-47
-52
-45
-31
-24
-13
1
1
10
14
22
22
24
7
7
-2
-7
-12
-16
-11
-13
-9
-12
-19
-28
-25
-10
7
3
-7
-1
4
31
46
62
65
69
72
74
86
96
94
87
77
83
78
82
83
71
58
40
24
25
12
7
-3
-7
-4
-5
-5
4
13
16
23
34
34
28
12
10
-1
-2
-10
-12
-21
-27
-28
-28
-19
-10
-16
-30
-45
-55
-67
-72
-70
-64
-59
-46
-33
-32
-31
-44
-47
-58
-60
-55
-49
-41
-33
-21
-14
5
13
21
23
42
45
56
55
55
36
