-19
-23
-23
-28
-24
-18
-14
-13
-14
-20
-25
-28
-24
-20
-5
21
47
62
73
78
74
69
63
64
60
53
38
20
7
3
3
1
0
-7
-11
-15
-14
-14
-12
-7
1
5
16
31
41
60
75
90
95
96
98
94
94
89
86
74
61
43
30
13
0
-13
-31
-42
-52
-59
-69
-77
-83
-89
-97
-100
-101
-101
-98
-91
-83
-79
-67
-63
-56
-45
-30
-15
-13
-12
-13
-14
-20
-24
-28
-37
-44
-52
-64
-58
-55
-43
-33
-19
-13
-3
2
12
15
17
17
15
13
9
11
10
4
-1
-8
-20
-18
-16
-13
-6
8
22
34
39
45
42
49
57
56
47
29
19
3
-8
-23
-40
-64
-82
-98
-122
-136
-148
-155
-165
-164
-163
-159
-151
-146
-134
-120
-107
-89
-79
-66
-56
-46
-45
-42
-50
-49
-52
-47
-45
-50
-44
-38
-42
-48
-42
-38
-23
-5
7
17
20
29
32
41
43
34
21
13
12
6
4
1
-4
-13
-21
-26
-26
-21
-18
-18
-20
-16
-14
-18
-13
-7
-3
-2
1
8
14
20
18
13
1
-2
-5
1
6
13
21
24
33
37
43
43
49
48
45
40
27
11
-1
-4
-17
-29
-39
-45
-49
-50
-52
-54
-49
-41
-30
-18
-19
-14
-10
-5
7
12
10
11
13
6
3
2
6
5
3
-1
-8
-9
-7
-5
-13
-18
-29
-42
-57
-70
-75
-84
-83
-85
-81
-78
-63
-57
-54
-55
-61
-68
-70
-67
-59
-55
-43
-31
-15
6
24
35
43
46
39
25
8
-4
-17
-29
-35
-42
-47
-48
-50
-47
-41
-35
-28
-26
-7
6
23
33
44
46
40
34
27
25
17
14
12
7
6
5
2
7
17
26
28
35
32
27
17
7
-2
-7
-15
-26
-42
-48
-49
-60
-68
-79
-78
-74
-59
-41
-16
2
22
33
45
56
67
69
63
53
39
21
0
-10
-28
-42
-58
-76
-93
-98
-101
-99
-95
-90
-83
-81
-80
-68
-61
-42
-31
-24
-26
-21
-24
-19
-15
-12
-14
-26
-26
-30
-33
-38
-42
-34
-30
-23
-12
-4
1
2
-7
-15
-13
-10
-7
0
9
16
20
21
16
18
19
28
38
54
71
86
93
97
103
95
88
69
47
16
-5
-29
-47
-59
-57
-60
-61
-67
-73
-90
-96
-98
-86
-73
-58
-39
-29
-11
7
31
44
57
59
47
43
39
34
18
12
2
0
-10
-13
-16
-9
6
19
25
25
28
31
33
35
28
16
11
10
8
2
-1
-4
-5
-5
-5
-7
-4
-2
-2
-1
4
21
34
41
45
42
38
30
22
10
4
-1
-11
-22
-34
-47
-66
-75
-75
-69
-61
-43
-32
-17
-8
4
6
-1
-1
-4
2
7
10
8
2
-8
-14
-27
-41
-54
-69
-79
-79
-80
-83
-74
-64
-57
-53
-57
-59
-63
-71
-74
-76
-84
-85
-95
-96
-106
-105
-110
-111
-107
-113
-112
-111
-105
-96
-83
-60
-39
-28
-18
-19
-15
-23
-21
-26
-23
-28
-24
-31
-32
-34
-31
-25
-7
11
29
41
57
70
73
72
68
57
40
34
24
24
19
7
-7
-13
-21
-21
-25
-25
-19
-21
-14
1
24
50
68
74
69
62
53
35
22
10
4
-7
-14
-19
-29
-43
-53
-59
-60
-55
-45
-36
-29
-17
-13
-3
9
14
18
15
12
13
0
0
-9
-20
-36
-43
-52
-57
-62
-60
-61
-61
-60
-53
-52
-50
-53
-56
-54
-57
-62
-67
-63
-60
-70
-72
-76
-75
-74
-70
-63
-57
-55
-43
-31
-12
7
26
29
31
37
31
24
9
-1
-15
-28
-36
-48
-52
-53
-57
-61
-64
-58
-53
-40
-22
-1
15
30
36
42
41
43
33
24
16
6
-10
-22
-31
-37
-52
-56
-56
-52
-43
-34
-29
-34
-38
-43
-47
-48
-47
-45
-41
-31
-18
-12
-2
7
12
16
15
13
7
4
7
7
10
17
14
6
-2
-2
-7
-6
-4
-3
-18
-20
-32
-21
-19
-9
-4
-7
-9
-7
-6
-1
2
5
6
8
9
9
18
25
37
33
31
28
25
26
24
19
7
-1
-17
-28
-36
-32
-21
-14
-2
4
9
12
19
23
27
30
28
19
7
4
-6
-6
-11
-14
-21
-28
-35
-43
-48
-53
-58
-64
-65
-70
-80
-85
-88
-87
-83
-80
-73
-70
-66
-56
-54
-56
-56
-53
-50
-36
-25
-13
-18
-18
-27
-32
-38
-37
-35
-44
-51
-66
-80
-92
-94
-103
-106
-106
-100
-92
-77
-61
-48
-32
-15
-3
3
9
21
21
20
13
-3
-22
-43
-53
-65
-74
-81
-86
-86
-90
-94
-99
-99
-97
-98
-100
-94
-85
-80
-78
-73
-68
-60
-56
-50
-53
-48
-43
-35
-32
-28
-27
-20
-14
-11
-8
-17
-14
-16
-16
-7
3
15
20
27
29
22
12
4
2
1
7
16
25
32
39
46
57
74
77
81
80
81
84
82
83
74
68
56
58
52
49
38
26
12
5
2
-6
-5
4
17
30
36
46
48
55
62
65
62
58
57
56
55
56
54
49
38
26
16
1
-9
-19
-30
-27
-34
-28
-20
-12
-2
-8
-3
-2
0
1
-3
-10
-11
-5
-13
-23
-32
-38
-35
-30
-29
-36
-45
-49
-43
-40
-34
-19
-3
15
17
18
5
-3
-11
-22
-37
-44
-50
-49
-50
-52
-54
-64
-66
-67
-67
-53
-40
-26
-19
-4
4
2
2
1
-1
-8
-15
-29
-40
-45
-48
-51
-43
-48
-54
-64
-69
-67
-64
-65
-63
-69
-69
-72
-68
-71
-68
-65
-67
-69
-79
-78
-75
-64
-49
-43
-47
-45
-39
-26
-18
-13
-8
-9
-15
-25
-41
-42
-41
-37
-46
-51
-49
-50
-44
-36
-24
-12
2
7
12
17
29
34
38
34
29
14
5
-9
-15
-24
-28
-36
-51
-64
-64
-68
-64
-62
-56
-55
-53
-48
-38
-20
-5
11
16
19
26
23
21
21
18
14
11
9
-3
-18
-38
-60
-78
-90
-93
-97
-98
-94
-92
-92
-86
-82
-73
-67
-61
-57
-50
-45
-46
-43
-42
-32
-32
-38
-37
-40
-39
-43
-38
-44
-44
-38
-23
-10
0
11
14
20
25
24
23
22
27
24
16
9
-1
-10
-21
-27
-37
-33
-27
-13
0
8
24
40
58
73
78
81
80
86
85
82
78
69
55
42
28
9
-10
-24
-32
-40
-41
-47
-52
-52
-47
-54
-61
-61
-50
-35
-20
-6
3
6
14
19
18
10
1
-10
-12
-11
-19
-25
-32
-31
-35
-37
-37
-35
-35
-29
-22
-13
-2
16
35
45
49
52
51
47
40
37
33
35
35
31
36
37
44
40
39
32
27
27
33
33
27
26
18
11
1
-4
-13
-20
-21
-26
-30
-30
-25
-24
-33
-32
-26
-19
-7
-3
3
3
4
-1
-8
-19
-19
-22
-21
-20
-23
-28
-35
-36
-37
-35
-34
-38
-41
-49
-58
-67
-68
-68
-64
-59
-56
-50
-47
-40
-30
-24
-22
-26
-32
-49
-55
-54
-56
-58
-53
-51
-44
-39
-30
-19
-12
-4
14
31
43
54
55
51
43
22
6
-7
-17
-32
-52
-58
-72
-81
-92
-92
-90
-90
-83
-80
-75
-69
-57
-42
-23
-11
-6
0
7
13
6
0
-1
-4
-9
-13
-18
-24
-24
-21
-15
-12
-13
-12
-16
-23
-23
-22
-19
-13
-16
-18
-19
-21
-14
-14
-5
-6
-1
7
20
25
25
25
27
33
38
47
46
39
34
23
9
-5
-16
-24
-30
-30
-38
-46
-43
-37
-36
-33
-35
-28
-28
-23
-14
-11
-1
4
3
1
-4
-8
-12
-11
-7
-8
-18
-29
-31
-34
-31
-28
-24
-25
-19
-14
-14
-11
-8
-7
-11
-19
-28
-37
-51
-52
-56
-61
-59
-61
-66
-70
-71
-66
-67
-62
-59
-50
-40
-21
-11
-6
-5
-11
-10
-9
2
2
-6
-17
-31
-42
-51
-59
-62
-66
-64
-69
-79
-92
-99
-109
-109
-94
-76
-53
-28
-10
4
10
22
29
30
24
16
14
16
12
9
-1
-5
-11
-19
-26
-31
-32
-39
-45
-52
-58
-67
-67
-73
-74
-72
-74
-66
-55
-38
-30
-21
-11
1
8
18
26
39
46
44
35
15
-7
-26
-37
-42
-52
-62
-76
-79
-72
-64
-56
-44
-37
-29
-20
-9
-1
9
13
16
13
9
9
9
7
6
-1
-10
-19
-26
-30
-30
-24
-15
-5
6
12
17
24
36
33
21
11
2
-4
-5
-1
7
12
10
3
-1
3
5
4
-1
1
4
11
14
23
26
26
25
17
3
-13
-27
-31
-27
-14
-6
2
6
10
8
11
13
8
-3
-11
-16
-15
-17
-17
-19
-27
-33
-38
-46
-53
-59
-67
-71
-77
-86
-96
-99
-96
-87
-80
-70
-61
-53
-43
-28
-14
-11
-8
-9
-16
-22
-17
-19
-16
-11
-11
-8
-9
-7
-10
-9
-1
2
6
11
21
24
32
35
38
30
20
13
2
0
-3
-2
-6
-4
2
3
9
15
22
18
27
33
45
53
61
62
54
41
30
20
14
9
8
-1
-5
-18
-36
-51
-68
-82
-83
-83
-83
-83
-78
-70
-56
-53
-47
-49
-55
-59
-58
-58
-48
-37
-26
-16
-12
-7
1
1
7
2
-8
-19
-20
-30
-38
-48
-58
-69
-74
-80
-90
-94
-96
-92
-93
-87
-88
-82
-72
-63
-55
-48
-39
-29
-18
-18
-11
-16
-23
-23
-30
-37
-43
-52
-56
-61
-62
-62
-64
-55
-36
-22
-12
-1
7
14
22
27
30
25
21
5
-12
-23
-24
-29
-24
-23
-19
-21
-21
-22
-21
-19
-18
-15
-16
-13
-11
-6
4
20
26
27
28
31
31
28
32
42
49
54
53
47
43
39
30
22
19
22
23
22
16
11
8
5
-2
-9
-12
-5
-1
-3
-8
-11
-24
-26
-29
-25
-31
-39
-49
-61
-64
-58
-56
-50
-47
-48
-46
-51
-55
-68
-83
-80
-78
-68
-64
-59
-56
-41
-25
-11
0
7
21
33
37
46
46
49
49
42
23
15
10
5
-4
-16
-32
-46
-55
-53
-56
-54
-53
-42
-41
-36
-32
-33
-37
-37
-44
-51
-54
-50
-46
-45
-47
-50
-54
-55
-58
-59
-53
-42
-33
-29
-32
-31
-29
-27
-19
-24
-27
-36
-31
-34
-31
-27
-26
-16
-6
1
7
12
16
12
4
-11
-21
-33
-38
-37
-33
-41
-41
-51
-59
-68
-74
-74
-75
-69
-70
-68
-70
-70
-73
-76
-67
-56
-41
-32
-20
-4
18
41
53
54
43
38
28
19
7
-7
-18
-30
-29
-32
-31
-20
-13
2
16
27
27
23
17
14
15
20
29
31
35
41
44
41
33
30
28
39
46
50
57
60
66
61
53
52
44
41
40
36
27
20
15
13
9
2
-10
-32
-38
-41
-28
-22
-14
-8
-6
-2
5
7
14
11
4
-7
-15
-16
-23
-28
-28
-39
-50
-56
-53
-58
-65
-78
-85
-92
-93
-96
-95
-90
-83
-79
-80
-88
-90
-94
-95
-89
-85
-75
-66
-61
-57
-54
-45
-39
-41
-34
-34
-23
-14
4
19
25
28
33
38
46
55
62
69
73
78
77
80
83
85
88
90
85
69
59
55
58
60
62
58
52
42
40
38
40
39
36
30
30
34
36
38
47
53
61
64
67
58
55
50
47
43
39
37
26
18
13
7
-8
-19
-27
-27
-25
-23
-23
-32
-33
-34
-32
-23
-19
-14
-13
-8
-11
-23
-29
-27
-30
-36
-42
-48
-58
-59
-61
-62
-65
-58
-50
-45
-46
-43
-35
-22
-3
8
15
18
23
21
17
10
0
-8
-12
-15
-26
-31
-30
-30
-27
-24
-12
-9
-6
-10
-16
-19
-28
-33
-41
-42
-48
-55
-68
-77
-81
-86
-84
-88
-86
-92
-81
-74
-64
-51
-32
-19
-13
-7
2
7
14
16
12
-1
-14
-25
-30
-25
-23
-20
-19
-26
-41
-59
-72
-70
-75
-69
-65
-61
-52
-48
-31
-15
-5
6
6
-1
-5
1
-1
-2
-9
-14
-21
-28
-31
-35
-37
-40
-45
-51
-53
-49
-50
-45
-38
-27
-16
-9
-4
-11
-7
-3
0
-2
4
8
15
15
8
4
1
8
11
9
1
-6
-12
-10
-2
5
-2
-3
-7
-9
-11
-13
-14
-9
8
28
36
37
35
33
26
20
21
20
20
19
14
10
10
10
8
3
-2
-6
-20
-29
-33
-31
-23
-10
0
6
17
24
25
25
18
11
-7
-14
-23
-32
-35
-39
-41
-48
-56
-67
-74
-76
-72
-74
-73
-72
-66
-62
-57
-49
-41
-35
-29
-25
-26
-25
-26
-25
-25
-24
-34
-39
-42
-39
-41
-35
-27
-21
-22
-14
-3
-3
1
1
3
-2
-10
-15
-22
-16
-2
17
26
29
28
18
14
8
1
-5
-18
-26
-33
-35
-27
-24
-29
-24
-24
-21
-9
5
17
20
24
26
22
17
14
16
7
6
-6
-23
-31
-38
-46
-49
-55
-55
-55
-43
-26
-17
-2
5
21
26
33
37
38
36
35
33
22
8
-9
-30
-32
-33
-29
-30
-29
-29
-32
-36
-34
-38
-43
-48
-53
-59
-62
-64
-65
-62
-58
-54
-47
-43
-38
-37
-40
-36
-33
-30
-23
-16
-13
-11
-13
-20
-38
-58
-68
-77
-84
-85
-88
-84
-81
-76
-77
-65
-51
-41
-42
-40
-31
-25
-18
-15
-17
-22
-22
-21
-17
-20
-16
-23
-31
-45
-56
-62
-46
-23
5
24
37
50
54
57
54
43
17
-7
-40
-74
-108
-135
-156
-174
-184
-190
-201
-201
-195
-185
-181
-174
-177
-173
-171
-153
-132
-114
-102
-95
-92
-88
-81
-81
-81
-82
-82
-81
-77
-70
-70
-62
-50
-46
-40
-33
-20
-11
-4
6
11
14
7
0
-5
-4
2
10
15
20
24
20
23
21
27
23
28
31
33
39
36
39
38
47
49
43
39
35
27
16
22
28
34
40
44
54
63
76
88
97
95
98
92
81
71
50
38
20
9
-5
-14
-22
-28
-32
-32
-30
-38
-44
-42
-35
-22
-10
0
4
4
4
1
-3
-9
-21
-40
-58
-68
-77
-90
-97
-105
-111
-107
-98
-80
-64
-45
-25
-11
6
16
19
14
5
-4
-12
-17
-14
-14
-13
-7
-9
-14
-13
-10
5
12
30
30
25
25
25
25
19
16
10
6
3
1
-11
-22
-33
-46
-56
-63
-59
-50
-31
-15
-2
-3
-6
-6
-4
1
5
5
1
-1
-10
-15
-23
-29
-35
-42
-47
-50
-47
-38
-18
2
17
28
36
37
35
36
26
13
1
-13
-20
-26
-28
-34
-47
-52
-60
-64
-67
-63
-61
-58
-50
-45
-38
-29
-13
-4
4
7
4
-6
-12
-17
-24
-30
-44
-52
-59
-61
-60
-58
-53
-45
-41
-41
-27
-14
1
11
15
21
14
13
10
10
9
6
-5
-15
-21
-25
-30
-27
-24
-23
-28
-24
-25
-22
-13
0
15
35
49
50
43
26
23
14
6
3
-9
-14
-23
-18
-20
-21
-18
-19
-21
-21
-14
2
20
34
41
44
46
50
50
53
62
65
67
64
61
60
54
52
51
45
44
36
30
20
16
6
-9
-19
-26
-37
-45
-50
-53
-58
-59
-62
-62
-70
-68
-74
-68
-61
-57
-53
-50
-43
-28
-14
0
10
16
20
18
13
3
-1
-14
-32
-49
-56
-66
-68
-65
-59
-51
-41
-23
-6
9
22
21
17
17
29
35
41
41
39
28
4
-13
-29
-32
-27
-29
-29
-24
-21
-21
-21
-23
-18
-15
-15
-18
-28
-40
-48
-55
-62
-65
-72
-67
-65
-61
-66
-74
-80
-92
-98
-100
-89
-74
-58
-38
-21
-6
5
16
16
15
15
9
6
4
6
6
4
5
-3
-10
-17
-14
-17
-10
0
4
1
-5
-8
-12
-9
-9
-6
-7
-5
-6
-9
-11
-14
-11
-12
-7
-1
0
6
8
16
19
24
22
15
8
3
-3
-16
-17
-26
-36
-45
-51
-55
-62
-68
-71
-68
-64
-60
-56
-46
-35
-20
-7
5
23
30
39
41
37
31
24
32
35
37
38
33
26
16
14
4
-1
-3
-1
2
6
16
25
38
44
50
53
54
50
45
40
38
28
12
-4
-22
-38
-53
-64
-83
-98
-114
-132
-149
-160
-165
-167
-168
-160
-150
-132
-117
-98
-87
-68
-49
-40
-36
-38
-34
-34
-31
-27
-34
-43
-52
-48
-53
-54
-59
-66
-76
-84
-91
-91
-89
-78
-73
-59
-42
-21
-8
10
26
54
64
72
74
71
70
73
74
74
72
64
57
46
41
33
26
20
14
14
15
18
14
9
4
-1
-11
-15
-9
-1
10
26
34
35
34
38
41
41
40
35
24
13
5
1
3
0
-9
-25
-36
-39
-43
-37
-34
-31
-37
-35
-35
-31
-23
-17
-10
-1
8
19
16
16
8
-1
-12
-19
-37
-47
-56
-50
-49
-50
-51
-49
-53
-50
-45
-36
-31
-19
-13
-5
2
10
17
17
17
13
0
-12
-28
-37
-46
-47
-47
-43
-33
-23
-13
-6
5
5
3
-3
-3
-7
-10
-6
-7
0
4
11
12
19
20
23
21
21
25
29
27
25
9
-7
-21
-34
-42
-49
-50
-50
-44
-43
-41
-46
-41
-31
-22
-13
-6
2
13
17
24
32
37
47
42
28
19
10
5
-9
-14
-30
-43
-53
-58
-66
-71
-64
-59
-50
-41
-32
-17
-2
14
28
41
43
40
28
15
3
-4
-11
-20
-31
-44
-49
-45
-36
-32
-25
-19
-26
-17
-14
-2
1
3
1
-2
2
12
15
10
1
-13
-31
-46
-51
-57
-60
-63
-70
-69
-72
-63
-58
-50
-45
-40
-38
-38
-32
-33
-37
-35
-36
-33
-35
-33
-37
-33
-37
-41
-44
-39
-23
-9
-1
3
3
2
7
9
5
-1
-5
-7
-15
-23
-25
-33
-32
-36
-29
-32
-25
-25
-21
-15
-12
-4
-1
7
12
13
10
8
3
-1
-4
-4
-11
-25
-34
-46
-56
-60
-71
-82
-80
-68
-49
-39
-26
-26
-16
-11
-2
0
6
8
11
8
0
-5
-16
-24
-24
-17
-12
-16
-22
-26
-29
-25
-20
-22
-30
-35
-45
-50
-52
-60
-64
-64
-74
-81
-87
-85
-86
-90
-94
-93
-92
-92
-91
-87
-77
-59
-48
-42
-36
-26
-23
-25
-27
-34
-41
-52
-56
-56
-57
-58
-60
-68
-71
-74
-74
-75
-71
-66
-53
-40
-18
-12
-1
7
11
10
15
21
23
25
25
24
14
5
-7
-20
-28
-26
-26
-19
-10
5
13
15
17
11
7
-3
-9
-23
-35
-41
-46
-49
-54
-54
-59
-61
-65
-65
-66
-57
-52
-50
-39
-26
-13
-1
11
18
17
14
14
19
24
32
33
37
36
37
35
29
32
22
15
2
-4
-15
-23
-28
-30
-32
-33
-27
-36
-43
-47
-52
-52
-45
-38
-26
-19
-13
-12
-19
-14
-9
-4
3
6
13
10
8
4
-2
6
10
16
9
7
7
6
4
8
7
8
11
10
2
-5
-11
-18
-23
-23
-40
-59
-78
-88
-93
-95
-98
-98
-108
-108
-104
-105
-94
-85
-77
-64
-60
-41
-29
-16
-3
-3
-1
-2
-1
-1
-2
5
13
20
30
32
36
39
44
47
45
47
43
35
31
25
20
7
-1
-9
-13
-18
-21
-23
-33
-33
-31
-29
-23
-15
-1
17
39
51
58
65
67
60
45
34
20
9
-10
-22
-36
-43
-52
-54
-58
-59
-53
-55
-41
-29
-19
-15
-11
-5
-3
2
2
1
0
3
7
4
3
6
5
-3
-6
-10
-11
-3
1
9
6
7
2
1
-2
1
3
5
8
1
-6
-19
-29
-35
-41
-41
-45
-54
-54
-47
-34
-13
11
32
51
60
73
71
67
61
56
46
34
24
12
5
-2
-13
-24
-38
-49
-65
-73
-74
-74
-76
-76
-73
-72
-61
-50
-42
-49
-56
-54
-51
-47
-46
-45
-45
-38
-40
-43
-44
-37
-31
-35
-37
-40
-33
-26
-18
-13
-12
-10
-11
-16
-25
-21
-26
-26
-23
-24
-22
-16
-2
7
22
36
41
42
39
42
45
50
59
54
47
33
26
11
1
-8
-19
-45
-68
-87
-99
-100
-87
-70
-44
-23
2
27
54
78
91
86
80
67
52
33
14
-6
-30
-49
-67
-86
-104
-126
-139
-153
-152
-154
-156
-152
-150
-149
-149
-142
-139
-140
-140
-135
-133
-125
-118
-111
-105
-102
-93
-94
-90
-82
-75
-71
-69
-69
-69
-61
-59
-57
-64
-66
-65
-66
-57
-47
-40
-40
-37
-36
-37
-31
-19
-8
1
7
22
34
44
53
62
68
66
62
52
46
43
41
43
41
37
34
37
42
47
48
51
57
58
65
73
77
79
78
77
71
67
62
54
45
44
38
35
31
22
18
11
11
9
7
11
15
18
27
34
48
54
54
47
34
21
8
2
-6
-14
-22
-35
-44
-48
-54
-64
-64
-56
-38
-23
-14
-7
-8
-2
2
-2
-1
-2
-4
-14
-20
-28
-40
-47
-51
-59
-63
-66
-74
-89
-99
-94
-79
-49
-18
10
38
58
74
80
77
76
61
40
23
7
-14
-37
-59
-71
-81
-86
-85
-83
-72
-62
-49
-43
-38
-30
-27
-20
-17
-21
-29
-34
-35
-34
-39
-37
-48
-58
-64
-64
-57
-49
-39
-35
-29
-10
4
21
31
37
40
40
35
28
18
7
3
-3
-7
-14
-22
-37
-42
-42
-42
-38
-40
-29
-22
-12
1
12
27
34
31
22
16
16
11
5
1
-5
-14
-19
-29
-37
-46
-52
-60
-62
-56
-56
-50
-42
-20
1
16
26
27
24
21
18
15
8
3
-3
-15
-21
-26
-35
-48
-59
-69
-80
-84
-81
-75
-66
-56
-52
-52
-49
-43
-41
-34
-30
-22
-21
-23
-30
-32
-32
-31
-38
-48
-46
-35
-30
-19
-4
10
15
21
28
32
38
40
41
36
36
27
23
24
31
35
25
15
0
-7
-13
-5
-4
-9
-8
-10
-7
-6
-9
-7
-12
-14
-28
-44
-54
-63
-68
-75
-71
-75
-75
-74
-66
-56
-52
-45
-38
-32
-28
-26
-24
-21
-12
-11
-14
-17
-15
-13
-10
-7
-9
-15
-20
-15
-7
2
9
18
19
13
4
-10
-16
-21
-30
-42
-43
-39
-38
-32
-25
-17
-5
10
20
24
25
31
34
25
25
-30
