-16
-13
-15
-9
-5
-4
-1
-3
0
-1
-6
-3
2
-3
2
9
17
17
16
22
17
17
13
15
10
4
5
8
5
7
11
15
17
21
18
19
12
9
9
2
5
3
-5
-10
-18
-21
-23
-26
-22
-26
-25
-27
-28
-32
-31
-30
-30
-26
-18
-13
-7
-7
-9
-10
-19
-14
-8
-4
1
4
4
6
1
0
1
3
11
14
18
21
17
20
22
23
20
19
17
10
11
8
11
11
14
14
13
13
7
7
1
-2
-9
-15
-24
-30
-31
-33
-32
-35
-38
-38
-38
-37
-36
-39
-45
-52
-57
-58
-57
-54
-51
-50
-50
-50
-46
-44
-38
-29
-26
-25
-16
-6
-3
2
1
1
0
-4
0
-1
8
7
10
4
-3
-6
-10
-11
-9
-4
-6
-4
-5
-5
-7
-11
-16
-21
-19
-17
-13
-8
-4
0
-5
-8
-8
-12
-14
-12
-11
-13
-14
-19
-21
-22
-17
-14
-13
-8
-11
-9
-9
-10
-16
-21
-16
-14
-16
-16
-18
-23
-24
-25
-26
-20
-20
-17
-9
-8
-12
-16
-14
-12
-5
-3
4
13
23
19
19
13
6
-5
-6
-5
-1
-1
2
4
5
0
2
-1
-3
-11
-20
-26
-27
-32
-33
-30
-34
-31
-29
-28
-25
-22
-21
-21
-20
-29
-27
-31
-27
-15
-14
-10
-3
4
2
4
-4
-1
-4
-5
-4
-11
-10
-8
-8
-4
-7
-9
-16
-26
-29
-32
-31
-29
-28
-35
-35
-37
-39
-41
-43
-40
-42
-46
-48
-50
-50
-47
-41
-33
-25
-19
-12
-11
-3
-1
5
4
11
10
9
6
5
1
6
6
8
6
15
10
3
-1
-1
-4
-11
-12
-14
-17
-22
-28
-33
-37
-38
-42
-45
-45
-47
-49
-48
-45
-40
-36
-30
-18
-16
-13
-12
-9
-9
-13
-19
-22
-24
-24
-18
-20
-20
-19
-22
-26
-26
-24
-23
-19
-15
-14
-12
-12
-3
-6
2
10
8
9
14
19
27
29
24
21
13
12
8
2
3
-2
-4
-5
-3
-3
-4
-2
-10
-15
-21
-24
-27
-33
-38
-41
-48
-53
-57
-65
-67
-70
-68
-69
-61
-58
-53
-45
-39
-31
-31
-30
-34
-40
-43
-42
-36
-35
-31
-25
-24
-12
-8
-4
-1
0
-1
-2
-5
-4
-2
-4
7
0
-8
-13
-11
-13
-12
-7
-6
-3
-9
-4
-11
-14
-18
-21
-18
-21
-20
-18
-15
-12
-16
-19
-22
-23
-27
-26
-31
-31
-36
-38
-40
-43
-45
-44
-41
-40
-44
-48
-53
-51
-43
-38
-37
-36
-39
-35
-29
-26
-16
-13
-9
-14
-16
-22
-17
-18
-13
-6
-3
2
-6
-15
-19
-25
-27
-30
-34
-34
-36
-39
-45
-39
-42
-38
-40
-38
-41
-37
-32
-33
-35
-37
-34
-35
-34
-26
-25
-22
-18
-14
-16
-5
-1
-1
1
2
1
4
6
14
13
15
18
18
13
10
10
9
4
4
2
0
4
7
7
0
0
-3
0
-9
-9
-15
-21
-20
-23
-24
-28
-19
-21
-23
-20
-24
-24
-27
-33
-38
-39
-35
-32
-32
-33
-35
-34
-31
-32
-36
-38
-40
-34
-28
-16
-10
-7
-12
-10
-10
-8
-8
-7
-2
-4
1
2
1
3
0
8
2
1
-1
3
10
16
22
23
25
21
19
14
11
5
5
9
14
20
23
25
25
25
29
32
38
42
42
35
27
26
21
17
16
6
0
-16
-23
-35
-41
-47
-53
-66
-70
-72
-71
-77
-83
-82
-80
-73
-65
-56
-52
-49
-46
-45
-37
-33
-29
-29
-32
-34
-35
-39
-42
-44
-48
-47
-46
-45
-39
-35
-27
-26
-23
-23
-22
-18
-9
-7
-8
-5
-8
-4
-4
-1
2
2
6
15
16
13
16
14
9
2
0
-5
-11
-8
-10
-11
-10
-8
-16
-27
-32
-34
-33
-30
-24
-29
-27
-32
-39
-41
-45
-42
-47
-45
-41
-40
-34
-27
-26
-18
-15
-13
-15
-17
-13
-13
-12
-5
-4
-10
-17
-21
-22
-23
-22
-26
-22
-18
-10
-5
-9
-5
-11
-15
-14
-12
-8
4
10
12
11
9
4
0
2
1
1
11
14
18
17
19
19
20
28
29
30
28
25
22
17
9
6
0
-2
-6
-3
-6
-7
-5
-10
-11
-13
-17
-10
-10
-5
-4
-3
-1
-5
-5
-7
-7
-3
0
4
7
5
8
1
-11
-23
-39
-49
-51
-51
-47
-46
-49
-50
-44
-37
-30
-25
-23
-24
-23
-21
-25
-23
-27
-26
-26
-20
-19
-17
-4
0
10
13
12
15
20
24
31
37
41
45
41
37
34
33
38
36
36
29
19
11
4
1
-5
-5
-7
-7
-1
2
5
-1
0
-17
-25
-35
-43
-49
-58
-63
-67
-71
-75
-75
-78
-79
-76
-80
-79
-74
-67
-63
-60
-56
-51
-48
-42
-34
-30
-26
-23
-15
-11
-2
8
13
18
21
26
27
34
37
33
33
32
38
36
32
28
23
19
11
7
8
9
18
22
23
28
37
41
46
44
36
29
26
24
21
23
18
11
5
8
0
-9
-12
-15
-13
-14
-28
-40
-47
-51
-51
-50
-44
-34
-29
-26
-27
-27
-27
-22
-18
-16
-13
-13
-9
-10
-8
-9
-19
-22
-30
-31
-38
-42
-43
-47
-50
-49
-46
-50
-43
-43
-42
-40
-36
-29
-27
-23
-17
-10
-3
8
16
13
16
18
13
7
2
-5
-8
-7
-13
-16
-25
-25
-27
-25
-19
-17
-13
-13
-11
-12
-12
-13
-12
-10
-10
-8
-6
-6
-6
-4
-12
-18
-20
-23
-19
-10
-9
-17
-16
-20
-23
-17
-19
-21
-31
-33
-40
-42
-43
-48
-57
-66
-69
-73
-74
-79
-81
-82
-81
-75
-74
-75
-78
-76
-70
-66
-57
-51
-45
-38
-33
-30
-28
-25
-24
-22
-25
-22
-23
-20
-17
-21
-26
-24
-25
-27
-34
-38
-41
-42
-45
-44
-48
-48
-47
-48
-54
-54
-51
-50
-44
-41
-32
-32
-30
-25
-29
-31
-39
-36
-36
-27
-28
-35
-45
-47
-44
-36
-30
-24
-13
1
15
24
26
29
29
25
19
14
11
9
3
7
3
-4
-16
-23
-35
-42
-54
-58
-55
-46
-40
-33
-23
-14
-13
-5
-1
-3
3
1
12
15
17
12
6
-7
-13
-15
-22
-29
-32
-34
-34
-32
-30
-27
-20
-16
-8
-5
5
13
19
25
30
35
43
52
56
57
57
55
53
47
50
42
41
33
19
8
-3
-11
-12
-16
-15
-23
-28
-32
-32
-31
-29
-33
-32
-36
-33
-30
-28
-26
-29
-25
-21
-24
-19
-16
-12
-9
0
1
4
8
9
18
21
23
22
21
19
14
13
12
14
12
16
13
12
11
5
0
-15
-14
-18
-21
-28
-30
-30
-27
-17
-19
-18
-19
-16
-16
-18
-12
-6
-6
-5
-5
-11
-15
-19
-25
-29
-31
-32
-34
-33
-29
-26
-27
-24
-25
-22
-19
-14
-17
-19
-14
-12
-15
-10
-5
-4
-2
-3
1
1
3
6
4
-2
2
4
1
-2
-3
-11
-16
-14
-12
-9
-11
-17
-16
-22
-22
-27
-31
-34
-35
-29
-27
-19
-16
-20
-19
-14
-7
-3
4
9
14
12
17
19
18
19
17
12
8
7
6
6
12
17
18
16
22
20
24
27
31
33
34
34
28
25
23
25
26
28
27
28
32
35
44
43
41
34
26
18
15
9
9
14
21
31
32
29
22
17
16
12
12
9
8
13
12
21
22
29
36
40
39
36
34
28
27
24
20
16
19
22
20
15
7
9
1
0
-3
-3
-7
-11
-14
-21
-36
-52
-70
-82
-91
-96
-100
-97
-95
-87
-79
-67
-57
-51
-42
-35
-28
-21
-18
-16
-22
-25
-30
-32
-35
-36
-37
-33
-32
-33
-29
-37
-36
-44
-42
-51
-51
-54
-57
-58
-62
-63
-59
-54
-54
-52
-52
-46
-48
-44
-37
-38
-36
-30
-26
-28
-26
-29
-28
-25
-20
-13
-6
-3
9
17
25
26
24
19
15
11
7
4
-1
-5
-16
-19
-20
-24
-17
-12
2
4
12
11
10
12
12
17
19
26
25
26
21
16
17
12
9
7
5
-4
-14
-18
-26
-24
-24
-28
-31
-37
-41
-42
-39
-38
-41
-41
-36
-34
-28
-26
-24
-21
-17
-4
-1
-1
2
3
-1
4
1
1
0
-3
-3
-8
-13
-9
-8
-5
3
6
10
14
18
23
23
27
28
23
23
21
15
11
7
-1
-3
-3
-3
-4
-3
-3
-9
-19
-19
-24
-31
-36
-38
-44
-52
-52
-55
-59
-63
-67
-73
-77
-79
-77
-71
-67
-59
-56
-51
-48
-44
-45
-39
-32
-29
-27
-22
-26
-28
-33
-33
-31
-29
-23
-19
-18
-12
-12
-12
-7
-3
2
-3
-7
-5
0
8
3
2
-3
1
-4
-11
-12
-6
-4
1
11
10
12
8
7
2
-4
-14
-20
-22
-31
-34
-42
-46
-49
-39
-39
-29
-28
-28
-24
-15
-2
1
1
9
10
11
12
9
6
8
10
9
5
9
10
9
10
8
7
4
5
4
9
13
22
24
21
24
18
15
14
6
-4
-15
-18
-29
-39
-45
-47
-49
-48
-50
-47
-49
-47
-51
-53
-55
-55
-53
-52
-50
-51
-53
-59
-60
-60
-57
-52
-47
-45
-46
-47
-49
-45
-43
-37
-36
-32
-27
-29
-26
-23
-22
-22
-21
-21
-23
-21
-20
-21
-21
-23
-23
-24
-19
-14
-8
-3
3
5
12
5
12
13
17
20
25
29
27
32
31
30
28
22
18
12
11
12
8
9
12
10
1
2
-11
-23
-27
-26
-21
-18
-16
-12
-15
-12
-10
-7
-1
5
12
23
29
33
39
35
30
18
14
14
10
5
4
3
0
2
2
-5
-7
-9
-9
-11
-8
-5
-5
-6
-9
-9
-5
-8
-7
-6
-11
-10
-14
-18
-17
-14
-11
-13
-15
-17
-20
-21
-19
-16
-14
-12
-14
-19
-20
-20
-20
-22
-14
-16
-16
-22
-21
-24
-26
-27
-32
-39
-46
-50
-58
-61
-60
-60
-62
-62
-59
-59
-56
-55
-57
-66
-70
-75
-83
-89
-93
-92
-94
-90
-90
-83
-77
-69
-61
-59
-52
-51
-50
-53
-55
-53
-55
-50
-45
-44
-42
-39
-31
-23
-13
-11
-6
0
15
24
34
41
44
44
46
47
47
51
56
61
62
61
60
56
55
53
50
45
41
41
36
35
33
24
16
7
2
7
3
5
2
-4
-9
-8
-19
-19
-21
-19
-20
-26
-31
-43
-51
-54
-60
-64
-62
-60
-56
-50
-43
-36
-29
-25
-26
-24
-26
-23
-21
-24
-27
-30
-31
-36
-38
-39
-37
-26
-21
-15
-13
-7
-7
-6
-1
-1
3
1
1
-1
-1
-11
-21
-26
-31
-31
-30
-31
-35
-37
-47
-49
-51
-54
-52
-52
-48
-47
-45
-43
-42
-38
-36
-30
-28
-19
-18
-13
-12
-9
-12
-17
-18
-22
-28
-38
-44
-49
-47
-46
-43
-36
-31
-24
-19
-13
-10
-7
2
5
12
17
17
18
18
7
2
-3
-12
-13
-11
-7
0
-3
-2
-2
-6
-4
-6
-7
-13
-17
-20
-29
-36
-38
-41
-39
-40
-42
-46
-49
-50
-52
-50
-43
-42
-42
-42
-39
-37
-29
-29
-21
-17
-12
-3
-1
7
15
21
26
31
37
34
33
25
20
11
11
9
10
13
9
5
-4
-4
-6
-5
-1
-3
-6
-3
4
5
5
9
9
6
7
6
5
-4
2
-1
-2
-3
-3
-12
-19
-21
-24
-24
-28
-31
-27
-25
-23
-20
-22
-21
-21
-27
-26
-26
-21
-22
-15
-8
-1
2
8
15
17
24
24
24
20
20
22
22
28
32
36
41
44
44
45
50
54
50
43
42
34
35
34
34
35
33
31
26
22
18
17
8
5
-4
-9
-2
3
6
10
7
-1
-10
-20
-27
-30
-39
-44
-51
-56
-59
-58
-56
-55
-52
-50
-53
-53
-50
-45
-45
-44
-42
-38
-35
-29
-30
-33
-31
-34
-32
-27
-25
-22
-22
-20
-23
-29
-36
-37
-37
-39
-42
-40
-40
-38
-36
-36
-35
-32
-33
-32
-33
-24
-24
-30
-28
-40
-40
-46
-40
-34
-28
-22
-9
-11
-5
2
11
17
23
26
26
22
18
9
1
-1
-2
-6
-13
-18
-27
-30
-30
-32
-34
-37
-39
-38
-37
-37
-40
-40
-38
-36
-36
-37
-31
-31
-30
-27
-25
-24
-22
-15
-11
-6
-2
-2
-4
-2
-9
-17
-18
-19
-20
-18
-12
-16
-17
-14
-9
-5
-7
-12
-12
-22
-25
-28
-29
-39
-48
-56
-59
-59
-57
-55
-57
-60
-65
-66
-68
-64
-63
-60
-49
-40
-25
-11
1
12
17
22
19
16
12
8
6
5
1
2
-1
-4
-4
-10
-14
-17
-16
-18
-16
-11
-10
-6
-9
-14
-16
-13
-8
-5
-6
-5
-13
-22
-25
-29
-35
-37
-38
-34
-37
-37
-41
-42
-41
-41
-41
-42
-43
-38
-35
-26
-25
-15
-19
-18
-26
-34
-40
-37
-39
-38
-34
-29
-26
-29
-28
-31
-32
-25
-20
-18
-10
-7
-6
-19
-11
-21
-21
-25
-24
-19
-17
-12
-6
-11
-13
-18
-17
-15
-9
2
11
19
27
29
36
39
39
34
26
16
14
8
8
-2
-11
-20
-29
-32
-31
-31
-37
-49
-50
-53
-53
-50
-44
-38
-36
-31
-24
-23
-20
-24
-29
-27
-22
-23
-16
-15
-8
-8
-13
-20
-24
-29
-29
-23
-26
-34
-37
-43
-48
-49
-43
-35
-30
-27
-32
-35
-35
-33
-33
-30
-32
-28
-27
-26
-23
-28
-30
-32
-36
-47
-52
-57
-58
-55
-49
-42
-38
-34
-29
-29
-31
-35
-33
-34
-29
-32
-33
-38
-34
-24
-22
-14
-10
-2
-2
1
-1
2
2
-4
-14
-22
-21
-18
-8
-8
-6
-15
-18
-20
-24
-18
-10
-6
-4
-7
-7
-10
-11
-11
-7
-10
-3
0
3
3
1
1
-6
-8
-12
-13
-15
-11
-7
-6
-3
-11
-10
-11
-16
-20
-29
-35
-35
-34
-28
-23
-16
-12
-9
-17
-20
-20
-17
-12
-12
-5
-3
1
-3
0
-5
-5
2
-4
-13
-9
-1
-2
3
10
12
18
16
16
12
9
8
2
-3
-10
-11
-17
-22
-28
-33
-41
-39
-32
-27
-16
-3
3
5
11
14
14
11
11
9
6
0
-6
-11
-14
-16
-18
-22
-23
-27
-29
-25
-22
-18
-14
-2
4
8
15
16
19
15
17
22
26
27
33
28
30
27
23
21
16
10
12
15
24
31
34
35
33
33
33
35
31
35
33
36
31
32
35
39
39
41
39
33
34
31
27
23
19
17
23
25
31
28
29
25
15
8
-3
-1
-2
-4
-1
-1
1
-3
5
7
8
7
2
-2
-2
6
11
14
11
6
10
15
11
6
-3
-9
-6
-9
-2
-4
-6
-10
-17
-17
-23
-22
-27
-31
-40
-44
-47
-49
-48
-44
-41
-38
-28
-29
-31
-32
-38
-36
-33
-25
-24
-18
-12
-8
-4
-2
-3
-3
-7
-5
-11
-6
-16
-9
-11
-9
-2
7
2
6
4
6
1
3
-2
-8
-9
-14
-10
-12
-7
-3
-1
0
-1
3
2
-2
0
-4
-11
-12
-16
-14
-14
-11
-15
-14
-15
-25
-25
-28
-27
-27
-26
-28
-31
-37
-45
-46
-51
-54
-56
-60
-66
-70
-72
-66
-50
-38
-31
-29
-15
-8
0
1
5
0
11
12
11
3
6
-1
3
5
3
-2
0
-7
-5
-4
-6
-1
-11
-12
-10
-8
-4
-7
-5
-15
-13
-12
-10
-10
-14
-16
-15
-13
-8
-2
3
5
10
2
6
7
12
15
15
20
16
16
16
14
7
0
-5
-13
-18
-25
-30
-29
-21
-17
-22
-26
-36
-45
-54
-56
-58
-59
-59
-60
-66
-75
-82
-87
-89
-87
-83
-82
-83
-78
-76
-71
-68
-69
-79
-83
-86
-84
-80
-77
-68
-64
-61
-55
-51
-44
-46
-45
-50
-49
-50
-44
-43
-39
-37
-40
-40
-42
-43
-46
-49
-52
-58
-63
-64
-67
-70
-71
-69
-59
-53
-39
-27
-20
-10
-12
-9
-9
-16
-22
-22
-19
-16
-20
-23
-25
-24
-24
-20
-19
-16
-5
0
5
4
-1
-2
-8
-7
-12
-19
-16
-17
-16
-18
-14
-9
-8
-13
-14
-18
-26
-32
-31
-34
-36
-33
-30
-30
-28
-33
-33
-34
-28
-29
-30
-26
-27
-30
-24
-22
-16
-15
-9
-9
-10
-12
-10
-11
-11
-7
-8
-10
-12
-11
-8
-6
-4
1
1
2
7
9
18
20
21
17
14
13
11
9
2
-4
-6
-6
-4
-6
-12
-17
-19
-26
-27
-21
-18
-12
-11
-12
-14
-15
-10
-7
7
8
11
8
4
3
5
7
10
14
14
15
13
12
8
18
22
27
37
31
28
28
29
27
27
29
30
29
28
30
31
36
37
35
30
25
25
24
29
32
34
32
26
16
10
8
2
4
-3
-6
-12
-23
-28
-33
-32
-31
-32
-30
-28
-28
-24
-21
-25
-22
-15
-12
-1
2
3
-1
2
0
2
-1
3
4
-1
-1
-9
-7
-16
-9
-11
-17
-23
-29
-35
-38
-36
-38
-36
-39
-44
-49
-54
-57
-63
-61
-61
-57
-55
-55
-55
-60
-58
-53
-44
-35
-32
-30
-29
-24
-20
-23
-24
-24
-26
-27
-26
-33
-36
-45
-48
-44
-46
-42
-36
-33
-30
-17
-13
-13
-10
-12
-14
-18
-17
-16
-13
-12
-13
-16
-24
-28
-33
-35
-32
-29
-27
-25
-22
-21
-17
-13
-10
-2
-10
-6
-17
-17
-20
-19
-17
-18
-14
-11
-7
3
9
11
21
24
31
33
39
44
43
41
34
26
12
3
-5
-9
-14
-15
-6
-18
-18
-21
-24
-26
-15
-13
-2
2
10
9
9
11
13
10
5
-4
-6
-16
-21
-24
-23
-14
-8
4
10
16
19
22
22
19
19
11
15
17
15
15
13
9
4
7
4
3
-1
-5
-9
-9
-4
-3
-4
-3
0
4
5
4
10
8
9
9
6
2
-2
-8
-12
-19
-21
-22
-23
-22
-22
-20
-25
-27
-31
-37
-39
-42
-36
-33
-27
-26
-25
-25
-28
-29
-29
-30
-30
-30
-39
-41
-48
-49
-46
-39
-31
-27
-23
-16
-10
-5
5
14
18
17
15
18
13
17
12
12
5
6
9
12
9
7
6
4
-3
-6
-9
-5
3
8
3
-1
-1
-9
-12
-13
-16
-23
-23
-22
-17
-12
-6
0
2
5
8
7
7
10
10
7
10
4
6
10
16
12
13
6
5
0
-7
-7
-6
-6
-5
-11
-12
-16
-10
-14
-12
-15
-17
-25
-29
-26
-23
-15
-17
-13
-17
-17
-15
-10
-4
5
14
11
13
12
11
4
3
-1
-1
-3
-3
-1
-2
5
7
2
-3
-11
-26
-32
-34
-33
-33
-30
-30
-28
-27
-24
-23
-23
-25
-28
-30
-34
-33
-36
-39
-41
-43
-48
-48
-43
-40
-39
-35
-33
-31
-35
-32
-33
-25
-15
-8
-4
-5
1
-1
1
10
11
10
8
6
-3
-4
-9
-13
-20
-21
-20
-25
-21
-27
-24
-19
-18
-25
-30
-32
-33
-29
-32
-30
-30
-30
-33
-36
-37
-38
-35
-35
-36
-36
-24
-20
-23
-22
-26
-25
-21
-24
-24
-27
-31
-33
-36
-37
-32
-32
-27
-28
-27
-25
-21
-12
-13
-10
-8
-7
-9
-10
-18
-23
-26
-27
-25
-28
-26
-27
-27
-24
-24
-15
-18
-15
-14
-23
-28
-25
-28
-36
-36
-42
-39
-37
-34
-28
-33
-32
-37
-40
-38
-32
-29
-28
-28
-21
-24
-29
-33
-36
-39
-36
-32
-27
-25
-29
-39
-47
-49
-48
-39
-31
-23
-26
-26
-30
-28
-26
-18
-15
-19
-23
-27
-34
-44
-51
-53
-55
-52
-47
-45
-42
-46
-47
-55
-55
-56
-63
-62
-61
-59
-56
-54
-48
-41
-36
-27
-19
-16
-14
-9
-8
-16
-14
-15
-12
-16
-13
-14
-16
-12
-15
-17
-16
-14
-13
-11
-10
-9
-10
-8
-4
-2
-1
1
6
4
4
4
-1
3
7
8
7
6
6
2
5
8
18
16
19
16
16
13
5
4
-2
10
8
8
9
7
6
3
1
-4
-10
-13
-13
-12
-3
8
13
15
12
10
12
13
14
9
5
-1
3
-1
-7
-4
-15
-8
-8
-10
-6
-4
2
12
13
22
32
39
46
50
48
41
36
34
32
29
28
26
21
16
8
1
3
1
2
5
8
7
5
6
5
8
-1
5
2
3
7
6
7
4
1
5
4
5
7
2
-4
-7
-20
-23
-27
-26
-26
-29
-30
-35
-37
-38
-35
-37
-39
-36
-35
-29
-23
-19
-20
-22
-23
-23
-27
-29
-31
-35
-30
-22
-12
0
4
10
7
9
15
14
9
11
14
9
8
-1
0
-3
-3
-3
-8
-4
0
1
-3
-7
-13
-16
-25
-28
-28
-34
-31
-40
-44
-45
-43
-40
-38
-33
-27
-22
-18
-10
-12
-12
-8
-12
-13
-17
-10
-15
-15
-15
-14
-14
-17
-18
-25
-24
-27
-19
-23
-25
-20
-18
-14
-7
-3
-4
-1
1
0
1
6
20
29
38
46
45
45
45
43
38
41
35
35
35
34
31
20
19
20
18
17
19
20
20
18
21
13
7
6
2
8
13
14
17
8
9
3
0
-3
-1
-1
-2
4
0
-1
0
5
4
1
3
-1
-6
-10
-11
-13
-13
-14
-16
-17
-19
-16
-14
-3
0
-9
-11
-22
-24
-29
-23
-30
-35
-39
-39
-38
-36
-31
-32
-28
-30
-27
-21
-24
-18
-20
-26
-31
-46
-55
-65
-68
-67
-65
-60
-52
-43
-38
-32
-31
-32
-38
-36
-35
-36
-36
-40
-41
-41
-44
-43
-43
-46
-47
-45
-45
-44
-48
-46
-42
-39
-45
-47
-52
-56
-57
-60
-65
-71
-72
-70
-70
-67
-65
-66
-67
-65
-64
-61
-60
-58
-54
-58
-55
-57
-59
-63
-69
-78
-90
-93
-94
-88
-80
-74
-67
-61
-52
-40
-29
-18
-5
2
9
6
0
-16
-28
-34
-37
-36
-35
-31
-27
-23
-17
-13
-9
0
10
21
34
42
42
36
35
28
22
18
12
4
0
-7
-11
-10
-6
-2
0
0
2
8
9
17
23
21
21
26
30
24
30
30
27
26
22
11
4
4
4
7
15
24
23
22
22
21
24
25
28
25
23
18
13
9
4
5
6
2
-1
2
0
4
-1
-4
-6
-8
0
7
10
14
6
8
-11
