-37
-35
-40
-31
-24
-12
-16
-9
-14
-18
-31
-36
-30
-29
-22
-32
-36
-37
-33
-20
-9
-5
-11
-25
-31
-29
-20
-19
-17
-17
-26
-25
-21
-9
3
9
23
39
56
65
68
67
77
77
70
56
53
53
58
70
75
69
64
68
66
65
45
24
4
-2
10
25
45
56
56
55
53
64
66
68
60
52
43
44
46
48
46
40
40
33
20
17
8
5
-1
-10
-8
-7
-7
-4
-13
-12
-1
14
24
22
21
35
44
66
82
94
104
104
98
97
96
95
96
109
111
115
114
126
140
152
162
163
161
151
137
128
124
124
126
124
123
135
146
155
160
167
160
151
138
125
119
112
102
92
83
76
60
62
64
61
45
26
15
4
-1
2
-1
-1
-3
-1
-2
5
20
29
26
18
7
1
9
22
24
24
21
22
26
37
59
70
83
85
82
70
61
56
53
45
42
33
27
17
16
14
25
24
25
20
27
39
34
27
21
17
16
27
27
38
39
40
44
51
66
90
99
101
99
104
103
107
105
99
98
100
98
96
95
96
98
94
103
103
104
110
111
116
118
115
123
119
130
131
135
137
137
133
114
106
86
63
47
40
26
28
30
43
50
51
59
52
53
49
39
33
19
19
18
20
22
17
1
-10
-26
-32
-40
-31
-27
-21
-26
-30
-40
-44
-45
-34
-25
-7
-1
-4
-1
-4
-6
-15
-10
-17
-20
-21
-23
-14
-12
-11
-15
-14
-5
16
43
67
91
110
127
148
173
185
192
195
193
188
184
182
173
159
145
125
104
85
67
51
34
27
25
20
24
30
32
30
31
34
42
48
43
30
28
21
19
8
-4
-27
-38
-41
-27
-11
-19
-19
-32
-39
-56
-67
-74
-81
-80
-89
-94
-95
-96
-87
-83
-69
-66
-67
-65
-57
-59
-59
-61
-59
-59
-62
-71
-87
-96
-103
-106
-109
-107
-84
-66
-45
-31
-22
-26
-28
-30
-24
-22
-15
-13
-11
3
11
22
22
18
15
14
19
27
24
28
30
21
5
-14
-15
-21
-25
-34
-37
-49
-62
-64
-66
-51
-38
-31
-27
-27
-27
-23
-16
0
0
-4
1
12
26
31
46
57
65
68
69
70
78
98
107
121
123
119
109
107
107
116
117
120
116
108
102
98
88
98
107
117
108
101
100
85
80
74
70
78
75
80
75
70
62
46
34
39
31
30
9
-1
-8
-5
-3
-4
-7
-10
-2
-2
-5
-12
-13
-8
-8
0
-3
1
9
16
15
9
7
9
13
25
30
27
27
23
24
29
44
52
51
45
47
39
42
36
38
32
32
39
29
20
15
14
21
24
33
30
38
26
22
12
18
15
8
5
0
-4
-20
-23
-27
-37
-45
-55
-66
-71
-74
-70
-62
-51
-39
-36
-38
-38
-31
-19
-3
2
0
3
9
16
12
18
23
34
46
57
63
57
47
42
41
49
59
61
51
39
26
13
12
7
-8
-23
-36
-40
-45
-50
-54
-49
-43
-35
-24
-22
-14
-6
2
9
10
8
5
10
21
38
56
68
74
69
63
75
81
103
118
134
142
139
131
120
108
101
98
93
81
89
88
103
110
108
106
101
100
102
106
107
100
84
77
83
86
93
88
89
93
100
112
119
122
131
135
130
131
130
139
155
161
167
156
161
160
158
153
139
124
101
85
75
66
65
70
73
69
57
40
23
19
22
11
3
4
4
12
7
7
-6
-9
-9
-14
-11
-11
-5
-6
-5
0
0
7
20
43
53
55
58
56
46
32
22
16
10
12
18
24
33
26
23
20
16
13
-12
-24
-42
-31
-19
-5
7
12
29
38
51
66
71
66
62
62
62
52
48
56
56
42
23
12
2
-4
-5
-2
19
45
65
70
74
87
102
112
123
120
115
100
93
94
99
101
101
84
78
72
72
80
80
80
71
65
68
64
59
52
44
29
9
-18
-44
-46
-33
-14
1
10
9
10
14
31
33
30
35
34
36
35
36
41
33
31
16
-3
-12
-7
0
10
16
8
7
3
6
5
13
24
33
34
25
21
18
15
11
7
6
14
30
33
39
44
44
51
46
47
42
34
28
17
3
-1
-7
-14
-17
-6
3
19
17
16
3
-7
-13
-15
-12
-16
-21
-27
-34
-23
-28
-24
-16
-11
-2
5
13
23
26
32
32
28
25
26
27
32
32
25
21
20
29
26
28
28
33
42
56
74
76
80
89
101
98
89
75
69
53
48
42
35
33
25
15
11
17
23
32
48
52
48
38
35
38
39
33
17
3
-8
-23
-41
-65
-76
-84
-102
-117
-131
-132
-132
-127
-133
-130
-120
-108
-96
-93
-75
-62
-57
-60
-57
-51
-32
-15
-3
5
10
10
2
2
1
11
9
20
17
14
19
31
55
74
96
112
130
141
157
150
131
114
108
101
116
129
143
148
148
149
147
145
146
151
150
154
147
134
121
108
91
83
76
68
56
44
30
21
15
14
9
8
13
30
44
59
73
90
92
88
81
71
63
59
50
39
35
28
16
17
26
40
37
34
37
44
47
41
33
30
33
29
28
28
28
21
11
6
1
-3
-1
4
1
-8
-8
-16
-26
-48
-60
-64
-54
-42
-29
-14
-7
-2
-1
-3
3
0
1
4
11
12
11
15
15
9
10
12
23
27
32
31
19
26
26
23
13
13
16
18
27
43
54
69
74
76
70
69
65
57
55
50
44
34
36
33
31
25
23
16
16
14
9
18
27
50
54
48
38
25
16
12
14
24
30
47
57
78
99
113
115
118
128
142
141
144
145
143
146
139
132
128
125
134
131
126
118
113
112
120
127
124
120
118
111
97
76
52
19
-8
-23
-27
-30
-31
-30
-35
-34
-29
-22
-26
-23
-37
-43
-49
-63
-83
-104
-120
-133
-149
-155
-140
-120
-92
-76
-61
-51
-40
-27
-12
-10
-8
-18
-30
-49
-74
-96
-111
-123
-123
-129
-129
-129
-135
-117
-101
-83
-81
-88
-89
-93
-91
-89
-87
-83
-77
-68
-62
-55
-43
-28
-20
-9
-3
-1
12
40
77
108
130
138
147
147
148
141
122
111
96
77
72
56
36
14
-4
-13
-16
-14
-3
0
7
19
38
64
80
90
84
80
77
70
51
18
-2
-26
-39
-51
-68
-82
-89
-99
-105
-119
-122
-128
-123
-113
-102
-94
-88
-79
-67
-47
-29
-13
-3
7
12
20
10
14
11
6
10
14
14
13
13
31
62
88
102
100
91
92
94
87
81
90
97
97
99
93
83
81
79
76
69
66
58
56
66
75
83
91
96
97
95
94
92
83
77
71
58
49
38
38
29
28
30
26
17
9
13
21
18
23
15
8
3
-7
-10
-9
-2
2
6
16
22
15
13
1
-2
-4
-10
-15
-22
-30
-28
-24
-24
-13
-16
-10
-1
9
17
9
11
9
7
-4
-3
-21
-28
-28
-31
-30
-35
-37
-26
-2
37
57
61
51
48
55
75
87
86
86
82
86
77
64
41
26
7
2
7
9
29
46
70
83
95
101
105
108
111
103
89
80
70
63
52
41
35
39
35
23
12
9
18
23
24
24
33
41
54
67
67
65
50
46
46
51
58
50
51
49
46
26
16
28
34
40
35
25
15
4
1
6
9
15
23
25
17
14
3
7
-2
-12
-17
-15
-6
-3
-3
3
9
3
8
10
13
17
3
-3
-22
-19
-19
-16
-13
-1
-4
-12
-27
-27
-22
-14
-24
-37
-48
-41
-43
-41
-29
-14
-1
18
22
22
10
-1
3
-7
-17
-14
-11
-9
-7
-7
4
10
17
13
14
7
5
-10
-12
7
16
27
28
26
25
29
39
43
41
34
23
14
-4
-12
-18
-23
-11
2
24
37
49
49
50
58
55
61
56
74
82
91
91
86
87
81
84
80
80
81
87
84
87
85
78
73
65
51
41
30
25
18
18
26
33
29
15
16
9
22
26
35
38
52
52
45
44
52
66
67
65
57
57
55
55
53
50
48
53
49
48
45
47
50
46
45
38
33
25
11
-2
-10
-10
-13
-10
-16
-13
-12
-12
-1
-1
0
-10
-19
-19
-13
-8
-5
-2
3
8
4
4
4
-2
-1
-2
-4
-9
-12
-18
-17
-22
-25
-35
-30
-22
-21
-18
-8
7
14
14
22
29
32
39
41
47
53
60
61
55
52
52
55
72
99
116
123
116
110
98
96
96
97
102
108
116
126
126
127
110
96
89
68
46
32
32
30
47
44
52
39
35
29
29
37
43
43
39
40
42
34
28
28
29
28
21
11
1
-7
-19
-20
-24
-25
-19
-26
-24
-22
-15
-13
-8
-3
1
-3
-2
2
9
6
0
-16
-18
-26
-29
-33
-33
-17
-7
-3
-1
3
12
19
10
-1
-6
-5
-7
-11
-4
-8
-8
-21
-30
-33
-38
-34
-38
-35
-29
-28
-30
-17
-10
6
14
22
36
45
59
60
63
44
33
24
22
24
32
39
45
54
70
75
69
57
50
53
67
77
83
80
83
93
101
120
123
126
129
132
127
113
111
115
124
129
130
125
126
120
115
103
95
98
99
103
100
88
79
71
76
65
52
48
39
38
27
28
20
17
14
14
14
3
0
-3
-2
13
21
30
42
54
55
51
42
36
37
37
34
31
35
52
59
57
61
63
63
59
59
54
59
64
68
64
59
50
53
38
27
15
-3
-4
-5
-3
5
10
23
41
55
65
63
57
53
50
40
30
21
6
2
8
11
12
20
22
25
25
27
31
44
45
36
16
4
8
8
2
10
16
23
28
31
39
46
54
59
54
44
39
31
27
22
14
5
3
6
15
21
29
20
12
6
3
-9
-8
-5
10
4
-8
-18
-29
-20
-13
-2
-4
-2
-1
-1
-1
-3
-14
-21
-29
-30
-30
-36
-34
-34
-34
-35
-35
-38
-31
-23
-13
-7
0
8
14
2
0
-19
-21
-26
-35
-39
-45
-38
-30
-23
-9
-17
-27
-39
-40
-37
-29
-20
-19
-23
-24
-19
-21
-20
-15
-3
-4
-3
-9
-17
-18
-27
-22
-13
-5
4
7
10
7
-3
-19
-30
-37
-33
-28
-19
-9
-7
-6
-7
-10
-11
-7
-16
-21
-25
-24
-18
-16
-9
0
13
32
45
51
45
40
34
24
21
6
-2
3
13
24
30
26
31
35
47
55
61
66
71
72
69
66
66
61
55
55
59
71
83
87
80
82
89
104
107
112
119
125
124
130
123
123
130
143
143
152
143
145
149
155
154
146
144
144
146
133
127
121
119
120
116
112
96
76
64
54
55
56
53
52
55
45
28
19
20
19
11
7
-2
-1
-1
5
5
9
2
-4
-10
-13
-14
-15
-14
-8
-7
-2
-12
-5
-8
-12
-25
-34
-38
-34
-23
-30
-28
-34
-29
-24
-19
-11
-10
-7
-3
-6
-16
-19
-14
-7
-1
6
16
16
15
8
11
23
20
5
-18
-29
-25
-19
1
5
15
22
30
24
11
-7
-13
-17
-16
-7
-1
0
-7
-11
-20
-17
-16
-10
-10
-12
-8
-7
-11
-9
-10
-12
-14
-12
-12
-10
-1
9
17
21
32
43
58
62
61
58
66
80
77
70
73
75
74
68
62
65
79
100
113
110
105
88
83
75
80
84
83
80
61
51
43
47
39
39
41
42
41
36
42
50
61
66
65
74
80
84
69
60
47
49
42
43
50
59
73
90
98
101
107
116
113
111
106
102
96
98
96
89
94
100
118
126
129
134
140
138
138
127
120
117
104
85
65
57
57
55
54
47
49
59
70
73
54
40
25
14
8
2
-18
-40
-49
-70
-73
-79
-68
-59
-46
-26
-15
-9
-12
-10
-20
-27
-45
-53
-53
-47
-39
-39
-31
-18
-8
-6
-7
-21
-41
-61
-72
-64
-58
-49
-48
-49
-49
-46
-40
-30
-16
8
28
42
51
53
41
39
26
7
-2
0
1
9
7
3
0
3
5
8
14
20
22
22
30
25
21
12
25
35
38
32
33
28
26
19
18
15
6
2
-1
11
32
46
56
67
87
83
76
66
56
64
69
83
79
78
65
56
50
50
58
63
71
80
86
88
90
89
86
70
54
33
16
13
5
-3
-1
13
27
36
42
40
46
56
75
81
85
77
77
80
78
77
72
72
59
68
58
61
56
40
36
41
52
57
68
79
89
91
96
95
95
82
68
41
25
17
21
24
28
26
29
42
53
54
45
39
28
27
28
28
24
14
9
-2
-16
-29
-37
-44
-49
-58
-66
-71
-61
-38
-25
-20
-22
-33
-38
-30
-22
-8
-3
-3
-5
-9
-13
-13
-19
-16
-6
-4
-8
-17
-12
-11
-2
10
20
28
25
17
-2
-3
-13
-6
-5
-5
1
1
4
-1
1
-2
1
3
-9
-5
4
-3
-5
-3
5
15
18
17
14
15
20
27
21
21
6
-8
-17
-14
-16
-8
-6
-7
-4
3
9
13
6
1
6
1
15
23
42
43
48
48
49
57
44
29
21
17
29
35
29
22
15
1
-4
-7
-6
-2
8
15
21
19
19
3
-6
-14
-21
-33
-30
-30
-29
-15
-13
-2
4
7
6
-1
0
8
17
27
29
35
26
24
30
27
35
31
34
37
37
49
49
50
50
47
48
50
44
40
36
44
57
67
68
62
44
40
41
39
27
4
-16
-41
-49
-57
-60
-70
-76
-75
-79
-67
-59
-45
-45
-47
-61
-72
-86
-95
-106
-112
-98
-94
-102
-116
-127
-132
-123
-127
-133
-140
-135
-116
-100
-95
-94
-95
-106
-111
-107
-110
-109
-112
-114
-113
-104
-88
-78
-75
-76
-70
-79
-76
-79
-71
-65
-60
-57
-59
-50
-47
-44
-44
-41
-33
-18
-7
-6
-15
-19
-19
-17
-20
-15
-15
-20
-23
-24
-9
-2
10
18
26
30
27
15
4
-2
-1
-9
-12
-10
-1
24
37
41
39
39
35
28
19
20
28
31
33
36
38
39
49
54
55
65
74
71
73
74
67
52
37
33
32
28
22
18
24
35
43
46
40
40
39
44
60
72
76
77
84
90
90
98
95
89
82
70
59
54
59
64
72
80
87
98
102
114
112
123
130
136
126
116
103
96
84
70
53
49
41
44
49
51
57
64
72
90
100
113
112
109
110
105
103
103
102
95
91
86
85
90
98
105
100
94
88
82
77
70
71
73
90
97
94
83
68
54
39
42
39
33
23
24
29
28
28
16
7
-2
-7
-17
-27
-30
-35
-34
-31
-18
-3
8
11
20
19
13
13
8
9
9
9
6
9
11
10
14
21
34
40
47
52
60
72
87
91
87
82
72
63
46
30
18
8
7
12
13
24
23
19
12
15
24
31
40
46
57
58
63
61
57
63
72
80
80
80
80
80
88
103
120
126
132
139
147
150
159
165
182
192
188
182
180
176
162
152
149
143
137
126
116
99
90
83
81
76
61
53
44
30
25
12
6
-5
-3
-2
-3
-7
-22
-25
-11
6
18
41
51
45
34
24
24
35
38
46
60
62
74
83
91
97
95
87
80
82
91
97
98
95
81
70
57
49
45
46
39
30
14
18
28
40
44
56
59
69
71
67
66
70
73
70
50
44
28
21
9
0
-5
-6
-15
-30
-62
-80
-95
-100
-89
-89
-84
-92
-94
-110
-117
-121
-121
-113
-120
-117
-122
-117
-106
-85
-64
-38
-16
-7
-2
4
8
15
18
10
20
25
42
62
71
81
87
82
79
74
74
63
63
60
63
55
67
78
85
85
81
84
74
71
67
66
67
66
73
67
72
78
83
90
96
90
81
72
61
48
39
27
19
6
7
5
21
43
62
73
72
77
75
83
80
85
97
120
134
140
138
134
139
142
142
145
128
115
102
98
90
83
74
67
57
48
57
63
74
82
83
80
67
61
58
60
65
58
54
50
51
55
56
54
46
38
39
40
46
57
75
85
93
95
88
83
83
84
81
63
53
46
42
36
27
18
8
11
6
15
19
37
33
28
18
2
-7
-11
-10
-16
-28
-35
-35
-28
-27
-20
-16
-15
-8
-1
-1
-1
1
-4
10
20
21
19
16
20
22
21
18
16
10
18
24
40
49
70
85
104
114
121
127
132
140
136
132
131
121
120
121
119
111
93
92
86
79
70
71
66
72
80
87
88
88
88
78
77
78
84
80
76
71
68
79
81
93
100
107
119
119
122
123
122
118
118
118
112
115
114
113
106
104
101
97
99
110
117
118
115
113
117
107
102
90
69
58
41
34
34
47
48
45
41
30
21
10
4
5
13
17
13
-2
-14
-16
-20
-17
-18
-11
-15
-16
-23
-33
-39
-35
-32
-42
-51
-57
-58
-63
-57
-51
-43
-51
-53
-63
-62
-51
-38
-34
-20
-20
-20
-13
-12
-14
-19
-12
-1
8
9
0
2
0
-7
-17
-32
-43
-47
-48
-41
-29
-26
-24
-23
-28
-35
-41
-41
-36
-39
-31
-14
-10
-10
-25
-32
-30
-24
-7
-6
-7
-11
-9
-3
1
-5
-8
-11
-8
-3
6
11
15
7
15
25
34
20
5
0
-9
-6
-3
-1
-9
-18
-21
-12
-3
10
15
9
8
10
14
26
29
44
48
61
61
62
65
64
61
45
40
37
33
32
39
33
36
46
50
61
73
98
120
138
137
126
125
123
132
123
110
105
90
91
91
106
102
91
78
63
54
45
34
24
17
18
14
-2
-7
-11
-20
-21
-14
2
24
40
53
65
70
71
54
35
21
11
10
10
10
12
-3
-15
-32
-48
-60
-74
-75
-77
-69
-69
-69
-63
-58
-53
-50
-52
-58
-68
-72
-67
-56
-41
-24
-13
-14
-12
-7
-15
-20
-32
-39
-49
-59
-62
-55
-46
-42
-40
-45
-48
-46
-40
-28
-12
-1
1
5
1
-6
-13
-6
0
-2
-12
-22
-32
-27
-13
-1
6
7
-6
-16
-25
-21
-14
-3
7
11
15
31
30
35
22
25
33
34
33
34
30
37
40
32
25
19
17
15
15
21
15
12
1
11
7
11
13
14
18
13
18
13
9
15
17
11
11
11
7
1
-6
-14
-20
-17
-13
0
8
19
23
26
33
31
31
12
7
1
-2
7
18
28
44
53
54
56
57
55
46
36
25
13
13
29
40
44
41
28
18
12
26
50
75
99
118
121
126
122
111
103
92
91
79
77
68
54
50
44
52
49
47
57
67
70
74
75
68
65
61
69
76
84
75
53
37
18
4
-14
-31
-39
-54
-57
-55
-58
-54
-52
-52
-46
-50
-47
-43
-31
-15
-10
-16
-17
-12
-11
-12
-17
-17
-24
-27
-31
-41
-39
-25
-4
0
9
8
8
15
23
16
8
-11
-18
-25
-16
-5
4
2
9
18
42
49
66
76
89
104
106
102
95
99
102
98
103
98
108
118
136
133
117
106
99
103
101
105
106
110
123
122
115
105
110
123
145
159
173
177
184
181
173
155
150
143
140
132
131
123
132
130
131
125
129
126
120
113
109
108
104
106
104
100
95
93
96
94
110
123
127
128
125
113
88
60
45
29
26
32
45
62
74
70
67
55
44
34
32
41
45
51
59
62
57
49
36
34
25
22
33
37
38
40
38
38
51
67
80
90
102
100
91
73
50
28
24
10
-1
-18
-29
-37
-44
-52
-44
-36
-34
-28
-26
-36
-42
-42
-39
-51
-62
-65
-61
-47
-35
-32
-15
-1
18
38
55
68
83
84
85
75
62
51
51
41
28
27
24
28
38
28
23
17
26
39
44
53
57
54
58
72
89
103
104
105
96
89
75
51
28
17
15
20
29
21
8
-3
-9
-8
2
2
10
18
24
27
26
11
6
0
-3
-16
-29
-45
-56
-68
-77
-83
-88
-89
-82
-71
-53
-26
-7
5
24
30
22
23
25
31
33
33
36
36
38
36
36
39
45
45
43
37
43
46
59
77
89
97
92
98
88
82
77
64
55
45
50
46
47
35
27
21
19
15
-1
-10
-14
-16
-16
-4
6
21
23
27
34
33
42
31
23
11
-6
-20
-29
-30
-41
-45
-61
-59
-50
-41
-11
-5
-4
-3
-11
-21
-40
-38
-43
-30
-23
-12
-1
6
12
24
18
8
13
14
36
50
51
53
59
62
57
52
35
23
1
-15
-21
-32
-33
-31
-24
-25
-16
-26
-35
-46
-52
-45
-43
-28
-27
-30
-27
-18
-13
-4
9
14
22
19
5
9
10
17
19
11
3
0
6
16
32
46
40
40
37
35
23
18
14
17
22
23
26
34
45
48
38
27
18
9
1
2
4
7
18
34
47
72
76
76
63
59
54
50
43
44
43
31
27
26
32
37
39
43
48
42
52
53
62
61
55
51
54
52
40
38
29
35
38
39
41
32
19
16
11
8
5
-6
-7
-11
-11
-7
-8
12
42
