-58
-54
-49
-43
-44
-47
-49
-52
-60
-64
-63
-56
-48
-43
-41
-48
-54
-55
-56
-60
-64
-61
-57
-65
-73
-76
-82
-90
-91
-96
-90
-84
-72
-61
-50
-46
-45
-49
-55
-44
-34
-13
-1
11
19
26
37
37
40
38
37
37
41
45
44
40
44
52
57
60
65
62
62
65
68
61
57
51
49
44
36
26
21
21
20
17
10
5
-3
-11
-12
-17
-29
-33
-37
-33
-36
-35
-37
-39
-41
-45
-49
-49
-43
-40
-38
-44
-39
-42
-36
-27
-12
2
9
13
1
-5
-9
-6
-8
-9
-7
-18
-25
-29
-31
-39
-45
-47
-52
-59
-67
-75
-84
-91
-95
-98
-99
-102
-109
-117
-117
-117
-111
-101
-88
-79
-83
-84
-84
-90
-97
-108
-112
-119
-121
-124
-125
-123
-116
-103
-84
-77
-63
-55
-50
-40
-39
-43
-44
-40
-36
-43
-49
-45
-47
-49
-53
-60
-61
-52
-42
-38
-36
-31
-32
-33
-33
-32
-36
-33
-46
-56
-68
-71
-65
-60
-53
-42
-33
-28
-31
-28
-32
-36
-38
-36
-38
-33
-30
-33
-31
-27
-26
-23
-26
-28
-42
-49
-54
-58
-53
-32
-11
9
23
34
34
29
16
9
0
-11
-11
-14
-19
-17
-13
-13
-14
-16
-22
-26
-24
-32
-33
-37
-36
-31
-40
-52
-60
-64
-66
-61
-62
-56
-50
-38
-27
-9
1
6
12
15
14
10
5
4
-5
-18
-28
-37
-32
-26
-21
-26
-30
-35
-37
-39
-41
-44
-49
-53
-47
-37
-35
-35
-39
-50
-45
-38
-41
-41
-39
-42
-38
-35
-25
-19
-10
-4
-6
-5
0
3
9
11
14
8
-4
-13
-21
-24
-43
-46
-54
-61
-65
-61
-62
-65
-62
-61
-62
-66
-67
-71
-72
-69
-69
-76
-86
-94
-103
-95
-79
-60
-52
-44
-42
-36
-40
-39
-45
-46
-46
-44
-35
-27
-23
-23
-31
-30
-32
-38
-49
-59
-60
-57
-49
-48
-44
-42
-34
-32
-32
-23
-18
-18
-27
-34
-40
-40
-47
-54
-66
-71
-64
-56
-50
-48
-49
-52
-58
-60
-58
-52
-41
-37
-39
-41
-45
-58
-61
-61
-60
-60
-58
-56
-57
-54
-53
-50
-56
-62
-64
-66
-57
-49
-46
-50
-47
-41
-46
-48
-57
-55
-52
-47
-39
-29
-17
-10
-19
-29
-36
-42
-50
-59
-61
-68
-69
-68
-64
-63
-57
-50
-46
-37
-33
-24
-24
-18
-23
-28
-43
-57
-67
-71
-72
-70
-70
-70
-70
-67
-71
-67
-59
-56
-52
-49
-47
-47
-45
-43
-44
-44
-38
-33
-30
-22
-22
-22
-22
-19
-17
-20
-25
-34
-44
-52
-52
-50
-44
-40
-47
-51
-52
-53
-46
-43
-37
-42
-37
-40
-30
-27
-26
-27
-28
-26
-23
-23
-23
-23
-25
-25
-28
-24
-24
-26
-28
-19
-18
-21
-25
-32
-34
-36
-29
-24
-13
-9
-7
-11
-9
-1
7
15
17
18
11
5
1
-6
-16
-19
-28
-28
-30
-22
-12
-10
-3
6
11
7
2
-7
-13
-17
-19
-27
-31
-36
-41
-42
-42
-36
-35
-26
-22
-20
-25
-29
-37
-47
-53
-55
-58
-54
-53
-55
-63
-78
-89
-105
-110
-111
-112
-116
-124
-123
-127
-115
-104
-98
-95
-94
-86
-75
-66
-55
-47
-41
-32
-26
-23
-17
-15
-5
6
18
23
26
30
37
42
37
26
17
12
5
0
-2
-8
-8
-10
-19
-27
-30
-39
-49
-54
-57
-63
-69
-60
-57
-51
-40
-35
-29
-22
-8
-4
-1
5
13
18
24
32
40
45
48
44
33
24
18
11
10
4
-7
-23
-32
-26
-24
-23
-25
-21
-27
-31
-26
-36
-37
-34
-33
-31
-27
-24
-24
-24
-22
-27
-32
-30
-35
-35
-36
-28
-25
-26
-29
-27
-27
-25
-22
-25
-26
-27
-29
-34
-39
-44
-53
-53
-41
-36
-34
-29
-26
-26
-16
-11
-4
1
-1
-1
-1
-2
6
9
12
3
-3
-10
-12
-9
1
4
6
6
2
-5
-14
-26
-40
-44
-41
-42
-41
-39
-39
-42
-43
-45
-46
-46
-43
-42
-43
-31
-34
-34
-38
-42
-49
-57
-63
-64
-60
-56
-43
-35
-30
-30
-27
-34
-31
-30
-38
-52
-61
-66
-69
-72
-74
-84
-91
-99
-101
-102
-92
-85
-86
-93
-98
-93
-83
-78
-75
-72
-69
-59
-54
-53
-58
-61
-75
-82
-95
-112
-121
-124
-109
-95
-78
-54
-41
-25
-18
-12
-14
-18
-21
-24
-30
-33
-38
-39
-34
-28
-23
-23
-28
-38
-52
-70
-80
-86
-92
-94
-92
-93
-92
-91
-89
-82
-70
-64
-57
-59
-59
-59
-59
-51
-48
-44
-45
-44
-51
-56
-62
-63
-68
-66
-66
-67
-69
-70
-77
-79
-75
-69
-64
-62
-63
-66
-77
-82
-91
-95
-92
-81
-71
-62
-51
-45
-39
-41
-45
-49
-57
-59
-70
-88
-103
-115
-111
-108
-95
-87
-84
-78
-70
-68
-57
-46
-31
-18
-18
-18
-28
-40
-42
-40
-36
-24
-15
-19
-13
-6
0
0
-5
-11
-23
-32
-41
-44
-39
-32
-23
-21
-19
-16
-10
-11
-12
-12
-15
-17
-11
-1
-3
-4
-7
-11
-16
-26
-29
-39
-50
-49
-55
-59
-62
-65
-72
-73
-77
-71
-54
-38
-17
-8
-8
-9
-12
-12
-5
-10
-13
-19
-27
-32
-33
-28
-17
-12
-8
-10
-14
-15
-13
-14
-14
-15
-18
-16
-10
0
8
16
24
29
29
26
28
21
14
8
6
-5
-15
-24
-28
-24
-25
-26
-30
-43
-52
-56
-59
-55
-53
-53
-47
-49
-58
-66
-64
-58
-48
-42
-35
-28
-19
-6
-7
-7
-8
-14
-20
-26
-28
-32
-43
-50
-50
-48
-43
-36
-39
-34
-31
-28
-34
-40
-30
-24
-18
-15
-7
-9
-5
-9
-9
-7
-11
-21
-36
-46
-50
-53
-53
-60
-54
-56
-48
-42
-35
-32
-32
-36
-39
-39
-36
-35
-33
-33
-29
-39
-52
-58
-67
-70
-76
-76
-78
-75
-73
-73
-70
-65
-59
-59
-54
-50
-51
-39
-27
-15
-7
6
15
21
28
35
39
39
34
29
22
15
11
8
8
8
9
2
-11
-16
-20
-17
-11
-8
-7
-13
-7
-13
-9
-7
-5
-5
-5
-3
-6
-2
4
10
13
12
12
2
-1
2
2
0
-3
-2
-1
-1
-7
-14
-19
-25
-25
-28
-26
-28
-19
-13
2
9
9
5
5
9
5
6
-4
-19
-35
-46
-54
-62
-67
-65
-67
-72
-76
-91
-101
-106
-107
-110
-110
-113
-118
-123
-121
-122
-123
-123
-118
-115
-110
-109
-110
-112
-110
-112
-112
-107
-94
-80
-67
-56
-47
-30
-22
-3
11
21
26
33
32
33
28
27
23
23
19
13
4
-5
-12
-23
-32
-35
-44
-40
-33
-31
-38
-46
-51
-41
-33
-31
-31
-37
-28
-26
-29
-28
-26
-31
-29
-30
-20
-8
-6
-9
-21
-28
-35
-45
-55
-58
-50
-49
-49
-46
-50
-53
-58
-57
-59
-53
-60
-67
-72
-77
-82
-85
-85
-74
-62
-54
-53
-54
-56
-58
-51
-39
-28
-18
-18
-17
-16
-9
-7
-2
2
6
11
18
26
30
27
22
14
8
-4
-9
-21
-28
-32
-35
-44
-46
-56
-62
-66
-63
-61
-57
-50
-52
-48
-48
-42
-42
-42
-41
-38
-36
-35
-32
-30
-27
-34
-36
-45
-45
-51
-56
-65
-76
-84
-95
-99
-95
-85
-74
-64
-63
-62
-56
-43
-22
-14
1
7
8
18
31
33
29
17
6
-3
-11
-12
-11
-5
2
4
-4
-11
-16
-23
-29
-44
-51
-52
-54
-52
-58
-65
-71
-73
-66
-68
-56
-54
-51
-48
-42
-37
-31
-23
-24
-27
-31
-33
-39
-51
-61
-73
-82
-83
-84
-88
-94
-105
-115
-128
-127
-119
-113
-109
-113
-119
-124
-135
-149
-160
-163
-159
-163
-166
-167
-162
-158
-147
-148
-151
-153
-150
-147
-141
-134
-123
-111
-100
-91
-89
-87
-82
-74
-69
-60
-54
-58
-63
-69
-72
-67
-62
-55
-43
-32
-15
-10
-16
-26
-31
-32
-31
-27
-26
-27
-24
-16
-12
-2
2
7
3
-2
-8
-19
-25
-25
-21
-17
-4
11
14
18
16
11
7
0
0
-4
-2
-3
0
1
2
-5
-12
-25
-26
-30
-32
-28
-25
-23
-28
-23
-27
-32
-31
-34
-38
-40
-39
-37
-29
-27
-16
-10
-8
-6
-11
-14
-17
-18
-23
-21
-18
-17
-18
-15
-19
-17
-21
-17
-16
-18
-14
-8
-10
-5
2
8
8
3
-4
-8
-6
-4
-6
-4
1
8
7
8
-5
-14
-21
-20
-22
-16
-9
-10
-13
-23
-26
-30
-39
-45
-49
-41
-32
-24
-20
-13
-5
-1
-7
-12
-9
-5
-2
-5
-11
-21
-32
-38
-53
-58
-64
-69
-75
-77
-75
-79
-80
-84
-93
-106
-117
-122
-131
-129
-122
-115
-114
-112
-109
-99
-89
-81
-78
-81
-77
-75
-66
-58
-52
-49
-47
-43
-45
-42
-45
-42
-39
-41
-37
-32
-22
-14
-5
-1
5
2
-5
-11
-10
-2
0
4
7
7
1
-3
-3
-8
-14
-20
-29
-30
-38
-39
-35
-27
-23
-15
-10
-9
-6
-10
-13
-14
-12
-15
-17
-21
-27
-20
-14
-2
3
9
11
3
-1
-9
-18
-24
-23
-22
-24
-32
-45
-56
-74
-73
-67
-61
-54
-56
-54
-49
-49
-55
-70
-82
-86
-77
-72
-57
-48
-45
-43
-39
-39
-40
-42
-52
-57
-67
-59
-51
-42
-38
-39
-41
-39
-36
-31
-26
-35
-37
-41
-40
-35
-36
-34
-33
-29
-36
-38
-41
-46
-49
-46
-49
-57
-58
-63
-67
-75
-86
-94
-98
-96
-83
-77
-71
-67
-67
-66
-63
-59
-52
-42
-31
-20
-20
-13
-9
-5
-2
-2
-5
-8
-16
-20
-33
-43
-47
-44
-33
-21
-8
-3
-9
-17
-29
-41
-41
-42
-42
-46
-49
-59
-60
-58
-51
-51
-44
-37
-43
-44
-45
-46
-44
-42
-41
-43
-52
-55
-64
-76
-89
-104
-108
-107
-102
-100
-103
-106
-105
-102
-86
-69
-52
-44
-45
-47
-52
-49
-38
-36
-39
-51
-58
-61
-56
-51
-44
-37
-25
-15
-4
4
12
7
-5
-12
-20
-14
-12
-1
5
7
13
8
6
0
4
11
26
45
61
68
65
55
45
44
50
53
43
29
10
-13
-29
-38
-37
-38
-29
-28
-31
-35
-33
-31
-34
-28
-24
-36
-38
-35
-32
-25
-17
-11
-8
-12
-14
-20
-29
-38
-47
-60
-63
-60
-58
-59
-53
-58
-56
-60
-56
-56
-47
-43
-35
-35
-34
-26
-27
-18
-15
-11
-11
-13
-19
-26
-37
-48
-49
-58
-57
-62
-69
-75
-83
-86
-83
-74
-64
-71
-87
-110
-128
-137
-140
-139
-139
-143
-149
-160
-160
-147
-127
-111
-92
-68
-48
-28
-13
-3
-1
1
1
1
-1
-2
-2
-2
8
15
18
17
18
26
33
32
28
18
13
12
11
10
15
19
19
14
15
16
18
20
24
19
10
0
-6
-12
-14
-14
-24
-32
-36
-40
-37
-45
-45
-56
-56
-45
-28
-10
2
8
9
11
9
12
3
-6
-13
-21
-21
-17
-6
-5
2
5
7
5
6
4
-3
-6
-18
-27
-32
-29
-26
-31
-33
-40
-52
-62
-63
-65
-61
-58
-57
-62
-66
-65
-71
-69
-67
-73
-88
-96
-97
-93
-89
-80
-70
-58
-45
-27
-21
-9
-1
5
6
18
25
22
22
23
23
20
18
18
20
22
22
23
13
9
5
3
-4
-10
-19
-32
-45
-42
-40
-32
-34
-30
-27
-33
-41
-54
-67
-69
-69
-69
-69
-72
-74
-77
-76
-74
-70
-63
-64
-70
-78
-82
-88
-92
-89
-83
-82
-82
-77
-84
-87
-86
-83
-81
-77
-73
-72
-70
-76
-90
-106
-117
-118
-122
-121
-123
-128
-134
-132
-122
-111
-94
-75
-57
-50
-48
-47
-53
-57
-59
-62
-62
-66
-70
-63
-59
-56
-56
-64
-74
-80
-87
-94
-96
-100
-108
-111
-114
-119
-120
-125
-129
-134
-135
-140
-145
-149
-149
-147
-144
-132
-123
-111
-101
-88
-79
-63
-50
-29
-15
-9
-2
-3
-6
-3
-3
-2
0
9
10
11
19
31
34
30
19
3
2
0
5
4
9
16
21
27
26
21
11
12
14
7
4
-4
-7
-12
-13
-11
-14
-12
-17
-21
-23
-25
-23
-28
-27
-18
-18
-17
-17
-23
-27
-29
-29
-26
-25
-29
-28
-25
-21
-18
-23
-17
-14
-7
-9
-11
-16
-20
-23
-28
-27
-27
-33
-39
-51
-60
-53
-43
-35
-28
-24
-25
-21
-16
-12
-10
-8
-13
-17
-23
-26
-28
-37
-37
-40
-37
-32
-26
-24
-32
-36
-44
-38
-37
-43
-47
-50
-39
-22
-13
-4
5
9
13
15
5
-5
-35
-47
-58
-61
-58
-68
-85
-105
-120
-123
-125
-123
-124
-123
-116
-105
-96
-89
-91
-103
-111
-121
-119
-116
-111
-105
-110
-124
-123
-113
-91
-72
-54
-37
-21
-2
9
26
35
49
57
59
66
66
67
59
49
37
24
25
23
20
5
-5
-22
-29
-32
-36
-32
-35
-32
-29
-36
-31
-32
-28
-19
-10
-3
7
12
24
28
38
44
45
45
46
44
42
37
35
31
20
7
-6
-16
-25
-31
-46
-53
-60
-75
-85
-89
-91
-89
-78
-66
-68
-75
-78
-82
-76
-72
-64
-60
-57
-59
-59
-62
-56
-60
-54
-55
-60
-61
-70
-67
-58
-56
-51
-40
-35
-19
-14
-15
-23
-26
-32
-40
-43
-43
-53
-49
-48
-52
-49
-49
-40
-37
-34
-36
-39
-38
-40
-43
-41
-54
-52
-60
-54
-50
-37
-19
-19
-28
-36
-43
-39
-34
-29
-30
-31
-31
-34
-36
-37
-36
-43
-37
-33
-31
-27
-34
-35
-43
-47
-49
-44
-41
-32
-27
-21
-23
-25
-29
-37
-47
-55
-58
-52
-44
-40
-41
-44
-52
-60
-69
-66
-68
-68
-63
-55
-46
-37
-27
-26
-34
-35
-38
-44
-48
-51
-57
-60
-58
-55
-56
-50
-44
-46
-52
-47
-55
-64
-67
-76
-71
-69
-60
-54
-52
-47
-52
-63
-69
-67
-60
-52
-48
-47
-48
-43
-31
-25
-27
-32
-42
-47
-52
-52
-55
-59
-54
-49
-40
-33
-32
-36
-48
-53
-55
-54
-42
-35
-33
-38
-44
-50
-49
-46
-38
-44
-45
-40
-41
-34
-33
-34
-39
-38
-35
-32
-26
-34
-35
-35
-29
-29
-32
-43
-55
-69
-79
-80
-70
-60
-52
-45
-41
-46
-54
-63
-70
-70
-66
-55
-53
-53
-50
-49
-44
-44
-41
-42
-47
-56
-56
-49
-41
-30
-23
-24
-25
-26
-25
-30
-37
-53
-70
-82
-92
-104
-106
-102
-95
-84
-73
-61
-53
-47
-41
-43
-41
-37
-29
-24
-19
-13
-16
-16
-18
-23
-20
-19
-17
-21
-16
-11
-4
2
9
12
11
6
10
14
17
21
20
20
27
32
41
44
48
45
40
35
29
26
26
25
23
10
3
-9
-15
-16
-5
5
12
15
12
5
6
11
22
29
33
30
26
19
17
10
8
12
14
15
17
14
1
-15
-30
-43
-51
-66
-69
-78
-80
-84
-90
-96
-98
-96
-96
-93
-88
-79
-80
-82
-83
-91
-97
-96
-94
-87
-79
-70
-69
-68
-65
-68
-70
-70
-69
-65
-55
-33
-21
-6
-6
-8
-16
-13
-19
-26
-34
-38
-40
-47
-54
-53
-45
-37
-26
-22
-11
0
17
24
30
37
46
47
40
28
15
0
-12
-26
-35
-39
-34
-33
-31
-32
-32
-35
-31
-25
-19
-16
-19
-30
-39
-44
-34
-30
-40
-52
-63
-68
-71
-69
-66
-63
-56
-54
-62
-63
-67
-64
-64
-66
-65
-58
-53
-44
-38
-32
-21
-18
-26
-31
-30
-30
-16
-1
8
14
13
12
4
2
1
2
1
1
-5
-13
-24
-29
-37
-34
-38
-35
-42
-47
-46
-52
-58
-78
-89
-103
-107
-105
-96
-84
-63
-53
-53
-42
-32
-29
-24
-19
-11
-1
8
10
5
0
-6
-7
-4
8
11
7
0
-3
-7
-15
-21
-31
-34
-41
-44
-55
-67
-73
-81
-92
-110
-121
-134
-128
-109
-84
-58
-42
-25
-26
-24
-20
-23
-28
-29
-24
-13
-1
9
14
15
9
9
4
2
6
8
1
2
0
-6
-9
-22
-30
-36
-35
-29
-27
-23
-20
-8
-5
0
0
-1
0
-6
-4
-7
-9
-10
-14
-4
10
17
8
-1
-14
-27
-43
-54
-64
-73
-73
-76
-74
-84
-96
-106
-111
-106
-99
-87
-78
-67
-58
-57
-55
-57
-62
-75
-81
-88
-85
-74
-59
-51
-48
-49
-56
-54
-50
-43
-43
-47
-48
-59
-63
-54
-38
-35
-20
-12
-7
0
5
9
5
11
13
15
17
24
31
31
24
6
-11
-29
-41
-41
-38
-36
-38
-44
-59
-71
-80
-84
-83
-85
-84
-86
-86
-83
-84
-86
-95
-106
-108
-110
-109
-108
-101
-95
-86
-82
-69
-61
-61
-62
-63
-64
-59
-55
-58
-65
-70
-72
-72
-71
-55
-44
-32
-29
-35
-27
-27
-14
-17
-19
-23
-29
-40
-50
-55
-58
-55
-56
-50
-47
-47
-42
-50
-58
-66
-69
-69
-61
-60
-59
-55
-57
-56
-59
-59
-63
-71
-69
-60
-60
-60
-63
-67
-67
-67
-70
-74
-77
-74
-73
-74
-73
-69
-60
-57
-57
-58
-65
-65
-66
-68
-61
-57
-52
-54
-55
-57
-64
-78
-83
-84
-81
-72
-71
-62
-57
-46
-43
-48
-52
-53
-58
-58
-62
-61
-54
-56
-56
-66
-77
-77
-80
-87
-91
-96
-105
-114
-115
-110
-99
-80
-64
-55
-42
-37
-36
-37
-39
-44
-44
-49
-50
-52
-50
-47
-41
-42
-42
-44
-46
-39
-30
-24
-25
-33
-36
-37
-38
-42
-50
-54
-50
-45
-50
-56
-52
-48
-47
-43
-38
-34
-29
-19
-11
-10
-15
-28
-45
-49
-48
-40
-41
-41
-47
-59
-63
-61
-51
-40
-33
-31
-37
-34
-29
-21
-16
-6
-10
-13
-12
-11
-10
-10
-15
-13
-21
-29
-33
-29
-14
6
20
20
9
3
-5
-7
-13
-19
-25
-33
-43
-47
-47
-45
-37
-34
-30
-16
-9
6
12
22
17
13
1
-10
-21
-26
-24
-22
-20
-15
-19
-13
-13
-10
-9
-4
2
4
0
2
3
10
22
23
22
14
16
20
27
31
29
25
17
17
17
9
3
0
3
8
13
1
-15
-28
-37
-36
-33
-21
-25
-20
-27
-27
-38
-44
-49
-56
-53
-48
-35
-26
-22
-22
-29
-39
-55
-71
-86
-86
-81
-69
-51
-31
-11
-7
-4
-13
-23
-38
-43
-50
-59
-62
-63
-59
-62
-60
-54
-48
-32
-31
-35
-45
-55
-62
-66
-61
-64
-67
-73
-60
-47
-37
-31
-32
-39
-40
-36
-36
-41
-44
-38
-29
-23
-22
-28
-35
-40
-43
-39
-33
-22
-9
4
17
21
15
7
-2
-14
-28
-31
-30
-27
-30
-32
-32
-25
-16
-14
-17
-17
-19
-30
-39
-42
-48
-43
-36
-36
-37
-42
-38
-40
-41
-41
-45
-52
-55
-50
-40
-36
-32
-37
-36
-43
-39
-41
-36
-35
-43
-55
-66
-63
-52
-42
-25
-22
-20
-26
-21
-26
-31
-32
-35
-44
-56
-69
-80
-76
-66
-58
-56
-46
-40
-42
-44
-43
-45
-52
-60
-61
-55
-42
-26
-20
-15
-19
-29
-44
-54
-57
-56
-49
-38
-32
-34
-35
-40
-40
-46
-54
-62
-72
-73
-73
-69
-64
-62
-54
-55
-50
-45
-35
-26
-25
-25
-34
-46
-61
-76
-87
-95
-99
-98
-92
-82
-77
-57
-48
-33
-29
-38
-41
-52
-59
-65
-66
-69
-69
-60
-52
-38
-19
-12
-10
-10
0
-1
-2
-9
-20
-33
-46
-58
-70
-72
-63
-54
-35
-25
-16
-14
-18
-15
-23
-26
-30
-31
-34
-38
-32
-31
-27
-27
-19
-17
-8
0
10
21
35
45
40
30
22
14
1
-2
-9
-15
-12
-6
-1
9
17
17
3
-10
-24
-43
-48
-45
-37
-22
-22
-20
-30
-36
-39
-39
-40
-41
-47
-64
-83
-104
-123
-136
-139
-137
-133
-133
-128
-118
-111
-102
-93
-82
-71
-61
-59
-70
-79
-85
-95
-107
-119
-126
-135
-136
-133
-123
-109
-95
-81
-70
-66
-63
-66
-66
-71
-77
-89
-92
-87
-66
-37
-5
15
23
20
11
6
1
7
7
13
11
6
-4
-12
-12
-12
-6
4
16
16
17
18
21
24
30
33
25
21
17
14
11
19
30
46
64
79
89
97
101
104
106
108
101
88
77
70
66
53
41
25
12
6
7
9
6
6
-2
-13
-24
-24
-27
-32
-37
-43
-44
-42
-34
-23
-7
11
25
34
39
42
37
32
27
21
20
15
15
16
23
32
35
25
13
4
-9
-14
-16
-12
-12
-20
-29
-49
-62
-68
-65
-66
-56
-53
-56
-55
-60
-60
-67
-73
-80
-87
-89
-86
-81
-80
-81
-79
-79
-82
-84
-90
-87
-76
-58
-45
-37
-36
-37
-38
-41
-50
-59
-72
-78
-83
-76
-61
-46
-30
-33
-30
-36
-43
-36
-32
-26
-23
-19
-22
-24
-33
-41
-48
-48
-48
-46
-50
-56
-59
-69
-74
-83
-85
-83
-75
-77
-84
-93
-94
-87
-76
-68
-67
-68
-65
-67
-69
-72
-69
-64
-57
-50
-50
-54
-63
-70
-79
-83
-90
-98
-101
-99
-95
-94
-91
-85
-82
-78
-66
-48
-43
-49
-49
-50
-51
-59
-66
-74
-80
-81
-81
-78
-77
-67
-66
-61
-58
-58
-62
-56
-49
-43
-33
-30
-24
-20
-19
-13
-7
-2
4
3
-3
-14
-19
-25
-20
-8
4
11
19
25
29
32
30
27
22
20
16
7
-9
-16
-25
-32
-36
-36
-30
-31
-22
-19
-17
-18
-19
-27
-34
-37
-35
-35
-42
-50
-55
-48
-29
-12
-4
-3
-11
-20
-31
-36
-46
-48
-57
-67
-81
-96
-105
-113
-107
-102
-94
-89
-81
-74
-68
-68
-64
-66
-66
-63
-63
-56
-45
-44
-31
-24
-6
3
10
6
-2
-8
-17
-13
-12
-19
-31
-43
-42
-41
-35
-32
-26
-24
-23
-21
-27
-21
-30
-40
-42
-42
-46
-55
-55
-58
-57
-58
-52
-51
-56
-61
-72
-81
-86
-85
-77
-68
-58
-49
-49
-50
-44
-43
-40
-29
-28
-26
-22
-15
-11
-4
-1
3
7
10
9
5
-1
-2
-5
-12
-16
-27
-39
-49
-57
-59
-51
-41
-33
-34
-37
-39
-44
-44
-38
-28
-17
-13
-5
0
4
2
-5
-11
-14
-13
-21
-28
-37
-39
-42
-46
-40
-44
-44
-51
-69
-89
-108
-109
-106
-98
-91
-82
-69
-55
-30
-18
-7
-5
-5
-6
2
3
2
-4
-10
-13
-18
-16
-15
-21
-24
-36
-44
-50
-52
-52
-54
-55
-50
-51
-51
-45
-43
-42
-43
-36
-33
-33
-36
-48
-62
-75
-74
-66
-52
-41
-35
-32
-36
-36
-37
-25
-10
-4
-10
-15
-20
-18
-13
-13
-14
-20
-31
-35
-42
-44
-43
-41
-43
-38
-42
-46
-36
