-55
-64
-70
-73
-77
-71
-69
-74
-76
-74
-60
-57
-43
-40
-34
-32
-31
-31
-39
-50
-72
-85
-99
-108
-116
-117
-118
-117
-118
-112
-100
-88
-82
-82
-83
-88
-94
-95
-100
-102
-96
-94
-88
-90
-90
-85
-90
-91
-92
-94
-88
-77
-62
-51
-49
-40
-34
-33
-27
-31
-32
-29
-20
-11
-14
-12
-16
-12
-13
-12
-15
-20
-17
-21
-26
-30
-30
-25
-22
-13
-7
-9
-4
0
5
14
20
21
18
13
10
7
3
-3
-14
-23
-28
-20
-17
-10
-1
1
-2
-4
-1
1
0
0
-10
-19
-33
-33
-33
-32
-31
-37
-49
-57
-65
-75
-83
-93
-94
-98
-98
-98
-106
-113
-112
-110
-106
-105
-107
-111
-119
-123
-128
-138
-143
-158
-171
-188
-195
-194
-186
-169
-151
-132
-124
-114
-107
-100
-89
-87
-87
-88
-82
-76
-65
-48
-37
-32
-30
-29
-28
-24
-22
-17
-13
-13
-11
-15
-19
-12
-13
-11
-10
-7
-8
-13
-18
-17
-11
-8
-1
2
16
27
41
47
65
73
72
66
58
56
60
70
76
85
97
109
116
112
103
89
76
72
81
92
94
105
120
131
140
146
149
151
149
142
130
117
108
108
110
115
113
110
110
116
115
110
100
86
71
58
57
52
50
46
42
34
28
16
13
5
4
1
-4
-4
-8
-13
-15
-14
-7
-4
-7
-22
-40
-57
-64
-65
-65
-59
-69
-75
-83
-81
-80
-84
-81
-85
-84
-89
-95
-101
-107
-108
-105
-101
-103
-109
-115
-116
-107
-95
-77
-64
-54
-54
-49
-44
-34
-29
-24
-14
-14
-16
-12
-9
-5
5
9
16
18
21
24
27
30
46
68
92
98
71
17
-26
-55
-62
-65
-63
-61
-56
-44
-39
-30
-21
-10
-1
6
15
21
27
37
50
48
50
53
52
46
51
62
64
54
27
-4
-30
-48
-46
-36
-20
0
22
38
54
67
71
84
92
96
95
83
75
64
57
58
69
87
111
136
133
109
61
7
-35
-53
-57
-57
-55
-48
-43
-46
-44
-35
-25
-22
-25
-21
-18
-3
6
16
17
24
32
42
62
69
70
62
44
25
0
-12
-22
-33
-32
-28
-17
-12
-8
-19
-21
-29
-28
-34
-39
-39
-38
-41
-34
-25
-20
-9
-1
9
17
17
25
25
31
42
49
47
36
22
12
6
4
7
9
17
25
28
33
35
44
53
64
68
74
87
107
127
134
132
123
113
105
100
99
97
100
96
89
83
77
71
74
73
66
53
42
37
31
31
25
19
11
-7
-19
-34
-40
-44
-40
-46
-46
-39
-36
-31
-21
-11
-9
-10
-21
-28
-35
-41
-43
-52
-52
-51
-51
-52
-52
-51
-51
-45
-43
-39
-32
-18
-5
0
-1
-9
-17
-22
-18
-20
-12
-9
-4
-16
-22
-31
-40
-45
-51
-66
-88
-112
-125
-134
-141
-146
-155
-163
-166
-163
-162
-162
-165
-176
-189
-202
-208
-211
-212
-213
-208
-202
-191
-179
-176
-169
-169
-159
-154
-139
-123
-115
-113
-106
-101
-95
-85
-79
-69
-59
-46
-39
-33
-31
-29
-33
-30
-21
-9
-1
4
6
10
5
9
15
13
9
1
1
2
13
13
20
17
23
25
29
39
40
50
67
79
91
99
110
116
119
116
118
119
129
138
139
144
156
172
185
198
209
222
234
239
239
232
220
200
175
150
137
124
109
95
77
62
45
36
26
24
31
30
25
15
11
7
2
-8
-22
-34
-39
-31
-29
-25
-23
-16
-15
-17
-18
-16
-4
24
49
71
80
81
78
75
75
79
79
74
63
48
40
39
39
37
27
13
1
-13
-23
-25
-28
-30
-31
-40
-53
-58
-58
-56
-47
-48
-48
-56
-65
-84
-107
-118
-127
-134
-140
-141
-145
-147
-141
-128
-111
-94
-77
-67
-56
-52
-61
-71
-77
-74
-74
-72
-72
-76
-77
-76
-60
-61
-59
-54
-50
-43
-46
-53
-61
-62
-53
-40
-29
-16
-2
15
21
29
40
49
58
62
55
54
59
69
76
77
69
61
55
49
45
36
31
25
24
20
22
22
16
15
9
6
5
9
1
-2
-5
-6
-1
-4
0
-4
-10
-17
-26
-35
-46
-49
-52
-50
-50
-46
-46
-53
-56
-63
-59
-50
-38
-30
-29
-31
-40
-44
-41
-36
-30
-36
-42
-53
-62
-63
-60
-59
-54
-49
-42
-32
-20
-6
-2
4
6
9
5
11
15
9
-8
-27
-44
-51
-50
-55
-68
-76
-84
-96
-113
-123
-129
-135
-140
-149
-158
-169
-178
-189
-191
-194
-196
-201
-201
-190
-175
-154
-136
-111
-98
-92
-95
-108
-111
-108
-95
-85
-72
-55
-45
-37
-28
-19
-16
-14
-16
-16
-13
-14
-6
0
2
3
-3
-13
-23
-34
-45
-51
-58
-68
-88
-98
-101
-102
-99
-96
-96
-90
-78
-64
-53
-41
-44
-62
-83
-94
-101
-96
-85
-70
-58
-63
-72
-81
-79
-69
-62
-60
-56
-45
-35
-28
-14
3
23
35
47
52
56
60
56
53
53
51
44
44
31
11
-17
-33
-48
-50
-49
-43
-33
-23
-11
-4
-4
-12
-20
-19
-13
0
5
3
4
14
26
40
50
59
53
42
30
16
16
17
17
19
21
34
41
52
53
54
54
55
69
71
81
86
94
100
106
114
120
128
136
141
144
145
148
144
142
143
153
162
168
163
153
139
127
109
94
89
86
78
69
62
58
54
53
41
28
19
4
-10
-19
-22
-26
-26
-21
-7
4
7
10
7
10
18
36
48
58
62
65
62
55
44
32
18
9
1
-9
-18
-25
-28
-30
-29
-27
-32
-35
-38
-45
-56
-64
-72
-79
-79
-80
-81
-76
-64
-52
-45
-40
-41
-33
-25
-16
-9
-8
-2
2
-2
-13
-24
-31
-39
-45
-51
-56
-55
-53
-56
-62
-67
-61
-51
-48
-32
-14
8
28
43
49
51
64
71
78
82
85
84
85
89
91
95
95
95
98
101
104
111
116
119
117
112
107
101
96
89
85
86
74
73
63
47
29
10
-2
-11
-16
-28
-45
-64
-82
-106
-130
-152
-175
-195
-216
-229
-237
-235
-224
-215
-214
-220
-228
-233
-233
-229
-215
-209
-206
-204
-204
-199
-187
-176
-164
-158
-148
-143
-134
-122
-111
-99
-86
-72
-67
-66
-61
-46
-36
-24
-16
-10
-7
3
17
30
44
53
52
55
59
71
87
102
114
117
117
113
112
107
111
116
123
128
133
137
138
143
146
143
142
145
144
144
142
141
140
140
142
145
147
148
147
147
146
147
144
145
138
134
132
131
137
135
136
133
129
121
123
121
120
108
98
90
79
74
63
57
47
43
46
50
58
59
60
61
57
53
42
37
32
21
9
-6
-18
-28
-37
-46
-60
-70
-74
-79
-86
-87
-90
-95
-92
-79
-81
-83
-90
-99
-100
-100
-98
-99
-98
-101
-105
-112
-115
-113
-118
-120
-117
-114
-112
-117
-123
-131
-135
-140
-143
-145
-137
-136
-139
-140
-136
-121
-112
-97
-88
-76
-63
-55
-46
-44
-33
-29
-24
-20
-21
-18
-13
-6
-1
1
-8
-8
-10
-4
10
24
37
41
49
58
68
70
69
67
65
74
80
85
96
106
114
119
120
119
119
119
114
115
114
115
117
113
119
110
96
90
77
67
57
57
56
54
50
42
41
38
41
47
40
35
28
19
21
27
29
30
33
28
21
18
21
34
45
53
49
40
32
29
26
26
31
31
26
20
18
20
27
32
36
32
23
15
6
8
14
16
15
15
10
8
6
7
11
7
0
-16
-26
-37
-37
-40
-41
-45
-54
-66
-73
-74
-76
-83
-87
-99
-102
-105
-103
-101
-106
-103
-107
-109
-119
-120
-123
-124
-124
-125
-120
-111
-99
-87
-77
-66
-60
-52
-42
-25
-14
-5
-3
2
5
7
7
3
-5
-18
-28
-41
-45
-43
-43
-44
-46
-44
-42
-44
-45
-51
-65
-81
-97
-112
-120
-125
-128
-117
-100
-82
-81
-83
-101
-119
-133
-138
-139
-140
-148
-160
-167
-173
-169
-161
-159
-153
-147
-140
-134
-117
-106
-92
-78
-64
-56
-52
-41
-42
-33
-29
-22
-13
-4
5
13
30
47
58
65
76
84
83
77
65
51
43
28
20
-2
-11
-13
-4
8
16
16
21
29
43
59
60
62
59
60
59
59
64
61
64
65
67
68
66
58
49
48
47
45
38
27
22
20
22
18
12
11
19
21
25
21
23
22
22
28
31
38
46
57
65
69
71
70
75
73
72
66
62
59
51
46
43
40
30
24
21
14
7
7
11
10
10
10
10
-1
-7
-9
-16
-13
-20
-31
-44
-53
-51
-52
-52
-48
-50
-57
-58
-62
-57
-49
-41
-36
-36
-31
-24
-20
-19
-23
-27
-36
-37
-41
-45
-41
-36
-33
-30
-16
-12
-10
-8
-13
1
14
27
25
24
34
50
65
70
65
55
48
50
55
53
56
53
51
50
50
46
38
31
20
5
-8
-21
-28
-40
-44
-50
-45
-39
-31
-37
-50
-61
-78
-86
-98
-103
-114
-118
-113
-108
-103
-105
-101
-101
-98
-93
-88
-86
-84
-84
-89
-89
-83
-77
-68
-63
-57
-46
-34
-16
0
5
12
10
8
5
5
2
-10
-12
-5
0
11
22
31
29
23
11
9
3
4
4
5
4
-1
-2
-7
-1
1
9
20
28
25
19
10
5
1
2
-7
-15
-31
-38
-39
-38
-35
-25
-20
-10
-3
1
7
9
4
0
-1
20
40
59
75
84
89
99
106
106
104
99
99
93
90
76
63
49
42
38
33
32
18
12
-1
-17
-36
-52
-57
-52
-42
-37
-23
-10
-1
6
12
15
20
25
21
18
14
12
6
-3
-9
-22
-23
-26
-23
-15
-5
5
8
5
-1
-9
-13
-27
-38
-48
-61
-69
-83
-96
-106
-115
-122
-125
-121
-114
-103
-87
-72
-56
-45
-33
-27
-23
-24
-35
-50
-67
-81
-92
-110
-125
-144
-156
-161
-158
-151
-145
-132
-126
-119
-115
-112
-114
-121
-122
-120
-119
-126
-143
-165
-183
-190
-192
-192
-190
-186
-183
-176
-163
-143
-126
-104
-85
-74
-65
-63
-63
-68
-69
-64
-58
-53
-43
-37
-27
-10
1
15
23
33
34
22
15
4
-4
-5
11
35
56
76
89
101
113
131
150
156
147
113
66
31
27
40
63
88
105
123
143
163
169
168
158
142
131
126
133
142
153
165
178
181
163
133
101
81
76
77
71
65
66
67
72
76
78
69
57
47
41
29
19
4
-12
-21
-28
-25
-26
-24
-19
-17
-12
-17
-35
-55
-63
-63
-48
-25
-12
-3
-4
-2
-8
-15
-28
-41
-57
-72
-77
-70
-58
-42
-36
-31
-33
-37
-46
-51
-45
-41
-40
-41
-35
-30
-29
-23
-30
-41
-47
-52
-52
-48
-43
-32
-13
-1
5
7
-1
-5
-14
-21
-22
-26
-23
-18
-12
3
-1
-3
-13
-17
-20
-22
-29
-42
-46
-56
-62
-70
-69
-65
-65
-63
-70
-77
-76
-71
-69
-66
-57
-46
-31
-25
-19
-16
-3
13
30
35
39
44
43
41
45
47
55
64
81
93
103
112
120
130
140
147
147
143
139
134
122
112
97
82
63
44
26
4
-12
-30
-42
-41
-28
-11
-5
0
1
11
19
23
23
20
21
16
2
-16
-28
-42
-52
-49
-54
-51
-55
-51
-54
-46
-43
-45
-44
-42
-31
-27
-25
-23
-27
-37
-49
-55
-62
-62
-63
-56
-54
-52
-49
-51
-48
-38
-26
-14
-10
-10
-10
-8
-1
10
13
11
-3
-22
-40
-46
-51
-55
-54
-61
-53
-47
-31
-17
-7
4
17
26
31
31
36
41
51
60
65
59
53
47
36
35
29
33
31
35
27
19
16
12
9
4
11
5
11
12
11
9
7
3
1
-2
-2
0
-3
-4
-9
-10
-12
-14
-19
-26
-24
-18
-6
6
14
15
14
19
15
10
-6
-24
-36
-40
-28
-15
-10
-14
-15
-26
-28
-26
-25
-27
-42
-48
-57
-57
-60
-67
-73
-85
-79
-75
-64
-60
-64
-71
-73
-68
-72
-81
-88
-86
-78
-72
-66
-67
-67
-59
-51
-42
-36
-31
-33
-37
-41
-43
-44
-49
-58
-68
-71
-69
-62
-66
-59
-64
-59
-60
-62
-62
-65
-64
-59
-59
-57
-55
-58
-52
-39
-25
-18
-15
-7
0
3
10
15
9
4
2
4
3
9
9
4
4
6
3
4
0
-3
-11
-12
-9
-9
-3
7
14
20
16
18
21
22
27
26
19
20
15
11
18
22
34
30
30
32
33
29
24
15
5
4
4
-1
-9
-12
-6
-6
2
-6
-1
-5
-4
-13
-19
-17
-4
10
19
31
38
41
46
44
45
50
56
53
47
42
29
17
-1
-9
-16
-21
-17
-17
-16
-22
-24
-24
-22
-18
-15
-7
-5
1
7
9
12
17
16
17
9
-4
-21
-24
-25
-20
-14
-15
-15
-15
-9
-5
-5
-1
-2
5
11
28
37
40
45
46
43
40
39
39
42
53
51
55
49
60
63
67
61
49
37
24
20
14
17
20
20
19
23
28
29
24
10
2
-2
-9
-6
-17
-27
-31
-31
-37
-43
-48
-62
-73
-80
-75
-66
-57
-56
-61
-64
-62
-61
-61
-61
-53
-44
-36
-22
-7
2
14
13
10
-4
-14
-17
-22
-19
-19
-17
-13
-5
-5
-3
4
13
22
23
28
24
23
26
32
39
40
39
35
39
41
40
26
7
1
-9
-12
-20
-33
-44
-53
-59
-64
-71
-79
-92
-102
-98
-93
-90
-92
-90
-89
-93
-93
-97
-93
-83
-65
-54
-49
-39
-42
-46
-57
-64
-68
-62
-61
-59
-58
-54
-45
-44
-36
-31
-24
-19
-12
6
18
30
31
32
28
24
28
28
40
53
70
79
82
84
79
77
77
74
61
43
22
-1
-22
-35
-43
-47
-46
-44
-43
-45
-41
-34
-24
-10
0
4
3
-9
-30
-56
-74
-80
-81
-72
-49
-25
-1
23
33
36
28
18
6
-5
-12
-17
-22
-31
-32
-31
-21
-10
2
9
13
14
7
-1
-19
-32
-48
-63
-73
-82
-81
-74
-60
-49
-39
-34
-37
-40
-41
-46
-49
-52
-46
-38
-28
-19
-4
10
18
16
7
-8
-11
-4
2
12
21
24
26
30
32
27
25
20
19
14
11
12
11
15
20
23
29
38
40
43
44
41
35
25
26
27
33
35
28
15
8
6
7
11
32
54
67
79
82
83
79
69
63
57
50
42
28
19
10
5
-15
-27
-37
-38
-36
-29
-25
-23
-29
-43
-56
-67
-70
-78
-79
-82
-81
-86
-85
-80
-68
-53
-37
-28
-19
-18
-13
-19
-23
-25
-34
-45
-57
-58
-59
-58
-56
-53
-54
-53
-51
-49
-42
-36
-31
-21
-13
0
12
17
19
17
14
10
6
0
1
5
6
3
0
-1
-7
-7
-3
-2
-1
8
21
25
33
41
47
50
51
41
27
7
-10
-23
-34
-36
-34
-24
-1
21
43
55
59
52
38
17
1
-23
-43
-60
-70
-78
-86
-85
-89
-80
-67
-49
-28
-14
-2
1
3
7
6
6
7
4
-5
-21
-35
-43
-61
-77
-90
-100
-97
-86
-72
-60
-43
-35
-31
-38
-50
-67
-84
-94
-99
-97
-89
-73
-54
-40
-28
-21
-18
-24
-26
-38
-42
-42
-40
-38
-29
-17
-11
-5
-5
-5
-8
-16
-20
-31
-33
-33
-33
-40
-52
-56
-52
-36
-25
-14
-12
-9
-7
-9
-7
-4
11
21
36
46
60
75
87
97
92
91
84
71
61
54
48
41
29
25
18
18
15
5
-3
-4
-5
-3
-2
1
7
6
16
23
25
28
23
24
35
47
62
62
61
60
55
59
59
63
63
64
66
66
74
82
86
83
72
71
70
73
73
69
57
43
28
14
-2
-3
-1
-6
-8
-15
-12
-11
-4
-5
-11
-14
-24
-27
-24
-14
0
3
-2
-10
-16
-12
-2
13
22
28
28
30
29
28
28
26
24
15
8
0
-1
-2
-5
-10
-19
-37
-55
-67
-79
-91
-105
-119
-132
-143
-150
-155
-152
-146
-145
-148
-151
-144
-134
-118
-100
-86
-79
-73
-67
-65
-58
-49
-45
-49
-52
-59
-58
-60
-61
-56
-59
-57
-41
-39
-29
-24
-17
-11
-1
-2
-5
-2
-1
4
-3
-4
4
15
23
34
37
39
44
36
37
41
52
61
67
77
81
86
85
86
83
88
91
97
94
96
95
89
85
77
65
51
41
33
27
25
31
27
23
27
31
28
24
15
6
-5
-20
-32
-35
-31
-25
-19
-17
-17
-25
-35
-46
-46
-40
-40
-37
-40
-42
-38
-28
-11
-5
4
4
3
1
7
8
5
3
7
7
5
2
-6
-12
-29
-48
-55
-57
-43
-29
-21
-15
-20
-27
-40
-43
-38
-30
-22
-20
-30
-46
-57
-70
-84
-97
-109
-116
-121
-131
-142
-149
-150
-151
-157
-157
-158
-159
-159
-156
-146
-134
-116
-103
-94
-89
-79
-71
-62
-47
-38
-27
-20
-11
-1
12
25
25
24
17
16
17
15
13
10
-3
-16
-23
-34
-31
-22
-3
17
26
35
45
55
69
74
69
68
68
72
81
86
90
88
86
79
75
71
74
76
80
88
92
91
83
75
69
55
45
33
22
9
2
3
3
10
8
2
-7
-11
-13
-15
-16
-13
-12
-9
-5
-4
-11
-19
-27
-30
-33
-37
-44
-43
-37
-26
-23
-23
-15
-12
-12
-1
11
26
35
39
31
23
19
29
29
39
43
41
37
33
34
38
38
31
21
10
-5
-14
-28
-40
-52
-59
-58
-53
-50
-48
-43
-43
-49
-56
-56
-55
-56
-54
-59
-62
-66
-66
-72
-78
-79
-74
-68
-69
-66
-74
-77
-78
-80
-80
-74
-66
-61
-53
-44
-29
-19
-12
-7
-8
-11
-9
-16
-21
-28
-24
-19
-9
-8
-11
-17
-29
-42
-54
-65
-62
-57
-54
-53
-56
-70
-82
-94
-99
-104
-97
-92
-80
-71
-65
-56
-57
-58
-67
-75
-76
-62
-48
-32
-17
1
19
33
45
53
63
64
64
60
64
70
73
73
75
76
78
80
86
83
91
91
89
81
64
54
43
36
42
54
64
72
68
56
48
39
31
21
18
15
1
-14
-37
-53
-72
-89
-104
-122
-138
-150
-155
-154
-149
-144
-137
-122
-97
-79
-72
-79
-104
-138
-165
-175
-175
-172
-167
-163
-162
-173
-185
-192
-183
-154
-123
-93
-63
-40
-17
7
33
52
57
61
65
73
77
74
82
80
91
87
78
60
45
37
34
43
54
67
77
89
104
115
128
137
145
151
158
156
143
129
111
97
83
79
80
83
95
98
101
101
102
99
93
92
94
93
93
92
93
103
120
130
128
111
87
58
31
17
15
14
18
29
40
48
53
53
54
57
64
66
59
48
36
23
16
2
-12
-21
-26
-26
-25
-24
-31
-42
-57
-64
-67
-70
-65
-65
-58
-58
-57
-63
-68
-74
-71
-73
-76
-73
-76
-77
-81
-87
-83
-76
-59
-42
-26
-14
-8
-3
2
12
15
11
5
-1
-3
-2
-4
-4
-8
1
6
14
14
14
14
8
1
-1
-4
-2
-6
-6
-10
-13
-14
-19
-19
-28
-37
-48
-53
-58
-69
-68
-67
-64
-61
-57
-54
-53
-55
-62
-75
-88
-91
-83
-77
-65
-64
-67
-65
-63
-60
-61
-52
-51
-44
-41
-39
-35
-32
-30
-20
-15
-15
-14
-21
-21
-15
-6
2
5
7
-1
-4
-5
-8
-19
-30
-46
-55
-61
-58
-53
-57
-47
-46
-41
-40
-44
-46
-46
-39
-27
-15
-12
-6
4
16
39
54
57
54
53
49
53
53
56
60
57
60
57
57
60
66
71
68
61
41
25
9
-1
-14
-23
-25
-25
-20
-19
-20
-25
-30
-39
-44
-44
-39
-34
-36
-38
-32
-25
-17
-13
-5
1
11
18
26
31
35
43
47
56
58
64
66
72
73
72
81
87
78
71
63
51
39
28
21
23
31
42
53
55
60
60
47
33
34
35
40
39
35
28
15
6
-11
-22
-31
-41
-55
-66
-70
-75
-71
-67
-60
-59
-54
-56
-47
-40
-38
-35
-45
-48
-47
-49
-47
-34
-17
-2
6
6
10
10
15
11
-1
-8
-21
-29
-37
-43
-45
-50
-53
-60
-60
-63
-58
-59
-60
-58
-55
-56
-58
-61
-66
-64
-62
-59
-67
-68
-60
-45
-33
-21
-15
-5
3
12
19
29
32
31
29
31
39
45
48
49
47
47
48
47
43
39
37
27
12
4
3
11
10
15
9
3
4
4
9
13
14
11
7
2
-5
-19
-31
-31
-25
-21
-19
-21
-19
-17
-8
-11
-15
-14
-18
-14
-11
-9
-1
-1
6
8
2
-6
-15
-27
-35
-39
-38
-39
-44
-46
-48
-49
-56
-61
-68
-74
-77
-84
-90
-90
-87
-80
-67
-59
-56
-57
-61
-64
-68
-66
-64
-67
-71
-69
-67
-71
-69
-69
-60
-54
-38
-23
-8
13
26
31
33
24
15
11
9
4
2
-8
-8
-8
4
11
15
9
2
-5
-13
-8
4
21
33
33
36
33
30
25
17
6
2
-1
-4
-5
0
0
-3
-15
-28
-40
-53
-52
-48
-47
-46
-51
-49
-44
-34
-26
-20
-9
-8
-8
-11
-1
14
22
32
35
38
45
51
61
63
68
64
60
58
66
76
77
79
75
71
68
70
69
65
63
61
73
81
88
84
83
85
86
75
64
52
40
29
16
11
3
4
6
9
7
9
9
14
19
22
21
14
12
18
22
28
32
40
47
51
56
52
51
42
32
18
11
5
-1
1
1
5
8
16
10
-3
-17
-35
-45
-59
-69
-79
-80
-80
-83
-91
-104
-101
-98
-92
-84
-74
-67
-54
-34
-12
10
23
29
27
22
18
9
-3
-10
-15
-23
-28
-36
-46
-48
-41
-34
-38
-39
-40
-40
-37
-31
-20
-16
-4
5
14
12
11
-3
-14
-28
-43
-56
-61
-55
-43
-33
-30
-39
-50
-53
-47
-41
-41
-40
-34
-30
-31
-31
-34
-34
-10
