-54
-62
-65
-66
-65
-66
-65
-71
-77
-83
-87
-83
-63
-39
-19
-4
8
14
17
9
8
7
-3
-11
-17
-30
-42
-51
-54
-61
-60
-66
-74
-74
-72
-67
-69
-62
-59
-54
-44
-30
-16
-3
13
26
28
26
27
29
29
29
30
23
7
-2
-18
-35
-46
-47
-57
-74
-88
-96
-99
-102
-104
-113
-125
-135
-140
-151
-151
-149
-137
-130
-125
-119
-109
-92
-75
-63
-59
-51
-48
-49
-54
-51
-48
-50
-51
-64
-71
-67
-55
-37
-25
-19
-17
-7
0
9
13
13
9
-2
-14
-24
-27
-22
-25
-22
-39
-48
-53
-45
-37
-24
-11
5
8
7
14
18
28
37
36
28
17
8
-5
-21
-39
-53
-75
-95
-118
-141
-160
-172
-184
-197
-201
-197
-192
-181
-170
-164
-160
-147
-127
-116
-107
-101
-90
-81
-66
-63
-68
-71
-69
-63
-51
-43
-39
-38
-45
-44
-41
-29
-9
6
16
20
23
20
22
25
28
21
23
24
22
18
19
22
19
20
20
16
22
16
15
8
7
7
-3
-2
0
5
11
17
18
19
22
24
22
14
9
2
13
24
45
61
70
71
68
65
64
64
63
59
61
52
41
30
23
20
5
-1
-6
-10
-17
-20
-19
-19
-20
-15
-15
-11
-5
-9
-5
-4
-4
-11
-17
-22
-25
-26
-25
-28
-23
-24
-21
-28
-30
-27
-30
-39
-44
-57
-67
-78
-89
-96
-106
-108
-111
-106
-104
-90
-77
-69
-69
-77
-81
-79
-77
-77
-78
-65
-56
-36
-15
3
6
3
1
-3
-4
-28
-41
-57
-58
-57
-49
-43
-43
-43
-47
-54
-50
-50
-50
-44
-38
-30
-19
-14
-5
-10
-16
-20
-29
-34
-33
-31
-31
-30
-26
-20
-8
-3
7
5
10
12
7
-1
0
-5
-7
-15
-11
-16
-17
-18
-31
-37
-35
-36
-32
-25
-12
2
15
29
38
41
45
46
40
28
19
2
-16
-29
-41
-59
-83
-97
-116
-133
-144
-142
-144
-133
-133
-134
-135
-135
-130
-124
-118
-107
-100
-96
-96
-94
-89
-84
-78
-83
-88
-90
-93
-90
-83
-80
-73
-72
-62
-52
-44
-39
-40
-41
-50
-49
-46
-36
-26
-15
-9
-5
-2
-7
-17
-26
-26
-16
0
15
23
34
38
45
30
19
-8
-30
-58
-79
-98
-109
-112
-111
-110
-120
-121
-121
-127
-126
-121
-111
-96
-85
-71
-64
-47
-29
-12
3
16
17
8
12
9
-3
-23
-39
-44
-53
-50
-51
-48
-50
-33
-20
-10
-12
-8
-11
-17
-13
-19
-17
-20
-18
-24
-29
-37
-32
-26
-26
-22
-24
-24
-26
-20
-20
-19
-2
12
26
31
31
27
23
20
9
-2
-10
-20
-34
-49
-57
-68
-71
-73
-69
-59
-35
-17
-7
-8
-12
-14
-18
-17
-22
-15
-9
-4
-8
-16
-20
-29
-41
-58
-72
-73
-80
-70
-70
-64
-55
-45
-39
-40
-42
-45
-38
-39
-36
-42
-45
-43
-46
-49
-61
-61
-68
-65
-63
-60
-66
-71
-71
-61
-54
-37
-28
-16
-3
1
1
-13
-22
-24
-28
-28
-31
-41
-50
-52
-47
-41
-33
-23
-8
10
23
30
35
36
39
25
15
4
1
-2
-14
-26
-43
-42
-45
-46
-57
-62
-67
-73
-71
-57
-39
-16
12
26
35
25
10
0
-9
-7
-16
-19
-32
-36
-54
-62
-72
-83
-89
-90
-83
-73
-67
-60
-53
-51
-42
-35
-27
-29
-27
-26
-30
-38
-52
-63
-72
-80
-84
-91
-93
-91
-95
-90
-88
-84
-93
-87
-88
-88
-91
-94
-91
-96
-88
-95
-96
-99
-93
-97
-91
-86
-77
-74
-76
-67
-53
-28
-6
9
9
10
7
2
-5
-13
-25
-41
-60
-71
-83
-84
-85
-88
-96
-94
-86
-83
-72
-52
-25
-10
-1
5
6
7
8
8
7
0
-15
-30
-33
-34
-34
-43
-49
-59
-53
-56
-52
-55
-60
-53
-44
-41
-50
-51
-50
-44
-27
-16
-8
-1
8
14
12
14
6
2
2
7
9
17
29
34
32
15
9
0
-1
-3
-2
-16
-18
-27
-23
-27
-19
-19
-22
-22
-23
-28
-21
-18
-16
-16
-11
-12
-8
-3
2
8
-3
-10
-21
-26
-24
-22
-22
-21
-27
-32
-51
-64
-78
-81
-79
-59
-44
-24
-7
0
2
6
2
-11
-21
-35
-40
-41
-39
-27
-27
-26
-37
-39
-60
-63
-71
-77
-87
-97
-107
-112
-113
-114
-113
-113
-115
-115
-113
-104
-90
-82
-80
-81
-77
-72
-60
-47
-40
-47
-54
-64
-62
-59
-51
-51
-57
-54
-59
-75
-92
-108
-117
-118
-112
-107
-97
-90
-78
-58
-42
-23
-11
-6
9
29
41
48
46
31
17
-5
-11
-26
-31
-45
-47
-59
-60
-57
-62
-62
-67
-70
-72
-66
-66
-63
-63
-64
-65
-69
-69
-67
-61
-58
-47
-44
-45
-43
-39
-30
-32
-24
-32
-37
-42
-42
-33
-20
-14
-12
-17
-12
-21
-29
-34
-34
-42
-44
-41
-31
-24
-21
-9
-1
16
31
46
45
45
45
47
46
46
42
41
40
44
42
39
31
20
8
-4
-16
-31
-36
-34
-17
-6
-1
14
21
28
32
27
23
27
31
38
40
44
41
35
30
12
-5
-24
-27
-22
-33
-31
-37
-42
-35
-31
-25
-26
-21
-18
-21
-26
-31
-32
-31
-28
-29
-39
-49
-46
-48
-46
-45
-50
-55
-54
-48
-51
-41
-26
-17
-8
-12
-9
-21
-27
-42
-40
-47
-55
-60
-60
-57
-53
-54
-61
-77
-99
-105
-105
-92
-85
-75
-59
-45
-35
-35
-34
-30
-39
-43
-63
-77
-86
-85
-82
-90
-97
-113
-122
-133
-125
-125
-117
-112
-109
-110
-110
-109
-111
-115
-108
-110
-102
-111
-103
-100
-90
-79
-82
-89
-92
-82
-73
-65
-63
-62
-64
-65
-66
-70
-67
-66
-63
-78
-88
-94
-90
-89
-84
-74
-65
-46
-36
-20
-14
-6
-8
-10
-14
-16
-22
-27
-33
-37
-46
-55
-63
-72
-75
-72
-81
-79
-81
-78
-77
-73
-56
-40
-32
-19
-16
-15
-13
1
0
-1
-4
-12
-14
-10
-8
-16
-20
-32
-54
-63
-75
-72
-70
-68
-63
-65
-66
-63
-64
-63
-62
-51
-56
-60
-61
-67
-64
-66
-58
-55
-55
-53
-50
-53
-57
-58
-57
-58
-47
-32
-26
-15
-1
3
-1
-3
-7
-9
-12
-6
-10
-15
-29
-41
-55
-69
-71
-73
-67
-58
-44
-31
-13
-1
12
23
38
38
41
38
43
35
39
40
26
11
-12
-24
-39
-57
-74
-87
-96
-97
-102
-98
-98
-95
-102
-117
-114
-109
-95
-87
-72
-67
-60
-51
-48
-47
-50
-52
-53
-51
-43
-45
-49
-53
-55
-59
-61
-57
-58
-55
-53
-46
-44
-31
-3
7
13
12
15
10
5
-5
-9
-9
-9
-2
-1
1
5
6
9
9
8
4
3
2
4
-4
-5
-10
-15
-26
-27
-29
-38
-38
-42
-48
-42
-39
-29
-26
-21
-21
-11
2
13
18
22
21
14
10
-4
-9
-19
-15
-10
-12
-22
-32
-30
-41
-50
-64
-67
-72
-78
-82
-94
-93
-88
-79
-83
-89
-85
-80
-67
-63
-59
-65
-69
-68
-74
-78
-79
-77
-75
-70
-61
-62
-65
-56
-57
-51
-38
-31
-11
-3
5
12
14
2
-10
-28
-43
-47
-60
-74
-82
-93
-106
-113
-111
-113
-111
-111
-106
-101
-96
-83
-77
-62
-50
-32
-22
-12
-7
-5
-7
-12
-16
-20
-27
-21
-30
-20
-14
-8
-10
-13
-12
-20
-24
-25
-28
-31
-32
-31
-25
-27
-23
-17
-19
-16
-16
-18
-7
0
4
4
14
23
31
44
44
46
35
33
20
5
-11
-20
-16
-18
-24
-29
-41
-45
-47
-44
-40
-34
-32
-25
-23
-12
-11
-9
-12
-18
-23
-22
-15
-15
-17
-21
-28
-34
-38
-38
-46
-49
-56
-49
-49
-39
-39
-41
-39
-35
-29
-35
-37
-43
-53
-62
-68
-73
-79
-72
-67
-68
-60
-50
-45
-42
-46
-43
-32
-22
-7
2
6
10
-4
-4
-8
-2
-9
-11
-18
-27
-41
-48
-45
-43
-48
-52
-63
-83
-103
-116
-116
-105
-82
-74
-59
-47
-31
-21
-14
-1
7
12
4
2
0
4
4
1
-10
-19
-24
-30
-30
-38
-44
-48
-52
-58
-72
-82
-93
-93
-99
-94
-90
-88
-82
-70
-63
-52
-42
-33
-23
-10
-2
9
16
20
18
0
-14
-29
-34
-37
-34
-38
-51
-56
-53
-54
-40
-35
-31
-21
-17
-7
-5
-2
0
2
0
-6
-8
-6
-1
-3
-18
-29
-39
-43
-49
-55
-49
-46
-33
-26
-10
-10
-5
-4
-5
-13
-25
-36
-48
-45
-40
-31
-32
-35
-38
-44
-40
-36
-37
-41
-46
-47
-52
-57
-50
-45
-35
-31
-31
-40
-56
-71
-85
-83
-73
-64
-57
-49
-37
-37
-35
-46
-55
-66
-63
-62
-64
-66
-70
-72
-78
-78
-81
-88
-95
-98
-100
-104
-110
-114
-125
-121
-116
-105
-101
-91
-79
-71
-59
-52
-49
-51
-51
-53
-56
-56
-52
-45
-46
-39
-35
-38
-40
-43
-37
-34
-28
-25
-25
-23
-15
-15
-10
-14
-13
-18
-29
-44
-57
-60
-63
-60
-61
-52
-46
-50
-48
-49
-38
-35
-25
-12
1
12
19
18
10
1
-1
-5
-12
-18
-23
-25
-35
-43
-61
-79
-86
-99
-105
-108
-110
-113
-111
-101
-86
-74
-70
-70
-72
-67
-64
-62
-65
-48
-41
-22
-19
-16
-7
-8
-9
-16
-26
-31
-34
-42
-45
-49
-55
-72
-76
-87
-96
-108
-108
-106
-100
-102
-97
-93
-89
-79
-73
-63
-55
-45
-43
-41
-40
-51
-49
-52
-44
-49
-48
-47
-53
-56
-53
-55
-53
-53
-41
-36
-24
-15
-3
13
22
28
29
29
26
21
15
7
1
-10
-12
-11
-8
-6
-3
-4
-7
-5
3
5
11
1
6
15
31
49
59
52
49
49
49
55
57
55
49
46
42
34
23
18
8
1
0
3
6
9
15
17
20
19
7
-1
-7
-4
-6
-12
-23
-29
-32
-36
-30
-35
-35
-35
-46
-58
-68
-61
-60
-62
-60
-55
-52
-50
-58
-74
-92
-96
-97
-90
-82
-74
-71
-62
-52
-43
-38
-36
-26
-24
-21
-16
-22
-24
-27
-35
-39
-42
-51
-63
-68
-69
-69
-71
-79
-85
-86
-88
-83
-76
-72
-70
-70
-80
-90
-96
-106
-117
-123
-122
-121
-119
-118
-114
-112
-105
-95
-82
-76
-62
-53
-40
-36
-37
-39
-38
-39
-41
-52
-59
-66
-77
-83
-82
-80
-70
-56
-45
-42
-38
-30
-16
-12
-12
-17
-24
-28
-23
-16
-16
-10
-11
-21
-28
-35
-37
-40
-42
-45
-46
-55
-62
-70
-76
-72
-66
-63
-56
-36
-16
1
19
33
43
47
45
40
29
20
11
-2
-12
-19
-12
-22
-23
-16
-3
9
18
2
-13
-20
-29
-29
-31
-23
-23
-19
-14
-15
-14
-20
-25
-25
-13
-1
4
2
7
12
6
9
10
15
11
8
5
6
4
3
-1
3
-5
-16
-38
-48
-48
-44
-39
-34
-26
-23
-14
-10
-8
-11
-14
-19
-31
-43
-47
-53
-57
-60
-66
-71
-72
-68
-77
-84
-92
-104
-119
-130
-125
-121
-112
-107
-103
-109
-113
-116
-124
-124
-124
-127
-127
-121
-114
-107
-100
-94
-87
-89
-90
-87
-79
-63
-47
-36
-41
-43
-41
-34
-29
-22
-18
-20
-17
-16
-16
-8
3
11
10
8
8
1
-3
2
4
10
21
27
23
19
11
10
16
17
17
13
12
21
19
22
20
23
26
30
39
39
36
29
29
25
23
13
9
7
5
-5
-13
-24
-26
-33
-39
-33
-35
-40
-35
-33
-24
-22
-16
-5
-5
9
10
2
-5
-11
-12
-13
-13
-12
-20
-26
-28
-32
-37
-40
-44
-44
-45
-31
-25
-15
-10
-3
1
-1
-2
-5
-8
-14
-27
-38
-46
-43
-43
-48
-42
-46
-45
-46
-27
-17
-9
-6
-6
-15
-20
-27
-32
-46
-51
-66
-80
-89
-95
-102
-101
-99
-92
-95
-93
-89
-87
-74
-61
-49
-40
-29
-17
-14
-15
-16
-19
-27
-33
-44
-46
-46
-52
-52
-67
-68
-80
-90
-103
-103
-100
-97
-93
-95
-91
-85
-71
-64
-49
-35
-37
-47
-50
-49
-47
-48
-49
-53
-56
-65
-67
-69
-67
-60
-55
-60
-61
-63
-67
-61
-59
-53
-52
-48
-49
-41
-39
-26
-24
-21
-22
-20
-19
-22
-29
-32
-42
-38
-46
-54
-54
-56
-54
-57
-52
-54
-61
-64
-69
-64
-69
-58
-58
-57
-44
-30
-21
-18
-13
-9
-6
-9
-15
-27
-29
-26
-31
-36
-48
-43
-46
-47
-50
-56
-59
-62
-56
-52
-43
-35
-21
-14
-1
5
3
4
0
-4
-23
-22
-35
-39
-50
-58
-64
-67
-61
-71
-74
-80
-81
-82
-80
-75
-67
-67
-68
-57
-50
-44
-38
-39
-37
-36
-27
-29
-29
-22
-26
-26
-31
-29
-32
-27
-20
-11
-5
1
7
6
6
6
0
-9
-28
-26
-27
-12
0
7
10
-1
-5
-19
-25
-28
-27
-32
-39
-41
-57
-63
-59
-64
-63
-56
-51
-43
-39
-21
-12
-9
2
4
0
-2
0
7
6
-3
-13
-23
-32
-36
-37
-38
-41
-49
-41
-35
-23
-16
-13
-3
4
5
6
6
6
6
5
7
-2
-13
-27
-46
-57
-59
-57
-58
-59
-63
-75
-75
-72
-77
-83
-88
-93
-96
-94
-94
-96
-108
-105
-99
-88
-81
-76
-69
-63
-53
-49
-50
-46
-39
-29
-32
-30
-38
-52
-69
-68
-74
-76
-81
-80
-76
-77
-73
-78
-68
-59
-55
-63
-65
-61
-56
-47
-40
-42
-43
-45
-44
-44
-45
-42
-50
-62
-80
-85
-84
-70
-54
-38
-30
-22
-2
3
14
16
11
-8
-31
-61
-92
-123
-144
-160
-172
-175
-177
-176
-171
-161
-159
-160
-159
-165
-171
-172
-161
-148
-136
-127
-125
-121
-113
-102
-99
-99
-103
-105
-106
-98
-86
-78
-79
-71
-62
-50
-43
-36
-36
-29
-25
-23
-22
-26
-29
-35
-30
-25
-15
-10
-4
1
-2
-4
4
-3
1
1
3
-1
-3
-1
-1
1
6
7
-1
-9
-22
-30
-38
-25
-18
-15
-17
-15
-5
8
22
35
39
41
43
39
32
23
1
-19
-34
-33
-38
-39
-38
-37
-35
-37
-37
-47
-56
-54
-46
-32
-19
-7
-6
-1
2
0
-2
-11
-17
-39
-48
-54
-59
-67
-80
-81
-89
-82
-71
-57
-45
-29
-17
-9
4
13
14
7
-1
-9
-13
-17
-6
4
3
3
-2
1
9
24
36
44
52
52
48
43
39
38
34
30
18
12
11
12
7
-4
-13
-25
-28
-39
-35
-40
-28
-18
-17
-17
-23
-23
-24
-19
-18
-17
-17
-15
-19
-27
-35
-37
-44
-59
-65
-65
-63
-53
-37
-17
-8
2
-1
-13
-22
-25
-29
-33
-46
-59
-62
-67
-69
-77
-87
-94
-98
-101
-101
-95
-95
-97
-89
-84
-76
-68
-49
-43
-34
-26
-28
-25
-30
-30
-35
-40
-50
-56
-69
-68
-62
-62
-67
-75
-72
-68
-60
-48
-37
-28
-20
-22
-28
-33
-28
-30
-26
-28
-35
-44
-54
-59
-66
-67
-69
-75
-86
-83
-84
-75
-60
-42
-24
-9
8
26
29
29
29
22
13
9
4
-1
-7
-10
-17
-30
-32
-45
-52
-53
-49
-42
-34
-26
-20
-17
-13
-8
-15
-12
-3
2
4
0
-6
-15
-13
-9
-12
-17
-21
-23
-27
-29
-31
-41
-56
-64
-69
-76
-77
-80
-87
-98
-104
-109
-110
-114
-109
-111
-115
-111
-103
-93
-79
-68
-53
-42
-32
-24
-19
-13
-14
-20
-40
-54
-76
-91
-100
-104
-103
-101
-99
-95
-84
-72
-53
-43
-30
-22
-17
-20
-23
-21
-20
-17
-17
-19
-27
-40
-49
-63
-58
-53
-50
-53
-55
-52
-48
-36
-31
-24
-26
-26
-25
-40
-42
-49
-52
-53
-59
-54
-52
-49
-42
-40
-47
-51
-65
-75
-86
-82
-74
-54
-31
-15
-1
5
16
16
15
11
2
-4
-6
-2
-5
-10
-13
-16
-22
-29
-31
-34
-31
-23
-23
-24
-31
-31
-34
-25
-20
-13
-16
-21
-25
-29
-29
-28
-25
-27
-15
-11
-17
-18
-13
-8
-2
-2
3
-1
-11
-20
-32
-42
-47
-50
-55
-61
-60
-69
-75
-81
-86
-88
-85
-75
-66
-66
-50
-43
-36
-22
-9
-4
-5
-7
-10
-10
-10
-5
3
5
7
-4
-22
-36
-43
-52
-56
-55
-51
-47
-43
-28
-16
-5
6
11
9
10
18
13
9
2
-10
-23
-35
-50
-68
-77
-82
-94
-113
-127
-147
-160
-167
-167
-164
-166
-161
-160
-152
-143
-127
-111
-94
-76
-68
-62
-60
-47
-50
-60
-64
-72
-79
-83
-79
-76
-71
-70
-69
-76
-75
-74
-69
-63
-60
-58
-51
-44
-31
-28
-18
-4
12
22
33
38
36
38
44
45
50
46
43
34
26
25
23
22
28
36
44
52
57
57
54
47
31
18
9
12
21
35
51
54
56
50
55
60
59
59
54
44
29
22
20
23
27
19
3
-5
-5
-6
-8
-14
-21
-25
-29
-28
-26
-27
-23
-20
-12
-14
-6
-9
-11
-18
-27
-35
-43
-50
-58
-63
-56
-60
-65
-72
-79
-94
-97
-91
-78
-63
-49
-35
-26
-19
-11
-17
-13
-8
-10
-17
-30
-37
-43
-50
-50
-54
-48
-50
-40
-35
-27
-22
-23
-24
-33
-35
-43
-47
-45
-40
-33
-30
-23
-23
-18
-13
-13
-8
-4
-6
-7
-14
-18
-33
-52
-75
-86
-91
-93
-93
-93
-95
-92
-89
-83
-77
-69
-63
-62
-51
-40
-26
-19
-2
3
17
23
14
-8
-28
-32
-39
-47
-53
-67
-80
-92
-94
-94
-92
-85
-75
-66
-60
-57
-61
-53
-44
-30
-15
-10
-12
-22
-29
-38
-40
-42
-47
-48
-61
-66
-69
-60
-53
-44
-36
-39
-39
-33
-23
-16
-10
-11
-9
-12
-4
-4
-7
-14
-30
-42
-64
-70
-78
-79
-82
-84
-86
-79
-73
-67
-59
-48
-40
-37
-37
-28
-26
-32
-32
-38
-38
-39
-35
-39
-38
-42
-45
-47
-32
-25
-23
-17
-20
-18
-12
-14
-12
-13
-8
-12
-13
-31
-41
-41
-40
-37
-42
-44
-46
-54
-59
-58
-54
-45
-31
-30
-22
-28
-26
-33
-31
-43
-62
-69
-70
-75
-79
-86
-90
-101
-107
-115
-117
-112
-104
-93
-81
-68
-58
-57
-56
-48
-40
-30
-26
-21
-25
-31
-41
-51
-57
-59
-53
-53
-51
-51
-48
-48
-39
-32
-38
-49
-62
-75
-78
-80
-88
-94
-97
-102
-101
-108
-105
-101
-106
-103
-106
-112
-119
-119
-109
-90
-70
-55
-47
-45
-40
-36
-34
-30
-30
-28
-25
-28
-27
-35
-36
-36
-46
-51
-61
-68
-63
-55
-50
-44
-42
-28
-17
-5
3
-1
-1
-5
-1
-2
4
2
0
-12
-19
-28
-36
-34
-36
-39
-39
-37
-30
-24
-31
-30
-37
-46
-54
-60
-74
-86
-93
-92
-88
-90
-102
-115
-117
-111
-111
-114
-115
-109
-106
-93
-79
-64
-60
-46
-49
-42
-38
-33
-29
-28
-25
-23
-21
-13
-8
-11
-16
-23
-36
-53
-69
-72
-82
-81
-77
-80
-77
-84
-86
-92
-97
-92
-80
-73
-66
-61
-61
-55
-47
-38
-30
-18
-12
-9
2
7
16
11
3
-5
-15
-11
-13
-21
-28
-30
-22
-14
0
0
0
1
12
9
5
-13
-19
-27
-29
-30
-41
-59
-73
-88
-97
-105
-108
-107
-113
-118
-113
-119
-113
-106
-97
-87
-77
-69
-60
-52
-40
-37
-31
-27
-26
-28
-28
-23
-17
-15
-12
-9
-16
-8
0
11
16
17
14
15
13
14
9
8
11
15
4
-1
-11
-18
-23
-28
-29
-31
-30
-24
-11
-1
11
25
30
45
52
50
41
26
14
0
-3
-4
-10
-22
-35
-43
-45
-50
-38
-35
-28
-21
-18
-15
-22
-5
-2
1
2
7
5
1
-6
-10
-10
-3
-5
-10
-10
-6
-2
8
10
12
6
6
0
-3
-9
-7
-3
-1
3
-2
-14
-29
-37
-51
-60
-63
-65
-71
-68
-63
-53
-34
-10
8
23
22
33
38
39
43
34
21
13
3
-12
-26
-39
-60
-66
-83
-92
-105
-112
-113
-116
-118
-120
-116
-109
-102
-87
-84
-78
-80
-70
-68
-65
-63
-57
-51
-45
-42
-42
-47
-48
-49
-47
-41
-44
-45
-44
-34
-27
-25
-27
-35
-41
-43
-39
-37
-41
-40
-43
-44
-45
-41
-30
-18
-7
1
-1
-9
-5
-5
-3
-2
-5
-11
-28
-35
-50
-54
-57
-68
-86
-103
-118
-130
-132
-123
-113
-89
-74
-44
-27
-5
16
30
31
35
32
24
6
-7
-23
-35
-53
-68
-86
-98
-109
-116
-122
-123
-125
-131
-129
-119
-115
-116
-113
-119
-123
-114
-107
-95
-96
-90
-82
-84
-83
-77
-78
-77
-72
-69
-65
-60
-58
-54
-55
-56
-62
-71
-76
-79
-84
-79
-66
-59
-59
-64
-70
-63
-61
-53
-47
-44
-31
-22
-13
1
12
17
20
20
24
15
9
3
11
22
31
26
23
22
30
35
39
50
61
74
88
99
107
106
109
110
113
115
112
102
91
89
80
76
62
62
59
59
44
36
24
26
30
33
36
44
46
50
40
31
13
3
-11
-22
-37
-44
-51
-55
-58
-58
-56
-69
-66
-55
-49
-33
-22
-16
-19
-8
-15
-19
-28
-29
-29
-37
-46
-57
-68
-74
-79
-84
-86
-87
-92
-101
-111
-109
-97
-77
-49
-33
-16
1
25
36
39
34
15
-6
-26
-36
-59
-71
-87
-100
-111
-117
-115
-111
-104
-93
-89
-81
-84
-73
-70
-57
-50
-47
-51
-50
-53
-58
-57
-58
-56
-62
-64
-64
-65
-57
-52
-48
-49
-39
-31
-13
4
23
30
25
24
19
11
-1
-10
-8
-18
-29
-34
-37
-43
-46
-54
-58
-56
-52
-39
-23
-15
-1
3
5
12
7
2
-3
-11
-19
-16
-29
-38
-41
-42
-47
-58
-66
-76
-84
-89
-92
-86
-71
-49
-23
-6
5
-1
-13
-21
-24
-34
-44
-50
-57
-69
-71
-73
-75
-87
-95
-109
-112
-109
-97
-87
-80
-76
-84
-86
-90
-80
-73
-68
-59
-49
-55
-51
-55
-55
-52
-56
-58
-69
-75
-73
-75
-65
-53
-41
-35
-27
-27
-31
-30
-23
-12
-10
-9
-14
-18
-7
4
12
3
3
2
10
18
23
14
8
7
10
11
4
1
-6
-19
-29
-40
-43
-54
-60
-70
-83
-86
-91
-91
-85
-71
-57
-48
-47
-48
-52
-54
-51
-54
-50
-52
-59
-68
-69
-64
-61
-57
-56
-58
-61
-69
-65
-62
-57
-47
-46
-47
-46
-46
-51
-59
-64
-78
-89
-93
-90
-83
-75
-64
-50
-45
-30
-24
-16
-10
-4
-4
-2
1
-2
-12
-71
