-57
-70
-78
-67
-57
-57
-57
-54
-43
-41
-34
-43
-40
-37
-37
-43
-58
-39
-17
-5
3
-5
-15
-20
-22
-20
-10
-1
4
7
9
23
40
58
76
92
87
88
80
60
17
-6
-27
-33
-31
-22
-15
-12
10
15
25
23
30
13
0
-8
-4
1
16
30
53
81
108
110
96
81
80
71
53
39
26
26
31
39
23
13
14
33
57
65
58
29
8
-1
-6
-11
1
17
27
41
54
54
51
44
35
34
39
43
43
37
34
27
10
-11
-13
-10
0
3
10
7
4
-1
5
-1
13
37
37
72
89
93
85
89
120
131
144
129
103
74
38
30
23
10
22
19
21
6
9
25
48
70
77
64
54
55
50
38
28
38
51
61
66
55
50
47
46
42
51
80
105
118
119
117
109
96
71
56
43
42
47
28
8
-14
-22
-19
-7
-4
-2
-1
7
15
10
17
15
21
15
11
3
-5
9
38
55
69
71
59
56
71
80
94
96
90
66
44
27
25
14
11
10
-8
-12
-14
-13
-7
-13
-16
-31
-26
-22
-13
-3
-1
-15
-47
-71
-89
-91
-100
-93
-102
-118
-128
-133
-124
-115
-90
-55
-31
-5
11
37
40
55
55
50
40
31
1
-16
-24
-20
-28
-43
-54
-56
-54
-38
-17
13
29
39
17
0
-23
-36
-58
-65
-57
-68
-85
-85
-85
-62
-58
-56
-69
-66
-37
-1
38
68
75
68
50
47
45
42
54
56
63
65
68
73
67
62
53
32
2
-31
-48
-69
-62
-61
-57
-45
-30
-6
11
26
28
15
1
-1
-10
-13
-14
-14
-29
-37
-45
-46
-51
-46
-41
-33
-27
-22
-21
-15
-15
-22
-35
-66
-79
-113
-122
-120
-121
-132
-129
-120
-97
-82
-56
-19
-3
2
-7
-31
-27
-29
-32
-41
-40
-47
-46
-59
-39
-22
5
29
57
77
87
88
78
61
59
56
49
48
49
53
56
76
92
118
150
166
169
145
130
114
96
72
51
25
29
49
71
72
64
53
43
39
30
17
3
7
30
42
56
69
76
59
43
25
9
-12
-25
-22
-3
22
34
24
1
-12
-8
-9
-9
-19
-21
-23
-22
-17
-4
38
65
77
77
67
68
67
77
82
73
70
72
69
70
72
78
75
67
74
74
96
116
140
147
138
122
100
76
68
54
42
29
31
17
16
12
11
2
-8
-13
-22
-23
-22
-43
-58
-69
-74
-78
-71
-56
-28
-11
7
15
3
6
12
24
15
-13
-58
-92
-104
-110
-103
-111
-116
-124
-114
-110
-108
-135
-167
-176
-171
-145
-135
-113
-115
-113
-112
-114
-131
-148
-160
-163
-146
-121
-103
-102
-94
-92
-114
-123
-131
-118
-78
-40
-1
28
34
37
27
18
4
-2
-20
-39
-43
-39
-20
7
22
31
27
30
52
61
70
64
43
32
29
34
42
59
51
52
51
63
76
78
91
100
109
87
74
53
37
41
33
15
13
5
5
16
23
30
40
54
84
101
113
119
117
107
99
92
61
37
12
6
-2
-8
7
3
26
40
38
21
2
-14
-22
-28
-22
-9
-15
-9
-18
-15
-21
-14
-31
-56
-60
-49
-28
-3
3
14
2
-12
-25
-31
-31
-28
-41
-44
-30
-13
18
43
62
69
57
51
43
47
65
75
63
51
39
31
12
2
-6
-7
-16
-8
9
25
42
30
27
19
19
23
9
-8
-20
-33
-35
-17
-28
-37
-51
-50
-50
-48
-51
-52
-61
-40
-36
-33
-38
-31
-14
-12
-23
-38
-49
-45
-33
-20
-3
21
27
29
32
56
66
81
88
90
88
78
77
68
65
52
45
32
33
59
79
97
116
120
131
133
137
129
125
126
135
140
149
146
120
93
71
47
25
13
8
14
27
60
89
93
85
62
35
19
15
23
24
53
80
88
86
64
51
33
35
26
32
32
48
58
67
76
68
50
45
39
32
16
-1
-10
-12
-10
8
13
20
32
33
34
26
31
28
22
29
50
72
88
86
74
64
51
39
36
42
64
59
61
43
24
4
-6
-16
-34
-45
-43
-35
-35
-36
-40
-59
-63
-68
-67
-66
-57
-56
-53
-52
-32
-19
-3
1
13
18
31
51
46
40
30
29
32
28
18
-6
-11
-9
0
6
8
19
22
24
33
41
31
19
-1
-20
-12
3
1
-9
-39
-39
-45
-38
-28
-29
-20
-10
-6
6
3
5
-4
-10
-1
-1
-4
-14
-19
-13
-28
-25
-44
-54
-70
-65
-55
-41
-22
-33
-40
-53
-36
-33
-39
-48
-55
-56
-68
-60
-55
-48
-41
-54
-53
-41
-31
-11
-7
16
29
19
17
17
12
10
-3
-21
-42
-59
-71
-74
-70
-56
-30
-8
-1
0
-37
-49
-54
-43
-51
-56
-66
-75
-72
-73
-84
-93
-91
-74
-66
-58
-46
-43
-39
-35
-25
-32
-42
-44
-46
-28
-2
10
17
10
-4
-24
-29
-23
4
20
34
57
67
74
68
55
31
5
-8
-28
-41
-37
-25
-13
10
20
29
46
45
49
44
36
41
30
33
41
48
42
25
2
-28
-46
-43
-20
-7
15
33
60
73
82
58
32
12
-7
-25
-39
-43
-34
-33
-29
-35
-40
-38
-31
-21
-27
-28
-42
-70
-76
-75
-68
-52
-37
-22
-9
-8
10
3
-10
-34
-63
-81
-80
-59
-26
-1
17
1
-20
-40
-43
-48
-33
-9
24
39
41
30
8
-17
-38
-54
-61
-47
-37
-33
-35
-31
-30
-19
5
25
40
41
51
46
40
35
35
8
-33
-52
-54
-30
-6
0
0
6
-1
-25
-46
-71
-79
-94
-96
-92
-99
-105
-98
-81
-52
-37
-27
-29
-27
-16
-3
-1
9
21
16
7
11
11
11
19
42
69
99
124
142
157
177
196
208
207
199
171
140
119
109
115
138
157
165
150
147
142
125
113
110
119
118
100
73
48
43
62
69
78
94
111
129
127
125
116
113
123
108
103
81
71
59
56
70
76
81
84
84
80
76
66
76
75
84
94
93
100
91
70
39
12
13
8
8
1
-3
-8
2
21
31
41
37
23
-1
-21
-28
-33
-27
-20
-23
-36
-43
-52
-65
-73
-81
-83
-91
-78
-78
-63
-56
-36
-29
-21
-10
11
11
7
1
-11
-20
-14
-17
-6
10
21
15
5
-14
-10
-10
-2
9
7
19
30
37
43
42
51
43
48
57
65
67
67
62
48
38
40
44
35
36
39
37
39
45
69
84
110
111
97
70
54
41
36
31
3
-30
-51
-54
-51
-66
-67
-76
-69
-54
-28
-8
9
10
-5
-19
-31
-25
-30
-25
-18
-2
-1
-7
-15
-39
-40
-41
-33
-21
-2
13
26
33
40
44
34
24
15
-2
-24
-37
-40
-30
-15
-23
-34
-33
-20
-12
-17
-29
-28
-31
-28
-22
-14
-13
-4
-15
-17
-25
-34
-58
-77
-87
-82
-82
-76
-61
-49
-35
-16
0
-12
-24
-40
-53
-53
-43
-27
-12
7
20
14
12
12
27
49
52
47
41
41
67
83
79
74
59
43
30
16
2
0
3
13
-1
-17
-29
-37
-33
-40
-54
-59
-51
-19
4
14
29
42
49
38
40
46
57
72
57
24
-7
-22
-34
-32
-24
-15
-9
-25
-31
-35
-21
-13
-14
-28
-32
-25
-34
-32
-24
-8
-13
-22
-34
-51
-51
-47
-55
-62
-73
-61
-73
-86
-94
-111
-106
-96
-74
-45
-12
12
37
49
59
67
74
88
90
91
81
91
114
110
118
121
124
101
87
51
17
-3
-21
-29
-37
-23
-16
1
18
37
48
58
67
80
80
84
92
94
101
113
109
93
62
50
19
1
-18
-37
-42
-55
-64
-59
-46
-23
-15
-15
-22
-22
-30
-43
-45
-23
4
33
38
29
16
8
-1
-2
12
29
37
51
63
67
60
65
59
44
20
4
-7
-2
22
45
56
53
39
26
15
9
3
5
7
10
-8
-14
-16
-22
-45
-83
-83
-91
-87
-91
-98
-99
-93
-73
-70
-63
-71
-76
-75
-67
-45
-41
-32
-24
-20
-25
-16
-9
-2
-6
0
4
17
43
60
64
48
33
13
18
14
5
-7
-15
0
6
11
17
9
10
9
8
14
18
33
37
29
7
14
5
6
7
19
14
30
52
63
77
82
79
55
32
6
3
16
7
7
-10
-12
-20
-32
-36
-24
-1
7
17
11
-9
-15
-18
-12
-12
-20
-23
-26
-18
3
28
36
70
89
97
95
63
29
2
-17
-15
-12
10
26
27
20
16
20
17
28
53
67
90
97
99
92
75
54
23
2
9
36
56
75
79
81
81
74
58
23
6
11
30
62
86
99
77
50
23
2
-1
14
23
25
6
-1
-4
5
6
-23
-50
-55
-49
-46
-58
-61
-53
-46
-22
-14
-13
-12
-16
-17
-22
-29
-45
-67
-71
-54
-34
-18
-1
-1
-9
-16
-9
7
21
22
31
19
11
-8
-30
-38
-39
-44
-58
-65
-65
-78
-78
-72
-64
-69
-85
-100
-122
-137
-139
-132
-125
-114
-109
-133
-141
-151
-149
-152
-153
-145
-133
-125
-127
-134
-147
-146
-145
-140
-126
-100
-65
-37
2
30
44
58
61
72
82
86
85
79
82
79
76
51
47
44
41
45
54
75
89
112
129
140
143
144
129
124
114
95
66
51
44
29
22
28
41
46
26
7
-1
-4
12
1
2
-5
3
3
4
10
17
20
28
22
1
-21
-32
-24
-24
-11
-12
-16
-4
9
12
19
34
37
48
41
46
35
27
40
47
51
39
35
30
37
42
40
28
21
30
59
88
111
123
121
121
123
108
105
106
117
116
101
95
83
95
107
104
90
78
80
76
80
100
128
150
165
162
146
133
120
117
114
129
144
144
127
114
101
81
56
29
10
20
32
36
29
29
31
33
27
12
-7
-22
-24
-18
-10
1
25
35
42
53
48
31
15
-21
-35
-42
-30
-14
-26
-49
-80
-113
-142
-145
-148
-140
-140
-136
-142
-137
-126
-124
-135
-143
-145
-141
-123
-106
-88
-86
-83
-90
-103
-115
-113
-117
-120
-107
-102
-84
-76
-53
-43
-31
-16
5
19
32
37
22
9
-2
-1
0
-6
-14
-36
-55
-55
-37
-16
-2
4
-1
-1
-1
5
9
12
17
1
13
31
49
55
58
75
74
77
59
32
6
1
12
20
26
35
46
51
64
60
47
45
49
64
76
91
111
119
121
121
121
115
121
128
136
143
146
151
157
173
181
186
188
190
179
170
158
124
97
56
37
7
-16
-23
-41
-43
-51
-38
-47
-54
-60
-63
-74
-78
-94
-97
-93
-78
-67
-75
-81
-76
-73
-54
-45
-30
-30
-17
-16
-37
-55
-61
-35
16
58
85
101
93
102
99
91
89
79
66
52
36
14
-8
-19
-25
-35
-46
-57
-77
-95
-97
-90
-72
-62
-52
-62
-61
-72
-87
-108
-125
-122
-126
-123
-119
-112
-102
-84
-68
-51
-34
-13
7
15
2
7
-9
-24
-39
-50
-53
-49
-51
-47
-32
-5
30
32
35
22
11
9
12
11
13
22
20
2
-24
-47
-79
-102
-112
-91
-66
-24
-6
3
-8
-7
-6
-1
4
8
4
3
22
29
46
41
42
32
23
28
41
46
52
50
41
42
49
66
68
68
58
35
18
18
34
71
109
146
181
208
233
223
204
180
161
139
125
112
114
101
113
125
112
99
71
47
40
29
12
8
6
16
24
8
-2
-21
-30
-25
-5
-4
-6
-3
9
25
34
33
21
8
-6
-25
-37
-46
-39
-34
-37
-24
-41
-55
-70
-74
-66
-66
-66
-68
-84
-75
-64
-53
-36
-34
-23
-35
-44
-51
-68
-49
-29
4
29
50
62
64
53
51
40
33
32
36
42
36
29
4
-24
-45
-75
-78
-56
-22
6
3
-3
-12
-13
-14
-14
-11
5
7
-1
-15
-24
-28
-32
-32
-17
-4
4
4
16
14
14
30
31
38
45
49
52
59
76
91
84
84
89
79
69
46
33
28
33
46
47
48
52
46
39
30
23
5
13
25
62
79
99
92
79
71
65
55
42
39
45
52
47
51
56
81
97
96
84
68
54
33
21
40
55
64
51
45
28
23
17
17
14
18
15
5
-17
-45
-65
-88
-92
-93
-89
-87
-79
-54
-42
-31
-35
-40
-38
-15
12
20
30
15
-2
-27
-39
-51
-57
-50
-49
-53
-49
-43
-37
-37
-25
-22
-28
-31
-43
-31
-13
17
30
46
40
50
48
39
40
27
-2
-21
-32
-39
-48
-66
-86
-100
-87
-62
-63
-43
-28
-3
13
15
20
20
26
44
50
44
42
46
37
24
29
30
44
54
52
45
28
10
-7
-26
-18
-23
-24
-25
-13
18
42
86
86
55
10
-13
-19
-16
-12
-14
-19
-16
-18
-19
-8
1
1
-4
-17
-21
-14
-21
-19
-21
-21
-18
-18
-31
-31
-44
-44
-57
-66
-66
-82
-89
-93
-91
-86
-80
-66
-51
-42
-36
-28
-23
-7
0
-9
-18
-31
-46
-58
-66
-67
-70
-66
-48
-23
7
32
51
61
59
60
58
33
23
6
-9
-20
-20
-29
-23
-6
14
42
48
57
56
65
84
86
73
54
48
38
40
47
52
40
22
14
-3
4
2
0
-5
-2
18
22
18
18
8
-10
-21
-53
-62
-58
-41
-12
15
49
75
74
56
45
30
16
21
9
1
-8
-10
3
-15
-12
-23
-30
-32
-20
-9
1
32
52
78
91
103
107
108
114
97
74
49
24
21
26
40
37
17
0
-9
-7
9
37
66
87
84
70
39
29
25
27
23
27
45
59
75
83
84
50
12
-25
-55
-64
-79
-100
-102
-92
-79
-85
-87
-96
-91
-97
-90
-88
-92
-101
-105
-105
-99
-81
-43
-17
14
29
30
31
32
24
17
23
44
78
97
112
113
107
97
84
73
66
72
72
67
65
65
36
11
-17
-38
-56
-79
-84
-90
-81
-69
-34
-11
24
24
20
20
31
51
60
64
64
59
50
33
2
-30
-45
-52
-54
-44
-26
-17
-17
-15
-13
-20
-24
-17
-1
0
5
3
-7
-8
0
18
39
67
93
123
156
172
172
151
141
122
98
78
69
60
68
72
70
61
48
33
14
-1
-9
5
14
25
24
8
-2
3
4
-1
-11
-9
-8
13
29
40
48
67
93
106
101
73
43
17
0
-14
-27
-11
10
24
12
-1
-21
-31
-30
0
19
30
46
62
82
81
72
34
18
24
45
60
74
80
85
88
85
84
76
72
98
104
109
97
89
90
90
104
104
102
91
68
39
25
19
4
-14
-20
-11
-11
-7
-12
-21
1
28
51
61
62
56
30
7
-6
-7
-11
4
14
20
20
13
12
9
16
15
10
12
24
26
23
36
28
34
26
26
15
1
-1
-10
0
11
34
35
33
39
45
57
59
76
75
63
44
27
32
50
68
48
11
-32
-63
-84
-76
-82
-86
-89
-105
-120
-147
-150
-154
-151
-148
-138
-129
-124
-100
-79
-67
-66
-72
-67
-68
-68
-74
-95
-103
-95
-97
-108
-123
-145
-160
-162
-169
-173
-175
-171
-154
-142
-120
-89
-80
-87
-89
-79
-48
-16
-4
4
4
22
30
36
44
69
67
73
67
66
71
86
103
102
88
61
24
-6
-8
8
23
34
52
65
57
56
43
42
45
55
67
57
60
66
80
93
104
91
69
57
46
44
47
52
64
77
90
87
68
33
19
1
-2
2
6
-2
-22
-32
-38
-10
16
31
44
58
74
63
43
31
21
24
39
61
58
41
11
-11
-23
-7
19
53
78
95
98
97
103
98
84
59
41
35
23
26
16
-9
-13
-1
26
41
55
57
47
32
7
-24
-42
-51
-59
-66
-72
-62
-54
-45
-23
-7
-5
-12
-28
-33
-27
-8
4
17
24
24
15
4
6
8
8
16
39
47
69
69
63
30
4
-2
-16
-28
-61
-79
-88
-55
-34
-26
-20
-8
-1
15
26
36
22
13
6
5
-3
4
7
10
21
22
32
16
7
-1
-2
-4
5
9
-1
21
9
-9
-36
-52
-49
-27
-6
12
23
50
69
60
43
36
34
45
39
51
54
46
30
7
-5
-6
13
20
44
61
70
71
58
51
42
19
10
4
-4
-7
-22
-29
-20
-12
0
5
23
25
22
13
20
23
18
2
-14
-16
-2
20
22
-2
-21
-35
-42
-38
-45
-60
-75
-71
-62
-64
-52
-37
-15
11
25
38
58
81
106
113
112
112
121
128
136
145
137
127
130
127
121
104
84
52
40
34
42
40
41
41
39
38
37
30
21
28
41
37
44
47
52
46
43
45
30
11
5
-8
-10
5
17
30
26
25
15
5
1
8
14
30
34
34
39
53
53
66
68
94
109
104
100
85
73
64
64
61
60
69
84
66
34
3
-30
-28
-29
-32
-46
-56
-68
-83
-85
-91
-105
-121
-131
-121
-109
-92
-85
-76
-84
-99
-101
-120
-130
-138
-153
-154
-144
-139
-142
-140
-120
-111
-93
-77
-66
-62
-53
-47
-35
-17
-6
23
40
58
85
108
115
124
132
130
144
150
134
127
97
75
41
27
20
18
13
12
-5
-22
-48
-75
-110
-121
-129
-113
-112
-103
-96
-99
-100
-100
-110
-131
-125
-121
-108
-104
-100
-94
-79
-56
-39
-69
-71
-77
-70
-59
-47
-40
-24
-18
-7
12
16
32
23
-2
-25
-42
-29
-9
28
58
85
98
96
83
64
60
47
9
-12
-28
-26
-11
10
15
22
28
18
21
6
6
-1
-1
14
17
37
38
52
50
60
46
50
42
37
71
85
105
96
69
58
55
63
80
86
104
105
89
81
84
81
99
84
72
42
19
-12
-23
-42
-46
-65
-92
-112
-97
-89
-72
-51
-37
-22
8
27
48
73
76
75
81
80
90
82
100
87
67
31
2
4
-8
-16
-12
-6
8
13
26
19
22
37
38
30
6
-10
-42
-49
-55
-33
-35
-31
-19
-15
1
-4
10
7
2
-4
-15
-6
-1
-26
-32
-14
-7
5
-8
-10
-11
-17
-26
-34
-40
-30
-5
24
51
81
96
91
85
45
14
-10
-27
-43
-41
-42
-30
-31
-39
-37
-33
-44
-65
-79
-109
-123
-141
-136
-133
-111
-101
-85
-61
-29
-19
-35
-37
-38
-37
-30
-14
-3
0
-14
-29
-47
-46
-44
-37
-36
-16
-2
-1
-2
-6
-1
10
18
21
31
50
69
72
73
82
75
57
29
18
9
15
12
5
-17
-32
-42
-42
-51
-49
-40
-19
4
25
19
20
20
23
20
27
22
14
-8
-13
-3
15
41
49
66
66
77
83
96
106
114
94
82
71
63
52
60
63
67
75
83
87
92
102
111
109
111
104
78
77
80
89
83
46
24
-7
-20
-20
-23
-22
-4
7
18
18
9
-9
-20
-26
-25
-43
-56
-71
-73
-77
-71
-55
-57
-58
-60
-55
-49
-25
-19
-7
-7
4
19
22
27
19
-4
-28
-29
-25
-28
-26
-25
-5
20
28
18
-8
-5
-6
7
10
14
4
-9
-15
-25
-30
-25
-17
-7
-2
4
14
15
11
4
-9
-1
14
27
22
-5
-15
-32
-51
-49
-54
-40
-14
4
11
29
43
66
66
60
30
27
18
31
35
37
48
65
47
29
9
8
-12
-6
-18
-3
0
15
25
33
47
42
43
41
62
74
85
93
90
85
79
74
64
59
61
59
52
57
59
44
50
41
61
64
62
63
68
73
73
69
40
41
39
25
22
0
-14
-20
-31
-19
-23
-22
-29
-10
-6
5
0
-15
-17
-9
5
23
52
53
46
32
38
43
37
31
27
29
32
38
35
45
53
59
53
48
40
30
13
8
24
41
39
43
10
0
-1
-18
-40
-40
-37
-22
-23
-15
-16
-10
-25
-35
-50
-50
-33
-21
-9
-2
-4
-17
-18
-5
15
22
14
9
5
9
28
35
30
28
33
30
47
57
51
57
62
76
82
80
83
89
95
91
79
61
33
4
-16
-2
24
52
40
27
-8
-24
-35
-34
-41
-55
-59
-51
-46
-42
-27
-35
-33
-46
-42
-50
-51
-38
-21
-4
-11
-1
9
27
42
44
34
43
35
26
13
8
2
7
16
8
-17
-42
-64
-74
-71
-46
-25
-12
-21
-12
-21
-25
-17
-11
-14
-41
-61
-85
-87
-78
-76
-80
-94
-91
-87
-74
-44
-16
6
13
23
18
29
39
54
58
58
63
51
48
57
64
62
58
56
56
66
70
74
65
75
83
81
67
46
26
22
31
43
53
52
65
80
90
91
62
38
25
37
45
43
42
37
34
45
69
88
97
94
95
99
97
95
68
48
40
35
41
21
16
9
7
15
16
30
43
60
36
28
22
30
52
60
71
67
68
69
71
58
41
38
37
52
62
69
68
70
80
75
61
43
24
23
23
26
26
28
35
42
38
45
39
35
35
30
32
27
42
54
53
42
23
-8
-38
-50
-64
-45
-18
43
81
83
73
65
59
63
74
76
83
81
81
72
61
46
9
-4
-4
1
10
12
1
-27
-49
-57
-56
-69
-81
-79
-72
-64
-69
-74
-83
-88
-94
-95
-88
-70
-48
-30
7
28
14
-12
-41
-72
-87
-102
-100
-91
-73
-58
-48
-44
-24
-20
-19
-34
-22
-12
-11
-16
-14
3
25
45
36
35
35
39
24
0
-30
-54
-62
-60
-52
-54
-55
-66
-73
-68
-42
-34
-48
-73
-84
-88
-81
-69
-69
-68
-74
-69
-59
-45
-26
-29
-36
-48
-57
11
