-23
-18
-18
-22
-19
-16
-21
-13
-14
-9
-1
-10
1
9
22
37
44
47
41
38
35
32
30
23
20
33
43
59
66
67
69
69
70
71
69
70
67
64
65
61
64
55
44
28
15
5
3
-17
-32
-42
-41
-30
-31
-34
-45
-52
-45
-49
-53
-56
-55
-50
-55
-73
-87
-111
-128
-135
-143
-152
-152
-144
-127
-98
-76
-49
-36
-23
-21
-22
-27
-32
-36
-31
-31
-23
-15
-7
11
30
39
44
44
37
33
23
23
23
31
39
33
35
36
47
59
64
66
71
67
62
52
40
30
19
8
6
8
20
30
29
22
15
15
19
16
16
6
-2
-10
-24
-36
-58
-77
-86
-90
-82
-77
-78
-76
-77
-64
-53
-44
-37
-33
-33
-33
-23
-2
14
28
30
22
9
-2
-14
-27
-38
-56
-62
-70
-78
-87
-93
-92
-81
-59
-35
-21
-3
12
23
38
47
54
55
64
74
84
87
90
96
104
110
109
113
115
116
109
96
75
57
57
57
57
54
44
36
30
21
16
-1
-8
-6
-14
-30
-42
-50
-60
-51
-48
-41
-40
-42
-45
-65
-84
-105
-124
-142
-145
-138
-131
-128
-136
-137
-138
-133
-138
-144
-141
-128
-102
-90
-85
-84
-85
-79
-69
-60
-52
-53
-51
-50
-37
-32
-35
-37
-45
-52
-59
-61
-61
-53
-47
-43
-44
-49
-63
-74
-89
-103
-111
-110
-116
-129
-140
-155
-155
-154
-154
-152
-140
-123
-100
-75
-57
-47
-37
-32
-25
-21
-10
5
29
42
48
53
63
76
85
80
74
65
60
54
44
42
47
52
59
60
63
58
50
46
40
52
54
59
55
58
56
52
61
67
80
91
101
105
112
111
112
105
98
90
78
73
75
84
96
99
108
114
129
122
107
83
58
42
24
3
-11
-33
-44
-57
-70
-80
-89
-101
-104
-116
-109
-95
-80
-77
-74
-76
-76
-79
-70
-66
-69
-75
-85
-84
-87
-90
-93
-94
-91
-91
-96
-97
-99
-100
-85
-73
-55
-52
-60
-63
-68
-61
-52
-47
-47
-44
-42
-38
-30
-30
-29
-26
-28
-28
-32
-30
-28
-30
-33
-40
-43
-41
-46
-60
-67
-78
-81
-74
-68
-46
-25
-1
7
21
35
43
43
33
27
22
18
19
26
38
51
67
76
77
85
89
97
103
101
93
86
78
82
75
68
56
40
35
34
38
54
58
57
62
66
82
91
103
110
109
103
92
82
73
72
71
61
52
32
13
-17
-46
-71
-86
-92
-80
-52
-14
17
50
69
84
90
97
95
90
85
87
92
84
75
60
57
58
53
53
54
60
67
61
52
37
22
11
4
-2
2
2
-2
11
17
32
45
51
51
48
47
35
30
31
34
39
44
34
27
14
8
8
4
-2
-1
-12
-20
-23
-24
-19
-10
-10
-17
-11
-9
1
-4
2
-1
5
-2
-1
-6
-8
-7
-6
-14
-26
-33
-43
-44
-55
-64
-68
-81
-100
-116
-124
-121
-106
-107
-101
-103
-92
-78
-69
-63
-69
-68
-72
-69
-69
-71
-79
-80
-87
-91
-93
-96
-94
-88
-90
-97
-108
-119
-117
-109
-96
-82
-71
-65
-63
-60
-55
-48
-42
-38
-33
-27
-31
-30
-27
-25
-16
-15
-8
-8
-16
-23
-22
-17
-10
0
3
-6
-32
-53
-71
-78
-87
-108
-124
-131
-129
-125
-113
-118
-114
-117
-120
-117
-107
-94
-81
-80
-87
-83
-76
-64
-47
-40
-26
-12
3
9
14
8
10
13
15
20
18
18
8
-1
-11
-17
-31
-34
-24
-25
-22
-22
-25
-24
-25
-24
-24
-15
-17
-20
-26
-24
-24
-28
-35
-48
-47
-42
-30
-19
-18
-19
-15
-12
-10
-7
-11
-15
-19
-31
-45
-57
-68
-73
-79
-87
-103
-112
-109
-96
-77
-58
-55
-46
-41
-34
-29
-25
-31
-31
-37
-38
-24
-17
-18
-24
-39
-42
-40
-39
-43
-53
-72
-75
-78
-75
-73
-71
-71
-63
-53
-42
-38
-35
-42
-45
-48
-47
-45
-42
-43
-41
-47
-49
-50
-53
-50
-44
-42
-38
-47
-55
-59
-57
-59
-61
-58
-67
-62
-57
-50
-42
-42
-36
-30
-24
-14
-8
12
21
30
23
7
-1
3
7
17
12
4
-14
-16
-23
-19
-9
-2
1
-7
-13
0
9
22
32
35
37
46
40
47
51
57
60
54
46
43
38
43
42
43
36
36
41
55
66
71
72
61
59
58
58
55
42
30
31
35
44
43
40
41
40
47
46
49
46
37
27
28
27
22
19
10
10
7
2
-3
3
15
15
19
11
7
7
17
32
51
50
47
38
29
23
19
10
15
20
23
30
33
37
33
37
27
14
1
-17
-31
-29
-20
-17
-13
-9
1
12
21
21
22
27
33
31
26
17
12
13
12
16
21
19
16
12
3
-4
-7
-5
-2
8
10
7
0
1
-2
0
12
22
29
34
27
24
26
24
29
18
4
8
13
13
12
2
11
13
9
-7
-29
-40
-50
-42
-32
-22
-20
-24
-31
-46
-50
-57
-57
-50
-49
-42
-38
-45
-46
-46
-48
-48
-52
-60
-69
-71
-76
-76
-87
-95
-114
-120
-125
-124
-118
-117
-102
-82
-62
-47
-33
-25
-17
-9
3
14
22
15
22
35
54
65
57
41
32
29
29
31
26
15
11
9
13
11
15
14
15
8
-5
-24
-46
-57
-63
-62
-49
-37
-20
2
13
17
19
14
36
46
59
70
70
81
94
99
100
95
94
82
68
47
30
21
9
3
-8
-13
-16
-9
-18
-25
-32
-46
-47
-52
-69
-83
-92
-93
-93
-91
-98
-99
-92
-79
-66
-59
-60
-67
-70
-73
-75
-78
-77
-71
-66
-61
-60
-65
-66
-68
-66
-67
-67
-62
-49
-40
-34
-36
-35
-31
-21
-7
22
37
44
39
23
8
-12
-25
-47
-69
-69
-80
-86
-87
-104
-117
-122
-118
-110
-102
-100
-90
-73
-58
-46
-43
-45
-44
-44
-25
-16
-5
-18
-34
-50
-53
-50
-50
-54
-70
-77
-73
-65
-62
-60
-53
-42
-29
-23
-18
-6
6
27
36
40
35
29
28
26
30
26
22
17
12
20
26
43
55
64
76
85
88
89
85
96
107
117
120
120
120
123
126
125
121
123
124
132
126
116
101
85
70
58
58
58
59
50
42
32
30
28
27
26
21
12
-7
-7
-14
-21
-25
-36
-41
-45
-47
-50
-57
-60
-65
-71
-77
-82
-74
-69
-71
-78
-84
-87
-78
-69
-61
-67
-81
-87
-90
-86
-83
-81
-73
-73
-70
-57
-46
-23
-12
-1
-3
1
3
2
-6
-14
-9
-11
-16
-31
-38
-39
-44
-46
-50
-52
-49
-45
-39
-32
-28
-30
-42
-47
-52
-58
-62
-62
-61
-54
-67
-81
-89
-91
-85
-71
-65
-59
-54
-48
-42
-31
-33
-37
-38
-40
-28
-16
-16
-9
-8
-14
-17
-35
-43
-45
-35
-18
1
16
22
21
27
36
45
53
55
61
60
67
70
73
74
65
57
50
33
17
0
-14
-7
-10
-15
-28
-54
-78
-101
-112
-111
-108
-103
-94
-83
-77
-82
-94
-103
-109
-115
-120
-122
-122
-123
-127
-126
-126
-116
-103
-90
-78
-71
-62
-44
-31
-25
-15
-15
-1
14
23
19
16
19
29
44
47
51
46
58
65
68
73
72
79
80
85
92
97
113
123
127
114
95
77
67
68
70
70
59
42
35
28
20
20
17
16
25
26
32
38
45
52
67
70
70
63
52
47
46
47
51
52
55
56
64
59
59
53
46
36
14
5
0
0
-6
-14
-15
-17
-17
-25
-29
-33
-39
-41
-43
-40
-39
-44
-50
-55
-56
-53
-63
-64
-74
-75
-82
-81
-75
-58
-51
-56
-68
-79
-80
-82
-83
-93
-91
-73
-46
-17
5
21
40
53
62
65
69
68
61
52
47
49
35
21
12
12
20
31
38
47
48
46
44
48
51
56
47
32
15
2
-22
-47
-71
-87
-99
-101
-107
-106
-96
-90
-79
-80
-85
-96
-103
-111
-111
-112
-107
-100
-97
-105
-112
-119
-124
-120
-118
-113
-108
-102
-97
-89
-82
-70
-56
-45
-34
-31
-23
-29
-36
-45
-50
-34
-24
-15
-25
-22
-10
-2
6
12
19
26
35
38
32
35
28
19
10
8
4
7
-1
-8
-22
-25
-35
-51
-61
-68
-65
-52
-38
-18
-7
2
7
10
14
21
24
19
15
12
8
18
19
14
2
-17
-27
-31
-31
-29
-27
-36
-43
-36
-15
0
4
9
21
34
36
29
15
7
7
7
10
8
-6
-7
-11
-17
-35
-54
-69
-77
-83
-89
-101
-118
-137
-156
-174
-185
-189
-187
-171
-146
-115
-91
-75
-62
-52
-45
-41
-36
-35
-43
-54
-65
-76
-72
-66
-66
-67
-56
-54
-48
-46
-48
-35
-16
-8
0
-1
6
10
14
14
6
-3
-5
-17
-26
-33
-35
-32
-33
-34
-38
-46
-51
-53
-56
-60
-62
-59
-58
-46
-29
-4
22
47
61
69
80
83
92
93
101
113
116
126
131
136
128
113
95
87
85
83
83
74
71
67
59
51
32
15
1
-16
-17
-17
-19
-18
-20
-22
-18
-12
-21
-21
-21
-24
-25
-21
-9
-15
-24
-31
-36
-35
-48
-56
-63
-62
-67
-71
-71
-75
-84
-88
-95
-89
-82
-76
-73
-71
-80
-78
-77
-71
-50
-31
-5
15
35
50
56
44
37
23
13
12
18
13
3
-12
-24
-33
-43
-51
-55
-58
-59
-43
-27
-22
-27
-19
-23
-18
-14
-15
-3
-4
1
12
18
24
22
21
24
20
9
6
6
8
9
9
-1
-9
-18
-20
-18
-24
-29
-21
-12
-4
5
7
19
28
20
17
13
14
6
-17
-33
-49
-46
-38
-37
-48
-45
-43
-39
-40
-45
-46
-51
-53
-54
-51
-51
-40
-37
-37
-45
-44
-48
-51
-56
-56
-52
-47
-55
-65
-68
-64
-52
-49
-44
-43
-35
-24
-4
0
11
14
10
1
2
-11
-19
-31
-33
-36
-40
-43
-44
-37
-35
-29
-23
-26
-20
-14
0
20
26
22
13
10
15
16
15
15
19
19
22
18
14
7
-7
-3
0
7
0
-9
-20
-40
-48
-61
-71
-68
-66
-61
-53
-47
-35
-35
-40
-39
-46
-47
-40
-35
-13
7
26
37
38
37
36
28
19
-1
-7
-20
-18
-19
-23
-21
-22
-12
-4
0
3
-4
0
2
17
24
31
35
37
38
34
17
4
-11
-15
-21
-29
-43
-50
-43
-30
-25
-21
-18
-9
-9
-6
6
10
21
25
16
14
10
2
-18
-34
-61
-78
-94
-106
-122
-139
-148
-151
-141
-128
-113
-109
-108
-98
-87
-69
-59
-52
-45
-44
-45
-36
-32
-21
-27
-40
-53
-56
-61
-59
-57
-60
-65
-67
-59
-57
-52
-55
-57
-65
-64
-71
-66
-60
-50
-35
-31
-19
-16
-19
-13
-14
-6
1
8
8
19
32
38
33
15
2
0
3
-5
-15
-24
-33
-28
-35
-43
-44
-43
-43
-47
-41
-38
-41
-52
-55
-61
-61
-60
-64
-67
-70
-67
-58
-55
-51
-38
-24
-10
-11
-13
-18
-26
-30
-40
-35
-33
-25
-29
-24
-30
-23
-27
-20
-16
5
19
33
51
64
74
71
77
77
78
75
77
73
78
68
60
45
30
26
19
20
18
16
26
31
41
45
51
53
58
59
67
68
64
50
23
10
4
0
10
-9
-18
-28
-27
-23
-13
-5
4
7
14
23
28
43
52
65
77
83
89
92
96
97
100
99
91
81
63
45
32
27
18
7
-5
-15
-21
-14
-19
-20
-33
-39
-42
-56
-56
-56
-44
-32
-20
-20
-29
-32
-35
-34
-31
-24
-12
-11
-24
-30
-43
-38
-30
-26
-23
-12
-6
-1
-7
-11
-21
-21
-25
-21
-16
-31
-51
-69
-84
-83
-85
-90
-93
-101
-98
-95
-90
-85
-79
-80
-73
-67
-52
-45
-42
-35
-26
-11
-9
-6
-1
7
4
12
16
21
30
30
25
27
31
37
30
19
7
7
5
15
17
14
9
-1
-1
11
20
32
36
37
37
32
29
29
38
51
57
54
43
38
25
28
31
36
37
47
51
51
46
40
37
41
42
38
32
31
31
34
33
28
20
23
16
13
5
-8
-24
-37
-50
-53
-47
-32
-14
-1
10
16
22
17
5
-2
-8
-9
2
4
-2
-10
-18
-18
-19
-19
-20
-20
-26
-26
-34
-45
-62
-80
-91
-89
-83
-78
-76
-84
-90
-90
-89
-85
-83
-84
-83
-78
-66
-57
-46
-45
-47
-49
-58
-58
-62
-64
-65
-63
-65
-59
-49
-32
-16
-10
-13
-23
-31
-30
-36
-39
-53
-50
-40
-25
-18
-35
-38
-38
-35
-26
-21
-14
-4
3
-3
10
25
51
65
74
73
72
67
56
55
45
40
26
14
14
11
7
1
-4
-2
5
6
13
23
28
24
10
-5
-17
-24
-26
-28
-29
-34
-35
-31
-21
-18
-25
-39
-43
-38
-29
-29
-27
-22
-18
-19
-26
-31
-39
-42
-47
-49
-52
-60
-67
-75
-85
-85
-91
-88
-90
-84
-80
-70
-52
-34
-17
-13
-11
-7
-11
-20
-39
-57
-71
-80
-90
-95
-97
-99
-94
-92
-79
-68
-56
-61
-66
-73
-71
-58
-42
-28
-18
-18
-4
-3
7
12
10
0
-4
-13
-14
-4
6
19
20
17
18
23
29
31
31
32
30
24
8
-3
-18
-20
-29
-30
-23
-13
-16
-8
0
2
3
13
20
24
22
20
26
37
47
49
38
31
25
18
15
15
12
12
19
21
22
17
16
17
17
15
9
13
18
25
24
25
25
26
26
28
31
34
40
35
45
49
50
51
38
32
31
38
45
39
36
28
27
26
29
26
24
17
19
25
31
27
29
28
25
23
17
12
14
13
18
25
24
24
22
23
20
15
11
1
-3
3
7
2
-15
-26
-36
-40
-39
-29
-13
5
11
16
21
19
18
11
9
8
13
23
33
31
25
17
-1
-9
-13
-10
-14
-22
-31
-38
-47
-51
-53
-64
-76
-92
-104
-112
-120
-121
-119
-117
-113
-104
-92
-83
-81
-86
-85
-81
-77
-71
-64
-65
-67
-71
-55
-48
-35
-34
-29
-20
-13
-6
-1
11
26
35
29
25
20
26
29
33
34
33
18
14
7
4
-2
-27
-39
-49
-56
-71
-90
-108
-110
-113
-109
-104
-103
-90
-84
-76
-76
-75
-76
-84
-92
-90
-82
-72
-72
-72
-66
-61
-61
-59
-63
-70
-87
-94
-95
-89
-78
-71
-63
-55
-61
-78
-97
-104
-100
-94
-82
-71
-57
-42
-23
-12
-2
1
2
8
4
8
0
2
6
10
19
21
30
38
55
52
41
22
22
37
39
41
31
24
29
33
46
47
38
30
22
18
13
12
18
37
46
49
32
15
-1
-16
-22
-32
-30
-43
-40
-45
-49
-44
-40
-47
-56
-65
-67
-56
-48
-35
-21
-26
-28
-30
-30
-21
-16
-22
-29
-32
-39
-44
-41
-46
-47
-50
-48
-52
-48
-43
-41
-38
-46
-49
-45
-43
-41
-46
-50
-53
-50
-55
-66
-75
-77
-73
-72
-65
-61
-49
-38
-22
-3
10
23
15
3
-4
-10
-13
-18
-19
-23
-28
-37
-42
-40
-37
-24
-26
-41
-46
-40
-25
-3
7
7
5
5
13
10
-14
-16
-25
-10
-17
-21
-30
-20
-8
6
14
10
10
9
23
29
30
28
32
40
41
44
45
41
37
41
48
63
71
80
82
78
67
61
62
59
60
53
62
73
85
94
101
103
101
95
91
82
66
48
29
18
12
-2
2
-11
-6
-21
-34
-40
-39
-35
-37
-43
-58
-72
-79
-77
-75
-76
-74
-69
-61
-59
-64
-71
-72
-64
-55
-49
-42
-35
-34
-30
-30
-26
-20
-19
-12
-18
-24
-33
-37
-28
-17
-13
-12
-12
-12
-20
-25
-30
-30
-29
-37
-44
-63
-77
-78
-73
-65
-66
-65
-73
-70
-71
-64
-71
-82
-95
-94
-88
-82
-87
-96
-98
-89
-78
-65
-63
-68
-67
-63
-56
-54
-61
-60
-60
-45
-31
-37
-35
-47
-39
-25
-6
18
46
63
72
58
43
28
22
33
50
62
63
60
59
57
54
46
34
24
21
16
26
23
29
37
42
31
20
9
13
9
13
17
22
23
23
17
9
4
-5
-3
-6
-10
-9
-3
0
-1
-4
-5
-1
-8
-3
7
23
35
55
67
62
65
52
47
27
6
-12
-21
-27
-23
-13
-20
-34
-58
-79
-102
-113
-111
-115
-110
-107
-100
-91
-73
-58
-42
-43
-39
-41
-48
-48
-52
-45
-40
-26
-11
15
21
25
26
27
36
44
48
51
55
63
68
66
63
61
58
52
38
23
11
-1
-3
-10
-19
-25
-17
-21
-18
-21
-25
-22
-18
-20
-25
-25
-32
-25
-22
-22
-18
-18
-24
-24
-25
-14
-14
-18
-25
-31
-37
-38
-36
-31
-36
-31
-21
-14
-10
-8
-21
-20
-19
-22
-20
-13
-10
-13
-11
-27
-43
-42
-32
-17
-11
-22
-25
-34
-37
-37
-37
-31
-39
-33
-32
-27
-23
-24
-30
-41
-49
-51
-57
-57
-59
-53
-42
-46
-59
-73
-68
-53
-39
-28
-14
-3
7
2
0
-10
-4
-5
-5
-7
-4
-8
-4
-2
-8
-15
-26
-30
-38
-40
-36
-37
-39
-47
-57
-58
-59
-52
-44
-45
-61
-68
-75
-75
-71
-72
-73
-64
-58
-55
-57
-56
-50
-33
-22
-12
-5
-1
-6
-15
-35
-43
-49
-41
-21
-19
-4
-2
10
7
7
-1
-9
-6
-18
-15
-19
-25
-25
-29
-31
-29
-17
0
3
-4
-9
-12
-4
-10
-14
-7
-3
9
17
19
14
5
-2
1
5
15
13
9
-2
-7
1
15
29
38
41
38
43
59
81
97
92
85
78
77
72
66
53
43
40
45
57
74
89
97
96
97
98
97
83
63
35
12
-9
-32
-46
-66
-85
-99
-114
-123
-124
-122
-110
-93
-67
-50
-39
-28
-21
-10
-1
7
12
25
35
48
63
73
87
82
81
60
40
34
26
30
24
11
3
-6
-16
-21
-17
-5
6
17
19
20
19
21
24
26
27
15
4
-4
-6
-11
-24
-23
-17
-17
-24
-27
-22
-23
-27
-31
-39
-37
-39
-38
-31
-32
-28
-29
-43
-46
-46
-50
-48
-53
-46
-42
-37
-36
-40
-43
-48
-54
-61
-73
-84
-100
-118
-137
-147
-156
-148
-150
-143
-132
-115
-95
-75
-58
-46
-37
-32
-25
-17
-9
2
14
21
17
8
-15
-28
-40
-57
-57
-55
-51
-50
-61
-67
-66
-54
-46
-26
-15
1
12
16
17
0
-9
-17
-13
6
30
45
64
68
80
87
96
104
95
82
65
53
52
47
38
18
3
-14
-10
6
23
33
24
13
4
-7
-14
-21
-29
-32
-44
-56
-58
-57
-42
-33
-30
-33
-33
-25
-16
-4
-3
-6
-9
0
10
19
20
24
32
41
48
43
40
30
22
19
7
-3
-20
-37
-46
-58
-66
-73
-76
-77
-79
-85
-88
-84
-82
-78
-78
-77
-73
-74
-67
-58
-50
-50
-53
-47
-42
-41
-51
-68
-82
-83
-79
-70
-62
-60
-57
-62
-59
-57
-44
-39
-38
-45
-51
-57
-51
-52
-60
-65
-63
-47
-28
-13
6
7
21
22
23
21
30
30
40
39
35
29
23
21
9
5
2
-10
-8
-8
-3
2
-2
-13
-29
-43
-42
-48
-60
-68
-72
-67
-61
-42
-26
-4
-7
-3
-5
-1
-1
-5
-14
-27
-40
-42
-42
-46
-49
-54
-51
-48
-48
-45
-44
-43
-37
-34
-30
-26
-19
-2
20
36
41
30
33
41
54
65
64
60
63
68
74
74
71
70
67
63
60
68
84
105
128
136
133
127
124
136
149
161
169
176
183
184
175
171
159
151
137
113
94
70
46
35
29
27
24
20
24
23
12
1
-17
-32
-42
-52
-54
-47
-40
-37
-49
-59
-69
-73
-73
-81
-93
-102
-104
-102
-91
-90
-83
-83
-78
-67
-54
-52
-50
-41
-30
-15
-18
-2
5
9
15
14
14
17
18
25
28
24
13
4
6
17
17
17
12
7
9
16
19
25
29
30
38
40
38
39
39
40
39
37
29
29
33
28
27
25
28
25
17
10
6
3
-8
-27
-29
-22
-21
-21
-15
-19
-24
-33
-37
-42
-45
-40
-43
-42
-38
-34
-33
-37
-43
-45
-41
-31
-19
-16
-18
-23
-25
-33
-37
-41
-44
-49
-54
-66
-81
-102
-121
-135
-143
-149
-157
-169
-183
-196
-207
-213
-208
-201
-185
-170
-147
-131
-124
-129
-135
-133
-124
-119
-116
-110
-101
-96
-93
-89
-88
-81
-73
-66
-67
-76
-77
-68
-52
-52
-58
-64
-69
-74
-82
-90
-94
-94
-103
-105
-102
-101
-97
-96
-94
-87
-80
-60
-40
-16
3
13
22
30
38
47
48
55
63
77
80
77
63
44
36
28
23
17
14
8
11
11
7
3
-1
-5
0
5
11
14
17
13
17
12
13
29
46
59
63
67
79
87
92
86
75
67
67
76
82
75
53
44
46
60
52
29
6
-15
-19
-26
-20
-19
-11
-10
-24
-46
-65
-91
-108
-122
-130
-126
-126
-133
-144
-156
-165
-164
-169
-162
-148
-134
-115
-90
-63
-33
-22
-23
-33
-40
-42
-30
-21
-6
-4
-4
-1
4
3
6
-3
-3
-4
-3
5
1
1
1
0
-4
-14
-24
-34
-44
-49
-55
-54
-57
-54
-60
-68
-77
-85
-79
-76
-64
-50
-44
-38
-26
-8
9
26
32
37
48
64
78
81
76
81
90
97
93
63
28
-4
-36
-64
-98
-123
-141
-138
-121
-87
-47
-14
3
3
-10
-30
-42
-46
-50
-47
-43
-40
-32
-23
-14
-11
-15
-31
-53
-69
-88
-103
-120
-129
-133
-128
-125
-116
-118
-112
-108
-92
-67
-28
1
12
16
0
-16
-37
-38
-27
-7
13
23
26
21
15
17
0
2
-2
-4
-6
-2
-1
0
2
3
4
6
15
29
39
62
87
107
128
146
157
168
169
173
171
160
143
123
112
101
90
73
53
38
22
22
19
17
11
11
3
-7
-19
-33
-51
-64
-74
-82
-89
-96
-103
-108
-105
-94
-85
-79
-88
-35
