-27
-27
-34
-26
-29
-32
-32
-28
-29
-26
-27
-38
-51
-53
-40
-24
-19
-14
-13
-9
-8
-3
-4
-6
-4
-5
-12
-19
-28
-28
-41
-54
-64
-65
-65
-60
-55
-62
-60
-54
-57
-61
-72
-77
-76
-77
-75
-64
-55
-41
-33
-27
-17
-12
-13
-7
-1
19
23
30
19
10
-7
-11
-21
-35
-38
-42
-36
-34
-29
-21
-9
-3
12
19
19
23
14
13
12
19
24
22
20
11
-8
-24
-34
-44
-48
-38
-27
-20
-21
-25
-26
-26
-29
-40
-53
-64
-67
-64
-59
-58
-64
-69
-62
-56
-53
-58
-60
-56
-56
-54
-53
-53
-40
-26
-19
-22
-15
-4
-1
-1
10
19
27
32
35
26
28
22
21
22
18
17
8
3
3
12
18
39
49
57
65
66
70
69
65
60
55
46
37
30
20
12
10
6
8
17
17
0
-10
-29
-36
-37
-45
-42
-41
-28
-12
0
17
29
27
12
-10
-27
-41
-52
-49
-47
-32
-24
-14
-9
9
26
30
19
13
-3
-15
-23
-25
-14
-5
4
12
16
15
1
-9
-12
-15
-20
-26
-19
-7
1
0
0
-1
0
0
3
4
5
7
8
11
13
15
4
-4
-5
-12
-12
-17
-22
-24
-31
-30
-47
-45
-38
-31
-26
-21
-8
-1
7
16
32
50
61
61
58
51
50
35
16
2
3
4
8
9
15
18
16
12
5
-5
-9
-12
-8
-4
-6
-15
-20
-33
-44
-47
-46
-46
-52
-46
-43
-42
-55
-65
-69
-73
-79
-83
-100
-106
-113
-112
-110
-106
-101
-106
-99
-83
-58
-37
-29
-17
-11
4
13
14
14
14
18
20
18
13
3
-8
-15
-18
-22
-23
-25
-19
-14
-1
3
-2
-15
-20
-15
-6
-9
-12
-13
0
11
10
4
7
9
10
0
-2
-16
-16
-22
-27
-42
-52
-45
-37
-24
-18
-9
-5
6
15
26
38
52
62
68
75
80
75
64
52
37
14
6
-2
-6
-10
-16
-23
-23
-23
-21
-11
-3
14
25
38
52
59
69
72
78
74
67
55
47
43
32
32
27
19
11
10
8
9
7
-1
5
14
21
18
22
27
39
53
72
85
87
85
82
79
79
81
75
72
64
71
72
65
54
41
27
23
15
10
20
32
48
51
51
40
40
43
58
52
50
46
35
27
20
25
32
32
38
31
29
23
20
20
18
18
7
0
-4
7
14
12
20
23
37
46
47
41
21
12
8
3
-5
-15
-32
-36
-30
-19
-11
-18
-25
-37
-40
-49
-53
-57
-46
-32
-21
-9
3
16
21
19
3
-18
-35
-44
-46
-57
-71
-86
-109
-119
-123
-127
-127
-134
-129
-128
-122
-111
-100
-78
-61
-64
-68
-72
-74
-71
-68
-67
-72
-82
-85
-72
-68
-64
-58
-52
-50
-43
-37
-41
-50
-55
-55
-54
-51
-56
-57
-55
-57
-55
-57
-55
-51
-54
-48
-36
-20
-6
-1
6
13
15
15
10
0
2
4
5
5
6
11
10
7
-2
-15
-25
-28
-34
-31
-24
-6
1
17
31
42
51
63
68
74
81
81
82
78
73
72
60
50
32
12
-2
-11
-23
-24
-30
-29
-39
-46
-51
-49
-44
-34
-28
-22
-12
-4
4
6
7
-2
-17
-33
-45
-46
-42
-39
-31
-27
-19
-14
-11
-7
3
10
9
4
-4
-11
-8
-6
-7
-7
1
18
18
27
30
34
42
44
50
45
38
40
46
51
50
51
54
60
66
61
57
53
57
68
72
85
87
86
85
76
63
55
59
73
78
74
73
65
62
61
58
46
44
33
27
19
12
3
0
-1
-1
2
8
19
15
9
14
13
21
21
30
35
42
46
39
19
2
-8
-10
-7
0
4
8
5
0
-8
-10
-19
-20
-26
-16
6
21
26
34
44
47
50
41
32
19
22
22
29
37
25
14
-1
-12
-14
-18
-17
-29
-55
-73
-74
-67
-59
-49
-49
-51
-46
-41
-33
-31
-27
-21
-14
-4
4
8
12
8
1
5
6
20
23
26
29
23
16
5
-7
-24
-28
-20
-4
5
10
18
26
16
17
8
10
3
5
0
1
1
-5
-21
-42
-59
-66
-64
-69
-74
-80
-74
-72
-69
-63
-49
-36
-28
-23
-19
-18
-14
-2
1
-1
-6
-21
-27
-34
-31
-38
-32
-28
-28
-31
-42
-33
-22
-9
7
8
11
15
31
39
36
43
32
33
25
16
3
-6
-7
-13
-20
-33
-37
-44
-45
-47
-41
-39
-30
-28
-34
-27
-20
-8
-5
5
19
18
11
-3
-9
-1
2
-8
-13
-22
-22
-23
-28
-29
-37
-40
-36
-33
-31
-38
-39
-45
-50
-50
-44
-34
-26
-14
-2
8
19
34
31
31
21
22
16
15
10
6
4
3
-4
-20
-27
-33
-37
-42
-46
-42
-44
-49
-64
-75
-81
-81
-76
-74
-65
-63
-72
-68
-57
-38
-20
-7
3
6
7
12
26
37
48
51
56
56
53
34
12
-2
-19
-37
-54
-55
-53
-49
-49
-57
-69
-75
-71
-64
-52
-39
-31
-30
-29
-16
-10
-3
-2
-7
-7
-8
-7
-2
-13
-26
-40
-57
-66
-81
-93
-104
-100
-95
-90
-79
-69
-59
-48
-43
-29
-20
-7
-4
-10
-14
-18
-17
-11
-8
-2
-4
-3
0
2
0
3
4
8
7
6
1
1
2
2
-6
-9
-8
-4
7
8
9
-3
-3
-3
-11
-18
-13
-11
-5
-1
-1
-10
-3
-11
-2
-10
-7
-12
-27
-31
-26
-15
-12
-17
-33
-55
-65
-65
-57
-44
-25
-5
-1
9
15
25
34
27
19
0
-10
-19
-28
-30
-31
-31
-36
-44
-50
-52
-49
-45
-45
-48
-43
-34
-24
-22
-13
-19
-27
-24
-19
-14
-12
-13
-16
-25
-35
-40
-58
-57
-59
-48
-48
-52
-64
-85
-92
-103
-99
-104
-100
-93
-86
-75
-61
-62
-63
-62
-61
-52
-54
-54
-51
-53
-48
-49
-46
-41
-31
-23
-19
-13
-25
-28
-32
-27
-26
-26
-21
-11
-10
-21
-27
-37
-41
-39
-43
-47
-36
-31
-28
-15
-13
-14
-30
-48
-65
-78
-86
-86
-79
-72
-59
-48
-39
-38
-36
-31
-16
7
34
49
60
68
73
61
48
40
29
31
35
37
20
2
-4
-4
3
7
9
14
17
15
10
4
-1
-4
-7
1
7
4
12
20
28
42
47
59
67
70
77
84
95
103
109
106
107
119
125
130
130
123
122
119
116
115
109
105
94
72
56
36
17
5
-5
-11
-28
-34
-30
-25
-6
9
21
26
38
41
28
14
-2
-1
-9
-26
-46
-71
-72
-69
-74
-84
-98
-109
-111
-101
-87
-80
-73
-58
-50
-43
-44
-46
-42
-46
-45
-54
-51
-49
-36
-33
-28
-18
-15
-8
-1
3
7
9
9
8
1
-7
-1
-3
-5
-7
1
6
4
4
-3
-13
-16
-18
-15
-4
4
16
19
18
17
7
5
7
2
6
10
21
22
30
22
23
23
18
2
-15
-27
-26
-26
-19
-9
0
7
13
15
17
19
33
36
40
30
19
14
18
7
-2
-21
-28
-40
-50
-68
-87
-96
-95
-86
-78
-77
-69
-64
-70
-66
-62
-51
-46
-38
-24
-11
-4
10
4
1
7
11
10
6
-7
-4
0
-1
-9
-16
-15
2
9
15
13
8
-1
4
24
28
46
51
63
55
41
28
16
14
3
-8
-18
-20
-31
-53
-72
-84
-87
-90
-93
-99
-98
-97
-89
-77
-74
-74
-71
-85
-79
-80
-74
-82
-85
-90
-95
-92
-88
-76
-63
-48
-37
-31
-23
-4
-7
-13
-13
-17
-8
0
16
30
44
48
45
32
17
7
-3
-9
-3
7
8
2
4
4
9
15
17
10
7
12
18
31
42
50
59
65
77
76
70
57
39
21
11
-4
-12
-22
-24
-13
-13
-7
-7
-2
3
13
15
10
11
13
20
32
42
47
48
47
41
31
21
15
11
6
13
12
10
0
-2
-1
-4
-1
-1
-13
-22
-38
-60
-66
-66
-67
-72
-79
-78
-64
-46
-26
-10
7
22
38
44
54
67
73
76
81
91
100
113
126
128
113
104
93
92
90
94
102
109
113
107
95
82
76
71
66
63
59
54
51
56
60
51
53
48
43
33
30
15
23
22
26
22
13
10
5
2
-6
-9
-16
-14
-9
-9
-4
2
8
0
2
-1
5
7
6
5
5
7
8
16
16
21
20
10
-9
-31
-45
-51
-46
-50
-54
-52
-44
-39
-37
-34
-25
-20
-18
-24
-31
-28
-23
-22
-14
-13
-11
-19
-26
-24
-28
-35
-31
-25
-22
-24
-32
-40
-46
-47
-45
-46
-41
-40
-43
-40
-35
-36
-35
-34
-37
-39
-36
-35
-31
-39
-49
-55
-66
-67
-71
-69
-71
-73
-72
-73
-71
-63
-53
-53
-51
-57
-61
-61
-61
-62
-64
-61
-58
-58
-63
-59
-46
-33
-22
-24
-36
-41
-46
-46
-29
-11
2
11
10
16
21
29
33
40
50
71
83
86
81
81
78
72
68
79
84
92
88
85
82
81
77
64
60
64
82
82
88
84
73
53
39
31
32
18
11
-3
-3
-4
-3
2
-1
-6
-9
2
16
25
12
14
11
7
3
1
8
14
17
18
16
11
14
0
-5
-22
-43
-64
-83
-89
-99
-89
-72
-48
-38
-35
-27
-22
-16
-15
-18
-24
-27
-19
-22
-21
-23
-20
-21
-21
-26
-36
-37
-28
-19
-10
-3
-12
-23
-35
-34
-29
-33
-28
-28
-24
-18
-10
-19
-34
-39
-39
-40
-40
-35
-31
-30
-40
-44
-41
-22
0
13
41
53
59
46
30
19
9
5
5
4
-1
1
17
28
34
33
34
35
46
37
25
-1
-16
-31
-29
-23
-19
-18
-22
-27
-35
-46
-42
-34
-28
-23
-23
-31
-27
-26
-24
-20
-22
-20
-16
-17
-18
-31
-47
-56
-60
-68
-87
-106
-124
-129
-127
-110
-101
-89
-81
-75
-69
-66
-64
-76
-78
-81
-76
-74
-80
-74
-70
-66
-69
-84
-101
-115
-117
-113
-104
-90
-80
-81
-87
-86
-80
-57
-33
-18
-1
7
12
10
19
33
39
40
37
36
38
29
29
21
16
8
2
0
13
26
45
64
72
74
72
68
65
60
57
59
55
52
43
44
37
34
34
45
51
53
50
49
63
76
81
70
56
53
50
56
70
85
91
93
90
95
95
107
109
104
96
91
74
71
59
58
44
39
28
21
20
20
19
18
14
17
28
35
37
29
18
19
21
22
23
27
20
16
20
22
25
29
32
36
36
38
39
37
44
45
41
40
44
47
34
10
-7
-20
-17
-11
-6
-6
-6
-8
-12
-8
-6
-14
-37
-62
-68
-70
-66
-70
-69
-53
-38
-26
-29
-38
-43
-47
-50
-52
-44
-46
-46
-51
-60
-65
-69
-57
-54
-50
-47
-42
-33
-24
-30
-38
-49
-49
-57
-62
-76
-85
-106
-111
-115
-98
-72
-56
-43
-45
-47
-46
-52
-50
-39
-35
-32
-27
-26
-29
-34
-44
-44
-43
-42
-39
-33
-38
-28
-35
-34
-32
-24
-12
-6
-3
-12
-20
-22
-22
-26
-26
-34
-36
-47
-48
-51
-53
-47
-47
-47
-46
-45
-44
-33
-24
-11
-2
14
33
46
58
54
72
75
91
95
90
77
65
70
64
66
67
64
68
73
83
88
97
93
92
72
71
66
67
69
67
71
72
73
72
65
53
40
21
-1
-16
-36
-59
-75
-79
-78
-80
-79
-81
-80
-74
-64
-58
-57
-59
-62
-61
-52
-44
-51
-61
-77
-92
-107
-102
-92
-84
-84
-83
-88
-82
-88
-77
-71
-69
-71
-75
-73
-75
-78
-77
-72
-54
-44
-47
-55
-63
-71
-67
-57
-40
-27
-12
-13
-7
-1
28
51
61
61
57
68
73
66
42
14
1
-9
-19
-27
-17
-7
8
13
24
32
49
63
74
71
68
66
71
79
78
81
74
74
78
68
58
54
45
45
51
55
51
46
41
38
39
38
43
48
50
53
51
52
48
52
47
55
58
50
39
27
16
17
15
11
7
-9
-6
-3
-10
-5
0
2
11
20
23
33
40
40
40
35
33
23
21
19
14
1
-6
-7
-11
-10
-13
-16
-24
-27
-30
-28
-25
-22
-17
-15
-10
-13
-21
-24
-23
-21
-27
-40
-45
-49
-46
-41
-35
-33
-23
-20
-26
-37
-43
-42
-36
-25
-26
-26
-30
-34
-30
-32
-27
-25
-18
-8
7
6
7
-1
-13
-21
-28
-28
-28
-29
-30
-37
-59
-79
-76
-74
-68
-67
-63
-56
-52
-47
-45
-52
-61
-69
-74
-73
-72
-78
-78
-79
-85
-90
-97
-92
-90
-86
-85
-86
-99
-108
-113
-115
-105
-95
-85
-74
-59
-46
-39
-38
-33
-32
-27
-24
-17
-18
-11
-5
7
6
5
-9
-16
-17
-19
-16
-15
-18
-24
-29
-31
-27
-19
-10
-2
-1
-3
-9
-10
-13
-13
-1
6
12
15
10
2
-11
-22
-26
-37
-42
-44
-44
-36
-31
-19
-19
-19
-25
-37
-42
-43
-49
-56
-59
-68
-67
-69
-65
-59
-63
-60
-61
-62
-61
-64
-63
-63
-66
-69
-71
-74
-67
-62
-51
-40
-37
-44
-46
-54
-53
-54
-45
-41
-34
-24
-14
1
2
5
3
-1
0
-2
-5
-10
0
7
9
-1
-17
-27
-35
-29
-26
-25
-22
-12
-7
-11
-7
-8
-4
4
-3
-8
-8
-7
3
-1
-4
-18
-35
-51
-59
-61
-66
-59
-63
-72
-68
-59
-47
-46
-50
-52
-52
-53
-38
-42
-34
-37
-48
-62
-81
-86
-87
-82
-81
-74
-62
-45
-38
-37
-27
-10
12
21
31
42
44
45
47
57
62
67
70
71
67
66
56
50
41
36
27
24
24
15
6
-1
-7
-16
-28
-31
-41
-38
-27
-18
-11
-8
-4
0
-7
-11
-26
-32
-31
-34
-32
-36
-34
-17
-5
10
10
-1
-3
-8
-19
-37
-59
-74
-80
-87
-83
-85
-89
-97
-106
-120
-115
-108
-100
-94
-91
-81
-82
-92
-96
-97
-82
-82
-81
-81
-76
-57
-50
-45
-34
-21
-20
-29
-35
-38
-38
-37
-32
-34
-34
-34
-33
-27
-10
3
7
10
13
12
17
19
24
20
16
15
19
23
12
4
-1
9
10
0
-14
-10
5
26
42
52
56
63
66
59
54
47
41
34
22
17
15
18
28
34
35
32
35
38
40
40
42
38
37
39
46
48
60
53
47
43
53
62
67
61
46
27
19
29
41
53
63
57
53
48
55
62
68
71
62
54
54
56
59
56
49
35
24
17
20
15
19
26
39
45
51
41
26
15
13
11
19
30
43
47
44
35
36
33
36
33
32
30
34
29
29
29
29
21
15
18
28
33
37
39
39
38
41
37
27
22
4
-10
-35
-46
-47
-45
-30
-22
-17
-7
-2
5
6
3
8
11
20
10
-5
-12
-11
-4
-6
-13
-14
-19
-10
-2
-4
-5
-12
-23
-31
-49
-56
-67
-73
-77
-82
-84
-77
-70
-65
-59
-51
-44
-33
-26
-24
-26
-32
-27
-16
-7
1
16
20
21
14
3
-2
-8
-8
-14
-20
-20
-24
-24
-18
3
19
38
51
60
66
78
96
102
104
95
86
73
61
47
36
36
33
27
28
32
43
40
33
28
26
27
41
58
65
69
68
63
50
35
19
-4
-11
-12
2
15
29
34
29
31
32
33
31
31
25
19
13
8
4
7
20
23
29
37
36
36
30
24
24
14
11
2
1
0
-1
-5
-2
7
17
15
18
22
30
21
15
9
4
10
-1
-10
-27
-40
-49
-59
-74
-83
-88
-91
-84
-82
-86
-86
-81
-71
-69
-69
-78
-93
-95
-100
-97
-88
-73
-59
-61
-63
-64
-57
-51
-46
-44
-40
-28
-12
1
3
10
15
16
15
14
10
7
13
20
30
45
52
62
67
75
78
82
81
82
80
73
62
52
47
44
42
38
36
33
34
29
34
29
24
14
16
12
11
5
-1
-7
-8
-10
-7
-11
-9
-15
-12
-11
-1
12
18
26
19
13
15
14
14
11
14
18
17
18
18
5
-1
-8
-5
-9
-8
2
10
23
31
34
24
21
18
11
12
7
-12
-42
-76
-93
-101
-85
-69
-67
-72
-77
-90
-100
-112
-116
-120
-135
-136
-143
-138
-144
-148
-158
-162
-159
-170
-174
-179
-166
-149
-135
-121
-120
-120
-120
-114
-106
-101
-92
-89
-93
-92
-81
-72
-57
-36
-23
-10
-2
-2
-11
-9
-6
8
14
10
2
-4
-7
-3
0
0
9
16
12
18
17
28
39
53
60
59
54
50
46
37
30
31
30
28
22
26
26
37
37
43
45
51
51
47
49
40
25
14
20
37
62
84
91
91
87
86
69
42
13
-8
-26
-29
-17
-6
14
27
45
53
57
62
51
49
36
20
-1
-9
-12
-11
-1
3
3
-5
-15
-15
-18
-18
-23
-19
-18
-10
-11
-14
-11
0
1
-5
-1
-8
-20
-36
-48
-50
-42
-33
-22
-20
-22
-19
-14
-5
1
1
1
0
6
3
8
3
-6
-8
-22
-21
-36
-42
-48
-55
-45
-35
-30
-28
-24
-12
-7
-8
-10
-7
-9
-12
-1
4
12
14
12
5
-8
-11
-11
-10
-15
-21
-42
-58
-66
-73
-76
-79
-76
-71
-65
-55
-57
-58
-62
-64
-63
-63
-57
-51
-45
-32
-29
-25
-15
-3
-2
10
19
32
43
46
53
49
50
44
38
34
35
31
18
5
1
-2
-12
-10
-13
-4
-4
1
5
0
1
-1
-8
-8
-8
-8
-10
-15
-18
-8
-22
-23
-28
-30
-37
-44
-50
-59
-56
-57
-55
-46
-38
-25
-10
1
1
4
11
5
3
11
18
19
26
27
32
23
14
11
8
1
-10
-19
-33
-38
-37
-36
-24
-16
-16
-26
-34
-39
-48
-52
-49
-41
-45
-48
-57
-60
-49
-30
-16
-4
4
13
19
26
31
33
32
35
36
26
17
-5
-23
-36
-47
-54
-61
-62
-66
-70
-75
-66
-57
-50
-41
-39
-37
-17
-1
14
19
29
36
45
44
43
35
21
13
-3
-12
-20
-20
-18
-11
-16
-11
-15
-15
-20
-22
-36
-41
-43
-44
-37
-26
-9
-7
0
4
6
2
-6
-10
-16
-14
-24
-33
-37
-43
-47
-49
-43
-33
-29
-36
-39
-55
-67
-70
-73
-74
-68
-64
-53
-37
-21
-10
-8
-4
6
16
29
36
44
48
49
46
36
35
33
28
21
9
-1
-14
-21
-17
-9
-7
-7
-12
-5
0
20
33
35
34
17
-6
-19
-20
-14
-17
-16
-13
-16
-22
-30
-38
-37
-31
-30
-36
-38
-33
-37
-33
-33
-24
-20
-11
8
25
27
29
22
27
20
16
14
14
22
23
19
18
23
19
23
25
27
27
20
18
14
12
10
2
-8
-19
-29
-40
-45
-45
-53
-61
-64
-68
-68
-56
-32
-11
5
15
17
19
13
8
0
-5
-8
-17
-28
-37
-45
-37
-33
-25
-26
-32
-25
-23
-19
-11
-1
16
30
48
67
72
77
70
55
41
28
19
9
4
-9
-9
-9
-10
0
1
8
16
25
37
49
61
73
84
101
124
137
147
150
145
148
151
153
155
159
157
151
143
129
109
85
73
64
45
36
27
16
7
11
11
19
24
32
30
21
10
2
-5
-12
-20
-37
-36
-38
-23
-18
-6
-7
0
1
0
-14
-20
-28
-32
-42
-46
-39
-37
-36
-26
-8
11
23
34
40
41
32
27
21
17
5
-13
-33
-32
-28
-22
-11
8
17
23
32
37
47
53
49
56
46
39
23
4
0
1
6
3
-7
-18
-38
-58
-75
-94
-98
-91
-80
-67
-62
-55
-51
-53
-63
-70
-80
-76
-62
-61
-59
-58
-51
-42
-38
-38
-43
-44
-49
-44
-33
-19
-11
-16
-18
-19
-13
-21
-21
-23
-18
-21
-19
-19
-8
5
5
0
-3
4
2
-6
-15
-20
-17
-27
-41
-50
-54
-50
-46
-35
-19
-11
-4
13
34
53
60
51
47
35
29
25
22
23
18
11
-3
-18
-26
-30
-30
-31
-27
-25
-17
-9
-8
-7
-15
-10
-8
-6
-3
-11
-22
-26
-33
-41
-46
-51
-56
-74
-77
-84
-84
-91
-93
-88
-80
-68
-72
-74
-74
-60
-47
-30
-20
-10
-13
-19
-22
-28
-28
-31
-38
-44
-44
-42
-43
-44
-44
-43
-35
-31
-23
-23
-27
-27
-25
-13
3
24
42
52
61
59
47
44
43
36
46
53
68
77
79
82
86
92
97
98
95
81
63
43
34
29
15
5
9
9
8
4
6
11
16
15
4
0
-12
-15
-24
-27
-16
-2
9
12
17
16
8
5
3
-6
-18
-29
-46
-48
-55
-61
-76
-89
-93
-91
-86
-77
-73
-70
-60
-55
-45
-36
-32
-40
-47
-44
-36
-21
-1
15
30
35
31
21
10
4
3
4
0
13
18
23
29
34
41
36
21
6
-3
-7
-12
-18
-16
-12
-7
-7
-9
-2
9
22
19
10
-7
-27
-38
-40
-30
-27
-20
-24
-8
4
2
9
14
15
10
-9
-16
-17
-19
-18
-28
-43
-52
-67
-69
-69
-68
-73
-71
-63
-50
-49
-47
-41
-40
-43
-55
-77
-87
-102
-90
-81
-76
-74
-81
-84
-83
-80
-72
-56
-36
-24
-25
-23
-14
-5
8
21
33
44
44
51
49
52
56
58
57
45
40
33
40
45
43
41
41
53
49
51
50
51
40
20
3
-11
-14
-21
-33
-47
-59
-61
-53
-37
-23
-13
-8
-3
-6
-16
-23
-11
-9
-5
5
-2
-4
-8
-12
-2
-4
10
22
20
25
16
-4
-19
-27
-32
-28
-36
-27
-34
-47
-60
-76
-84
-75
-65
-41
-25
-5
7
7
23
34
33
24
20
18
24
26
30
45
55
51
37
7
-7
-25
-39
-41
-41
-41
-41
-30
-18
-13
-6
6
11
8
-1
-10
-10
-11
-3
7
9
18
30
32
34
17
-9
-37
-47
-44
-41
-41
-42
-38
-29
-12
-1
3
11
8
3
-5
-8
-6
-11
-9
-10
-11
-77
