-14
-16
-22
-28
-33
-37
-45
-54
-68
-78
-85
-92
-101
-105
-112
-114
-116
-115
-115
-116
-117
-119
-113
-104
-95
-84
-76
-73
-70
-58
-49
-42
-38
-48
-45
-43
-36
-30
-30
-29
-25
-34
-43
-53
-56
-65
-67
-71
-70
-68
-56
-61
-58
-58
-70
-63
-70
-69
-64
-63
-71
-70
-70
-69
-67
-64
-63
-67
-74
-77
-82
-77
-73
-72
-63
-62
-55
-53
-56
-56
-70
-64
-68
-64
-63
-64
-69
-67
-64
-60
-55
-49
-49
-41
-39
-39
-32
-29
-21
-18
-13
-9
-4
-3
-7
-10
-13
-11
-6
-19
-24
-38
-51
-58
-61
-60
-57
-59
-59
-61
-66
-71
-66
-66
-54
-60
-53
-52
-46
-46
-41
-34
-30
-31
-26
-19
-10
-6
-11
-15
-21
-24
-33
-38
-40
-36
-36
-45
-48
-55
-57
-70
-81
-92
-96
-97
-97
-96
-92
-82
-73
-65
-60
-45
-38
-29
-15
-15
-22
-33
-32
-33
-30
-31
-29
-19
-9
-3
4
8
12
11
6
0
-10
-14
-19
-23
-16
-15
-12
-13
-14
-18
-23
-26
-24
-18
-14
-10
-7
-6
-11
-22
-28
-24
-32
-27
-33
-40
-38
-46
-51
-50
-52
-56
-54
-54
-63
-61
-65
-65
-54
-43
-30
-37
-36
-42
-48
-46
-56
-49
-47
-48
-43
-43
-36
-29
-23
-19
-16
-20
-27
-38
-44
-57
-57
-53
-41
-35
-31
-23
-21
-25
-36
-40
-50
-53
-45
-46
-62
-66
-64
-61
-60
-58
-62
-61
-65
-73
-80
-83
-77
-78
-76
-87
-94
-101
-96
-98
-92
-85
-77
-73
-69
-72
-72
-77
-76
-74
-68
-49
-33
-21
-10
-8
-4
1
10
6
1
-5
-7
-13
-14
-17
-17
-15
-26
-40
-48
-55
-74
-85
-90
-94
-89
-85
-83
-79
-77
-82
-83
-92
-89
-77
-62
-55
-57
-55
-49
-42
-37
-33
-34
-29
-34
-35
-40
-34
-30
-27
-27
-31
-36
-41
-32
-26
-19
-15
-20
-26
-37
-44
-63
-65
-68
-64
-61
-61
-67
-59
-55
-55
-56
-64
-73
-79
-85
-92
-93
-97
-94
-88
-78
-69
-67
-64
-53
-46
-34
-26
-23
-29
-39
-46
-51
-51
-48
-55
-56
-64
-73
-73
-74
-62
-52
-52
-52
-47
-46
-41
-37
-29
-36
-26
-25
-16
-15
-11
-13
-18
-26
-34
-49
-53
-62
-64
-66
-64
-58
-50
-42
-32
-24
-24
-31
-55
-62
-67
-64
-49
-41
-40
-40
-46
-43
-56
-61
-62
-69
-74
-88
-106
-123
-133
-140
-139
-133
-121
-110
-91
-81
-66
-56
-55
-60
-64
-76
-93
-101
-93
-73
-40
-6
24
42
42
40
37
26
19
9
-2
-8
-16
-25
-30
-39
-38
-52
-58
-63
-73
-88
-109
-130
-147
-157
-157
-144
-124
-96
-78
-57
-43
-35
-37
-34
-36
-30
-27
-28
-38
-39
-58
-69
-66
-66
-57
-47
-44
-37
-29
-20
-10
-6
-2
-1
-7
-5
-3
4
14
23
25
26
22
18
11
1
-11
-19
-34
-29
-41
-42
-47
-61
-71
-85
-89
-84
-76
-64
-55
-47
-43
-38
-32
-32
-28
-26
-29
-34
-35
-42
-39
-36
-39
-44
-45
-48
-47
-37
-25
-16
-12
5
17
29
29
25
17
15
12
11
4
-7
-21
-25
-30
-40
-48
-55
-68
-74
-74
-66
-55
-47
-49
-54
-46
-39
-30
-25
-15
-18
-24
-24
-27
-33
-39
-29
-37
-32
-40
-53
-60
-74
-79
-92
-98
-105
-110
-121
-122
-113
-104
-94
-84
-75
-70
-64
-56
-43
-28
-23
-22
-24
-22
-24
-28
-30
-38
-41
-50
-40
-51
-56
-72
-73
-74
-71
-67
-71
-60
-54
-59
-62
-68
-58
-62
-64
-67
-74
-76
-77
-78
-81
-83
-82
-86
-85
-87
-91
-97
-105
-113
-118
-122
-127
-132
-137
-141
-143
-134
-120
-94
-69
-40
-24
-11
-9
-5
-1
7
15
17
15
12
4
0
-5
-8
-14
-22
-35
-42
-40
-51
-47
-51
-49
-42
-32
-23
-5
5
18
29
31
42
39
33
22
7
0
-1
-2
-10
-24
-32
-50
-60
-62
-69
-68
-66
-74
-83
-97
-116
-131
-144
-145
-150
-153
-149
-137
-124
-116
-113
-112
-113
-112
-107
-104
-97
-93
-88
-89
-81
-80
-72
-71
-66
-58
-48
-48
-32
-30
-28
-18
-26
-33
-50
-58
-62
-64
-57
-53
-35
-28
-18
-20
-16
-19
-25
-29
-34
-41
-44
-47
-53
-59
-67
-70
-81
-75
-69
-65
-61
-62
-55
-47
-48
-47
-55
-47
-40
-41
-39
-45
-55
-63
-78
-87
-93
-95
-93
-84
-87
-83
-86
-95
-105
-109
-100
-79
-54
-36
-18
-11
-12
-23
-33
-47
-55
-54
-45
-35
-19
-11
-12
-9
-6
-1
2
11
13
15
22
28
36
41
40
31
21
9
-2
-14
-30
-42
-56
-56
-58
-55
-51
-43
-45
-37
-45
-51
-60
-66
-64
-63
-48
-31
-20
-23
-25
-35
-48
-62
-68
-72
-72
-78
-88
-94
-96
-91
-86
-85
-86
-87
-93
-102
-108
-110
-106
-100
-87
-73
-57
-48
-47
-49
-50
-49
-49
-56
-63
-65
-73
-80
-87
-92
-90
-82
-71
-58
-51
-32
-15
-2
12
25
34
38
32
22
10
-2
-19
-36
-56
-71
-90
-107
-126
-135
-134
-125
-96
-68
-43
-22
-11
3
16
18
27
25
25
21
19
14
11
7
2
-8
-12
-22
-26
-33
-44
-51
-55
-61
-63
-58
-65
-69
-76
-78
-80
-80
-85
-87
-92
-93
-96
-93
-93
-91
-86
-83
-82
-83
-88
-95
-95
-92
-81
-73
-68
-68
-65
-63
-53
-45
-38
-32
-18
-11
-6
2
4
6
8
4
-6
-8
-12
-6
-8
-9
-15
-22
-32
-42
-49
-55
-63
-60
-66
-72
-72
-66
-71
-58
-55
-53
-64
-62
-71
-63
-66
-71
-70
-73
-74
-71
-69
-70
-65
-60
-59
-61
-53
-39
-38
-41
-41
-45
-39
-39
-50
-47
-43
-47
-41
-37
-28
-24
-19
-20
-20
-21
-23
-28
-31
-29
-26
-29
-24
-18
-23
-22
-26
-30
-20
-18
-10
-15
-21
-22
-31
-41
-43
-55
-57
-63
-66
-72
-73
-80
-83
-80
-72
-74
-67
-65
-65
-56
-63
-70
-75
-78
-73
-57
-48
-41
-39
-32
-28
-22
-14
-14
-10
-13
-1
10
18
30
29
34
28
18
12
0
-4
-11
-19
-27
-36
-45
-49
-61
-71
-74
-79
-83
-89
-93
-97
-108
-112
-117
-122
-134
-143
-150
-152
-149
-146
-137
-128
-118
-110
-109
-102
-100
-92
-89
-84
-74
-63
-43
-27
-10
4
3
4
0
-6
-7
-15
-20
-21
-23
-22
-24
-23
-25
-23
-18
-17
-23
-23
-31
-33
-44
-58
-58
-64
-69
-69
-68
-67
-65
-63
-66
-60
-56
-46
-38
-38
-35
-43
-44
-40
-32
-23
-17
-12
-17
-23
-33
-45
-51
-56
-68
-73
-82
-77
-72
-58
-56
-48
-43
-37
-36
-35
-37
-38
-32
-22
-8
2
3
5
4
11
18
21
19
10
4
4
1
0
-4
-9
-22
-27
-40
-55
-69
-83
-89
-95
-94
-91
-89
-86
-85
-85
-88
-88
-84
-80
-80
-78
-79
-78
-74
-71
-65
-57
-47
-43
-45
-47
-46
-40
-37
-32
-35
-26
-19
-17
-15
-12
-18
-17
-27
-33
-42
-47
-41
-37
-44
-54
-57
-61
-68
-67
-66
-76
-87
-92
-93
-99
-110
-119
-126
-127
-123
-117
-112
-105
-103
-104
-105
-102
-96
-82
-68
-59
-55
-38
-30
-26
-23
-16
-12
-5
-8
1
3
5
8
-1
0
-5
-3
1
5
11
9
9
5
-1
-7
-18
-28
-32
-27
-17
-5
4
7
2
-15
-31
-45
-63
-71
-86
-90
-90
-91
-88
-85
-88
-90
-90
-87
-80
-72
-63
-61
-48
-41
-47
-58
-67
-73
-78
-78
-82
-83
-86
-80
-74
-58
-53
-44
-31
-27
-20
-11
-5
0
0
1
-3
-10
-10
-7
-3
1
7
13
23
24
27
28
27
23
20
14
9
6
7
6
7
6
-5
-17
-38
-56
-73
-90
-102
-113
-122
-126
-131
-128
-130
-134
-133
-136
-131
-125
-116
-115
-115
-118
-116
-118
-115
-112
-109
-103
-103
-106
-114
-121
-129
-134
-141
-145
-150
-156
-158
-152
-138
-119
-94
-78
-54
-29
-10
11
29
41
53
57
55
53
48
42
37
28
19
15
7
3
-5
-11
-16
-18
-16
-10
-8
-8
-11
-5
-5
0
-6
-15
-32
-44
-50
-60
-68
-69
-75
-74
-71
-73
-82
-87
-94
-106
-110
-109
-102
-94
-94
-95
-93
-84
-80
-73
-66
-53
-30
-20
-15
-23
-19
-22
-25
-24
-39
-40
-54
-54
-58
-57
-50
-40
-19
-3
3
7
3
-3
-10
-14
-13
-13
-10
-11
-13
-9
-18
-21
-28
-34
-46
-56
-57
-71
-78
-88
-93
-88
-86
-90
-92
-93
-97
-95
-88
-79
-59
-46
-32
-24
-18
-22
-24
-36
-40
-42
-43
-42
-37
-35
-40
-38
-38
-27
-16
-15
-13
-8
-3
3
6
6
3
0
-1
-4
1
6
11
10
-1
-14
-31
-59
-89
-116
-132
-137
-135
-123
-111
-103
-96
-88
-83
-71
-61
-57
-60
-62
-59
-59
-56
-55
-58
-64
-68
-66
-66
-63
-63
-70
-78
-84
-91
-93
-94
-86
-85
-84
-83
-95
-94
-94
-93
-94
-100
-96
-99
-103
-101
-99
-84
-71
-54
-37
-29
-23
-21
-11
-16
-17
-17
-23
-28
-39
-37
-52
-53
-57
-54
-56
-57
-55
-58
-53
-47
-50
-57
-59
-64
-66
-63
-58
-48
-35
-26
-12
-6
-4
-7
-12
-14
-16
-26
-20
-21
-14
-7
2
9
11
9
5
7
11
15
5
-5
-23
-39
-60
-77
-98
-118
-137
-153
-161
-171
-177
-179
-179
-170
-159
-149
-140
-135
-122
-108
-97
-83
-75
-68
-66
-59
-50
-36
-29
-28
-25
-29
-35
-42
-61
-74
-78
-88
-90
-89
-86
-84
-81
-77
-71
-63
-54
-45
-38
-26
-16
-15
-7
-9
-11
-8
-8
-6
-7
-8
-21
-28
-39
-28
-33
-36
-36
-47
-46
-50
-55
-62
-68
-63
-62
-59
-59
-57
-53
-45
-35
-23
-16
-9
-1
3
-16
-36
-54
-54
-44
-33
-17
2
21
32
36
44
48
59
68
81
89
96
96
95
91
74
52
31
15
11
5
3
-8
-12
-14
-22
-31
-38
-50
-55
-60
-65
-63
-60
-60
-48
-42
-35
-29
-30
-45
-52
-56
-67
-73
-79
-80
-83
-81
-84
-79
-77
-76
-76
-78
-76
-68
-58
-43
-29
-19
-13
-12
-9
-8
-10
-14
-22
-31
-30
-26
-27
-26
-32
-33
-41
-42
-43
-43
-56
-60
-66
-66
-64
-61
-58
-56
-56
-63
-63
-61
-65
-67
-66
-66
-64
-59
-57
-62
-56
-51
-50
-52
-53
-62
-60
-68
-65
-63
-60
-54
-55
-46
-49
-44
-51
-56
-58
-58
-51
-41
-31
-27
-28
-29
-26
-27
-20
-13
-13
-20
-29
-32
-30
-17
-18
-12
-8
-10
-10
-8
-17
-24
-34
-47
-58
-57
-56
-54
-53
-46
-53
-41
-33
-32
-28
-23
-23
-26
-28
-39
-49
-47
-49
-47
-48
-38
-41
-41
-32
-32
-36
-36
-41
-41
-35
-33
-32
-31
-33
-30
-33
-29
-33
-32
-32
-31
-32
-33
-29
-25
-28
-30
-39
-44
-51
-54
-59
-69
-80
-91
-98
-94
-91
-85
-77
-68
-61
-47
-49
-45
-45
-45
-37
-31
-28
-28
-24
-22
-30
-24
-27
-20
-15
-12
-16
-27
-37
-45
-52
-52
-53
-61
-71
-84
-80
-74
-71
-59
-57
-45
-64
-80
-102
-123
-139
-150
-155
-150
-142
-133
-126
-128
-131
-134
-136
-134
-129
-115
-108
-98
-90
-88
-84
-90
-99
-101
-107
-112
-113
-117
-115
-110
-106
-99
-97
-98
-96
-98
-99
-104
-109
-115
-119
-122
-121
-112
-102
-93
-85
-81
-74
-77
-73
-76
-73
-64
-45
-32
-33
-32
-35
-40
-48
-54
-49
-40
-38
-38
-48
-48
-56
-66
-69
-70
-73
-66
-62
-51
-42
-32
-15
-12
-8
-16
-16
-16
-21
-17
-16
-13
-21
-38
-51
-66
-80
-80
-85
-84
-79
-74
-68
-60
-51
-52
-54
-59
-68
-68
-72
-70
-71
-66
-58
-49
-49
-46
-58
-53
-48
-34
-24
-12
-2
4
13
16
17
19
16
18
16
14
16
9
-4
-24
-45
-64
-71
-83
-90
-93
-94
-92
-86
-83
-83
-85
-88
-88
-80
-70
-55
-30
-11
-2
6
0
-12
-30
-45
-48
-44
-34
-23
-20
-24
-27
-39
-47
-62
-64
-71
-70
-72
-72
-80
-78
-77
-75
-80
-87
-91
-89
-85
-86
-83
-77
-82
-80
-84
-85
-93
-105
-104
-102
-85
-70
-49
-32
-20
-13
-7
-6
-6
-4
-9
-13
-12
-13
-13
-16
-29
-35
-46
-56
-60
-75
-86
-101
-112
-109
-101
-90
-75
-63
-56
-47
-50
-46
-45
-44
-39
-34
-29
-21
-10
-5
5
11
16
14
10
9
8
1
-5
-11
-14
-14
-10
-6
-6
-4
-11
-21
-30
-33
-31
-24
-22
-24
-25
-25
-25
-26
-27
-33
-37
-38
-50
-62
-66
-65
-64
-63
-65
-71
-67
-63
-58
-51
-48
-50
-43
-43
-50
-56
-66
-72
-73
-85
-93
-104
-114
-123
-135
-149
-161
-173
-182
-199
-209
-222
-217
-205
-184
-157
-134
-107
-84
-59
-43
-35
-22
-15
-14
-22
-28
-29
-24
-17
-10
-5
-3
-8
-12
-21
-29
-42
-51
-58
-61
-61
-60
-60
-63
-60
-66
-75
-84
-94
-105
-115
-133
-137
-138
-134
-133
-137
-142
-147
-149
-151
-146
-136
-122
-110
-99
-80
-70
-56
-43
-25
-9
9
35
53
73
83
88
86
84
81
78
75
72
66
66
67
61
45
29
10
-1
-19
-24
-20
-19
-25
-25
-30
-37
-50
-65
-68
-77
-81
-94
-107
-127
-137
-144
-148
-154
-158
-160
-148
-142
-133
-122
-110
-98
-83
-63
-45
-31
-29
-21
-29
-24
-21
-22
-20
-12
-8
-15
-17
-19
-22
-24
-27
-29
-22
-20
-10
-4
6
5
3
-1
-4
0
9
18
22
22
19
26
23
16
3
-8
-8
-10
-12
-18
-18
-22
-17
-17
-23
-25
-37
-47
-55
-54
-53
-48
-52
-48
-38
-31
-32
-36
-39
-38
-32
-31
-30
-29
-20
-25
-36
-42
-48
-46
-40
-36
-30
-28
-28
-37
-51
-58
-64
-67
-74
-70
-70
-60
-63
-66
-67
-75
-78
-82
-85
-82
-76
-67
-53
-41
-27
-25
-15
-10
-7
-10
-7
-9
-14
-18
-29
-31
-27
-31
-36
-36
-40
-47
-58
-60
-72
-83
-92
-94
-93
-90
-71
-59
-40
-30
-19
-12
-9
-10
-8
-9
-9
-12
-19
-24
-28
-45
-48
-58
-51
-60
-63
-58
-61
-45
-37
-23
-13
-7
-4
-3
0
2
5
2
-2
-7
-9
-1
14
25
31
23
13
4
1
-1
-5
-14
-19
-17
-14
-7
-4
-11
-18
-33
-31
-48
-53
-60
-68
-75
-83
-79
-86
-81
-74
-63
-48
-26
-2
23
42
46
44
37
27
15
1
-14
-32
-42
-48
-59
-61
-67
-71
-70
-78
-77
-76
-73
-71
-67
-57
-52
-45
-39
-34
-40
-52
-69
-77
-84
-84
-85
-89
-87
-89
-88
-85
-83
-78
-61
-53
-42
-43
-49
-59
-72
-81
-96
-110
-122
-127
-124
-116
-106
-86
-72
-63
-61
-61
-56
-49
-39
-26
-17
-12
-8
2
1
1
2
0
-8
-16
-28
-33
-45
-52
-67
-74
-81
-85
-86
-79
-79
-73
-80
-80
-79
-82
-84
-89
-93
-99
-107
-112
-112
-101
-93
-85
-79
-71
-72
-71
-64
-61
-50
-52
-51
-54
-46
-44
-46
-50
-49
-56
-66
-71
-64
-56
-43
-31
-24
-16
-17
-23
-26
-26
-23
-16
-11
-8
-9
-4
1
11
18
15
11
2
-8
-17
-20
-27
-38
-36
-43
-56
-68
-78
-82
-85
-85
-90
-98
-104
-109
-114
-113
-102
-91
-80
-73
-69
-71
-73
-76
-76
-72
-65
-56
-50
-41
-36
-36
-40
-39
-47
-53
-63
-67
-76
-81
-81
-83
-80
-82
-82
-76
-75
-68
-62
-54
-43
-36
-30
-30
-34
-45
-49
-60
-66
-67
-66
-61
-61
-59
-59
-59
-62
-68
-73
-71
-60
-43
-22
-13
-5
-3
-1
2
4
3
4
5
6
5
1
-11
-20
-29
-34
-38
-27
-23
-10
-4
-2
-3
-6
-2
-1
-2
-3
-2
-1
-2
-5
-11
-9
-12
-11
-9
-16
-23
-27
-29
-33
-40
-49
-58
-65
-74
-90
-108
-127
-141
-151
-160
-167
-173
-178
-184
-188
-188
-176
-151
-115
-74
-35
-3
30
50
65
73
72
71
67
62
53
42
32
20
13
5
3
6
3
4
-1
-4
-17
-30
-42
-53
-62
-72
-73
-82
-87
-90
-92
-92
-96
-97
-100
-97
-95
-90
-81
-71
-61
-53
-46
-35
-25
-15
-7
-6
-3
0
-3
0
-10
-22
-45
-68
-85
-93
-101
-109
-121
-129
-135
-130
-127
-119
-102
-80
-60
-42
-25
-23
-17
-17
-5
3
14
23
28
29
30
25
21
16
10
2
-8
-23
-38
-46
-37
-33
-34
-38
-51
-61
-67
-71
-69
-70
-74
-75
-70
-63
-56
-60
-64
-72
-81
-88
-86
-80
-74
-77
-81
-80
-88
-89
-91
-93
-88
-84
-73
-60
-50
-42
-35
-39
-47
-47
-52
-53
-64
-72
-77
-89
-94
-103
-108
-108
-106
-98
-83
-66
-59
-53
-49
-50
-49
-52
-55
-55
-51
-36
-21
-18
-9
-8
-14
-17
-14
-16
-10
-3
-9
-18
-22
-33
-33
-41
-42
-49
-56
-58
-59
-50
-45
-32
-32
-30
-34
-34
-35
-36
-36
-43
-50
-49
-44
-45
-45
-41
-39
-39
-42
-42
-40
-38
-42
-41
-42
-39
-33
-30
-26
-24
-20
-26
-30
-38
-48
-57
-67
-75
-78
-74
-68
-59
-62
-57
-56
-59
-59
-60
-58
-50
-46
-40
-41
-36
-39
-38
-44
-37
-43
-39
-45
-59
-66
-71
-66
-69
-70
-76
-84
-88
-94
-86
-74
-65
-71
-73
-76
-72
-68
-68
-70
-66
-68
-66
-74
-85
-99
-102
-108
-113
-120
-125
-122
-106
-85
-63
-46
-39
-31
-31
-21
-20
-19
-23
-30
-37
-49
-58
-65
-69
-69
-67
-60
-56
-46
-42
-38
-39
-29
-24
-21
-25
-28
-29
-32
-38
-43
-49
-57
-65
-69
-71
-71
-78
-87
-86
-88
-99
-111
-114
-111
-113
-108
-112
-111
-109
-104
-96
-87
-73
-62
-47
-41
-35
-29
-25
-30
-31
-39
-45
-50
-42
-43
-48
-57
-57
-63
-49
-51
-56
-58
-64
-65
-69
-74
-76
-94
-113
-133
-151
-169
-184
-204
-208
-198
-180
-156
-128
-107
-84
-67
-54
-31
-16
-4
12
31
48
63
73
79
75
65
54
50
51
53
55
55
57
54
47
40
32
21
16
3
-12
-33
-56
-73
-92
-108
-117
-128
-131
-141
-153
-163
-162
-156
-143
-130
-109
-95
-81
-77
-71
-70
-66
-62
-58
-56
-64
-72
-82
-82
-76
-61
-51
-39
-35
-24
-14
-6
0
1
4
11
17
25
28
22
8
0
-16
-18
-33
-42
-53
-54
-53
-57
-59
-55
-41
-30
-8
5
14
20
15
14
5
5
4
6
-2
-7
-15
-24
-30
-29
-36
-33
-35
-28
-30
-39
-43
-46
-42
-30
-10
3
13
8
5
6
18
34
42
45
37
33
23
22
19
11
3
-10
-10
-6
2
5
8
2
-5
-11
-17
-24
-35
-42
-49
-38
-33
-37
-31
-31
-33
-40
-55
-58
-67
-69
-72
-73
-64
-56
-47
-49
-42
-42
-48
-46
-54
-62
-60
-65
-75
-76
-82
-81
-78
-79
-81
-81
-89
-87
-88
-91
-96
-97
-99
-106
-118
-124
-123
-127
-121
-112
-103
-93
-85
-76
-74
-68
-65
-67
-60
-67
-57
-55
-59
-62
-59
-56
-52
-54
-53
-55
-56
-52
-59
-61
-64
-68
-66
-78
-83
-86
-91
-99
-93
-89
-82
-78
-75
-72
-69
-60
-58
-64
-78
-84
-98
-102
-111
-114
-117
-119
-118
-121
-112
-108
-91
-79
-63
-47
-24
-13
-5
-1
-5
-7
0
2
5
7
10
11
13
14
11
15
12
11
7
-5
-11
-18
-35
-36
-41
-46
-42
-36
-40
-42
-43
-47
-42
-43
-33
-22
-24
-22
-33
-36
-43
-43
-41
-33
-28
-31
-35
-39
-48
-58
-76
-84
-90
-95
-89
-81
-64
-55
-47
-41
-38
-26
-24
-21
-18
-25
-31
-35
-30
-22
-26
-13
-12
-13
-16
-17
-19
-17
-26
-24
-20
-33
-34
-49
-56
-66
-82
-92
-104
-114
-107
-101
-94
-82
-76
-62
-59
-60
-54
-57
-54
-59
-60
-53
-51
-47
-48
-56
-55
-58
-75
-95
-113
-113
-109
-115
-119
-127
-128
-123
-115
-109
-105
-105
-105
-103
-101
-101
-95
-93
-83
-69
-47
-36
-20
-11
-4
-5
4
7
22
34
46
56
65
66
68
64
59
52
42
39
37
29
12
-11
-26
-32
-30
-26
-23
-11
-3
0
1
-11
-19
-37
-37
-44
-43
-57
-47
-48
-47
-46
-54
-63
-80
-83
-88
-90
-87
-90
-85
-87
-81
-82
-67
-49
-31
-17
-13
-20
-20
-20
-18
-21
-15
-24
-19
-22
-21
-25
-32
-38
-37
-30
-23
-21
-18
-18
-19
-21
-30
-36
-35
-35
-26
-29
-30
-33
-40
-43
-49
-57
-62
-73
-83
-91
-100
-113
-120
-126
-123
-120
-117
-118
-124
-132
-138
-142
-150
-155
-161
-162
-155
-145
-130
-115
-103
-98
-91
-86
-83
-68
-58
-51
-36
-24
-14
-5
-5
-8
-3
-1
2
5
3
-9
-19
-33
-38
-40
-37
-47
-54
-63
-73
-85
-90
-89
-82
-73
-60
-54
-50
-46
-47
-51
-54
-60
-53
-57
-56
-52
-58
-51
-58
-61
-61
-60
-58
-62
-66
-72
-76
-83
-86
-80
-68
-51
-41
-36
-47
-54
-71
-81
-96
-104
-107
-105
-97
-87
-74
-70
-64
-56
-52
-47
-39
-32
-22
-38
-45
-55
-61
-64
-59
-53
-44
-45
-39
-33
-14
-2
0
-5
-11
-19
-22
-23
-28
-37
-53
-73
-92
-103
-108
-110
-110
-115
-117
-122
-124
-126
-131
-136
-137
-127
-115
-101
-91
-74
-52
-30
-18
-7
1
11
22
31
41
45
56
64
60
50
35
20
9
-2
-15
-19
-24
-30
-31
-33
-31
-35
-40
-41
-46
-51
-51
-53
-48
-40
-42
-41
-43
-49
-47
-41
-48
-54
-78
-97
-113
-125
-134
-130
-127
-118
-123
-133
-141
-145
-132
-114
-99
-93
-93
-99
-104
-115
-122
-128
-132
-131
-127
-122
-117
-115
-107
-102
-101
-105
-111
-122
-129
-140
-150
-157
-163
-169
-176
-179
-183
-186
-190
-191
-189
-186
-179
-167
-150
-134
-112
-92
-64
-38
-18
0
15
25
25
21
12
5
-1
-3
-11
-7
-15
-22
-24
-27
-28
-21
-8
0
2
3
4
6
16
25
36
38
37
23
19
16
27
31
42
44
47
50
51
48
42
30
17
12
2
-2
2
-6
-4
-7
-7
0
-7
-9
-12
-13
3
14
28
38
47
49
51
41
32
-29
