17
22
19
21
10
10
4
11
28
46
71
66
72
52
14
-10
-38
-58
-56
-72
-77
-93
-108
-113
-125
-142
-148
-150
-140
-137
-140
-127
-112
-87
-90
-109
-126
-122
-113
-102
-91
-80
-68
-48
-28
-18
-14
-12
-4
2
6
7
9
13
21
29
36
26
8
-16
-21
-23
-14
-19
-8
-1
11
3
-7
-17
-18
1
14
27
40
53
64
77
91
101
100
86
84
78
76
73
75
84
77
65
33
10
-13
-30
-52
-72
-74
-70
-61
-62
-62
-70
-79
-72
-78
-65
-42
-24
-17
-9
-25
-22
-11
4
32
36
50
66
64
62
63
70
77
78
58
48
34
29
31
18
17
4
0
-5
-10
-17
-30
-44
-44
-50
-52
-48
-45
-66
-78
-79
-77
-81
-88
-103
-109
-111
-101
-87
-72
-66
-63
-64
-48
-29
-12
4
12
36
37
33
22
12
14
22
29
30
37
43
44
39
33
25
24
30
37
54
50
52
37
21
11
11
13
11
5
-2
-9
-2
-8
-6
-15
-20
-20
-18
0
26
47
33
25
22
41
64
77
71
67
65
72
87
81
81
55
38
8
-11
-15
-33
-55
-89
-113
-111
-93
-76
-61
-53
-47
-47
-34
-21
1
20
25
13
-2
4
-1
2
-12
-26
-37
-44
-42
-23
-11
19
47
73
94
117
119
114
96
82
83
84
92
84
57
37
25
11
13
-3
-27
-60
-85
-115
-140
-185
-199
-206
-191
-169
-159
-166
-180
-195
-216
-224
-247
-246
-229
-205
-185
-171
-156
-129
-96
-58
-21
10
26
20
19
4
-4
-5
-1
18
17
14
-6
-20
-31
-32
-30
-38
-33
-27
-21
-19
-17
-8
-2
8
16
14
20
15
1
-14
-33
-42
-51
-55
-62
-64
-64
-54
-47
-49
-48
-47
-51
-59
-55
-47
-39
-38
-32
-45
-43
-51
-71
-82
-92
-89
-73
-57
-40
-30
-14
2
21
41
38
45
20
4
-11
-11
-4
12
36
68
94
120
124
128
111
115
122
130
152
139
143
139
128
114
102
99
104
95
84
73
68
69
70
66
52
48
38
31
24
12
-4
-9
-10
-6
-21
-24
-25
-31
-35
-37
-34
-24
-17
-3
-3
-8
-9
-9
-9
-8
-15
-27
-40
-45
-37
-38
-43
-42
-41
-26
-16
-17
-20
-27
-30
-28
-21
-14
-27
-37
-50
-52
-65
-67
-66
-55
-43
-33
-28
-24
-21
-16
-12
-17
-26
-32
-58
-70
-75
-79
-82
-85
-85
-84
-92
-100
-120
-138
-142
-143
-151
-152
-159
-148
-133
-126
-116
-116
-121
-118
-110
-98
-74
-68
-62
-55
-36
-33
-15
-21
-15
-24
-29
-23
-17
2
17
30
41
44
65
78
83
69
50
30
16
1
-14
-11
0
-2
-19
-49
-67
-85
-101
-105
-107
-96
-74
-60
-49
-41
-39
-35
-42
-54
-71
-78
-81
-62
-67
-72
-78
-78
-58
-49
-37
-28
-21
-22
-27
-31
-40
-34
-46
-57
-57
-63
-68
-58
-44
-15
-1
17
18
25
35
48
54
58
67
58
50
28
13
-8
-18
-25
-29
-35
-47
-59
-81
-86
-79
-76
-73
-75
-79
-63
-70
-59
-56
-52
-47
-54
-68
-66
-60
-37
-21
-10
0
24
44
63
78
74
66
56
53
58
62
57
51
48
37
19
11
22
20
20
5
-14
-25
-40
-47
-51
-62
-77
-83
-88
-81
-88
-104
-121
-128
-133
-125
-123
-117
-109
-104
-93
-87
-93
-91
-94
-94
-103
-111
-99
-72
-35
-13
0
9
4
6
8
12
8
13
28
60
88
95
92
94
95
98
97
97
87
68
53
52
44
32
10
-19
-39
-73
-92
-101
-94
-101
-104
-117
-112
-102
-105
-108
-101
-89
-67
-52
-50
-44
-49
-46
-24
8
42
60
59
65
61
65
70
70
72
80
65
51
45
54
79
96
123
143
170
173
162
129
92
64
66
77
94
104
98
82
75
64
55
51
49
59
57
79
83
91
83
62
43
19
7
1
13
25
47
57
62
66
51
33
15
0
4
12
24
35
42
40
52
44
43
33
34
35
40
55
54
60
42
28
9
-5
-1
-1
15
36
45
46
40
31
20
6
-9
-11
-16
-7
-13
-22
-30
-31
-28
-30
-40
-50
-58
-69
-67
-77
-77
-84
-69
-58
-43
-41
-32
-27
-17
-11
-27
-49
-64
-79
-76
-68
-62
-57
-52
-46
-41
-37
-29
-17
-7
6
19
31
38
58
59
57
43
39
28
23
4
-12
-30
-36
-35
-25
-16
-12
-19
-38
-57
-68
-71
-67
-60
-55
-66
-62
-86
-89
-91
-87
-81
-86
-76
-64
-47
-31
-25
-26
-33
-37
-47
-58
-71
-81
-85
-89
-93
-106
-111
-100
-83
-63
-44
-25
-15
-7
-7
-6
-13
-32
-48
-64
-69
-68
-65
-43
-18
5
20
17
7
-11
-23
-44
-55
-57
-59
-47
-46
-39
-30
-18
-14
-21
-32
-39
-39
-35
-20
-25
-26
-23
-7
10
40
55
62
40
18
-1
-28
-44
-52
-73
-86
-115
-118
-124
-110
-107
-97
-93
-85
-83
-93
-93
-101
-99
-100
-101
-91
-94
-91
-100
-96
-81
-50
-30
-19
-25
-23
-28
-25
-26
-22
-11
6
34
48
58
59
56
52
46
34
13
9
3
2
-1
1
-1
-3
-16
-38
-50
-56
-63
-71
-78
-72
-49
-31
-31
-45
-47
-50
-43
-49
-53
-69
-69
-67
-74
-78
-64
-49
-26
-5
-3
-9
-17
-25
-7
22
44
58
56
45
36
11
3
-12
-18
-37
-37
-38
-16
11
45
63
67
60
59
49
43
20
10
-1
-2
7
1
-7
-27
-37
-41
-51
-62
-72
-62
-50
-38
-20
-18
-8
-24
-29
-46
-69
-83
-91
-82
-78
-80
-70
-75
-59
-58
-51
-49
-60
-69
-74
-68
-43
-24
-3
-15
-16
-15
-17
-19
-29
-27
-5
22
52
77
91
76
58
40
25
16
1
4
6
-7
-25
-39
-53
-51
-52
-60
-70
-81
-88
-75
-55
-35
-12
-16
-12
-16
-6
12
35
52
69
67
69
62
59
68
72
69
50
22
-18
-46
-49
-39
-33
-35
-63
-79
-95
-88
-83
-66
-47
-26
-20
1
11
32
33
35
28
33
37
42
46
48
53
48
43
34
47
54
70
85
94
92
71
44
13
-16
-32
-49
-60
-88
-112
-139
-144
-142
-150
-149
-148
-152
-160
-159
-155
-129
-114
-92
-64
-29
-16
-18
-18
-29
-30
-31
-42
-33
-1
9
40
53
57
62
62
84
87
71
45
16
-15
-45
-53
-53
-29
-25
-29
-39
-46
-51
-68
-81
-83
-77
-62
-41
-17
8
23
22
30
34
61
67
65
73
73
77
70
57
59
62
67
80
87
88
90
91
96
98
102
100
91
93
88
84
71
54
30
0
-29
-59
-79
-94
-110
-123
-132
-133
-133
-143
-144
-139
-134
-127
-130
-126
-134
-136
-142
-139
-125
-100
-79
-53
-39
-18
-22
-31
-35
-19
-2
4
-2
-22
-36
-33
-36
-44
-53
-59
-54
-46
-33
-23
-25
-25
-32
-34
-37
-31
-32
-28
-23
-31
-43
-50
-47
-47
-51
-59
-54
-53
-39
-30
-31
-38
-48
-52
-55
-51
-53
-48
-39
-29
-22
-18
-1
18
30
30
24
24
23
26
19
24
38
60
71
77
65
65
59
55
49
28
17
12
12
22
20
35
33
27
18
1
-2
-8
-19
-22
-17
-2
26
35
29
35
39
47
65
80
94
102
113
126
130
150
135
136
143
149
164
163
166
183
171
154
129
89
71
49
36
22
11
-3
-13
-34
-36
-49
-70
-91
-98
-104
-87
-87
-80
-76
-78
-72
-80
-88
-90
-73
-71
-62
-51
-52
-45
-38
-34
-26
-22
-14
-11
2
31
49
54
49
44
54
51
43
30
28
44
58
67
69
71
77
68
55
44
30
27
24
16
7
10
13
3
-4
-25
-40
-43
-42
-35
-33
-29
-35
-43
-57
-60
-63
-69
-82
-93
-106
-113
-112
-112
-122
-137
-144
-153
-145
-133
-117
-105
-94
-84
-67
-52
-42
-25
-28
-32
-30
-30
-15
-12
-12
-16
-20
-18
-12
-10
-13
-17
-27
-23
-36
-39
-49
-50
-57
-69
-72
-75
-82
-97
-114
-118
-110
-110
-114
-117
-114
-102
-92
-89
-95
-89
-84
-75
-74
-70
-52
-36
-36
-45
-62
-69
-90
-110
-115
-118
-115
-119
-115
-104
-96
-73
-53
-36
-20
-8
9
29
39
64
75
95
110
115
126
124
127
125
129
126
118
101
88
66
36
18
5
2
8
13
21
12
-20
-49
-69
-70
-48
-37
-36
-35
-41
-31
-21
-11
-7
-12
-16
-21
-37
-61
-78
-91
-99
-80
-70
-48
-40
-37
-51
-55
-53
-23
3
27
35
31
20
6
11
1
-4
-21
-41
-41
-45
-48
-59
-63
-62
-61
-61
-58
-54
-56
-72
-80
-93
-85
-67
-32
-21
-9
-13
-14
-1
6
20
27
44
57
72
77
86
83
85
74
66
59
55
51
50
39
45
54
58
55
41
42
54
72
56
34
3
3
-3
-13
-15
8
30
56
64
36
13
-4
-18
-26
-32
-16
-1
19
34
31
22
24
32
40
38
29
29
23
23
15
10
0
7
17
24
25
23
27
37
56
61
57
44
28
15
7
8
5
3
-10
-17
-22
-43
-53
-67
-68
-71
-77
-83
-81
-67
-54
-30
-9
6
16
26
36
38
13
-2
-25
-37
-43
-31
-30
-32
-29
-24
-8
6
12
13
7
-6
-18
-30
-38
-34
-40
-43
-47
-42
-35
-31
-27
-23
-18
-16
-23
-42
-56
-56
-59
-66
-80
-89
-104
-100
-110
-110
-131
-140
-146
-141
-135
-119
-103
-74
-43
-34
-27
-48
-64
-85
-97
-111
-118
-124
-127
-128
-131
-131
-119
-106
-87
-70
-59
-56
-49
-37
-34
-25
-22
-19
-23
-32
-38
-41
-43
-44
-61
-84
-106
-127
-135
-145
-135
-131
-115
-94
-66
-41
-12
16
62
106
141
142
126
110
109
124
147
152
165
155
143
137
128
121
120
113
117
118
119
98
83
75
62
50
23
-1
-39
-68
-85
-90
-105
-132
-158
-170
-167
-162
-153
-147
-140
-129
-117
-96
-68
-47
-34
-27
-20
-20
-16
-8
7
12
24
39
51
63
68
69
68
70
80
98
114
131
121
110
86
44
-18
-81
-116
-116
-96
-101
-136
-191
-236
-257
-261
-247
-221
-199
-179
-169
-154
-145
-132
-132
-121
-100
-81
-63
-57
-61
-51
-46
-35
-28
-6
6
34
28
16
3
2
8
25
27
31
19
1
-3
2
-5
-22
-39
-47
-35
-13
-10
-15
-20
-31
-27
-26
-29
-27
-41
-55
-63
-85
-101
-103
-86
-84
-88
-102
-108
-105
-104
-92
-75
-46
-43
-30
-30
-23
-16
-29
-34
-36
-48
-52
-35
-14
12
27
40
41
28
21
18
17
35
47
58
63
58
54
40
35
47
60
81
76
67
57
34
19
10
6
7
3
-14
-15
-20
-40
-58
-74
-83
-78
-73
-54
-53
-61
-65
-63
-49
-44
-50
-53
-54
-42
-48
-48
-33
-16
-10
-21
-21
-25
-18
2
15
38
52
60
56
35
31
35
47
61
60
68
74
76
84
86
86
76
55
43
41
47
45
36
40
46
57
71
59
44
25
19
20
20
17
-8
-25
-22
-10
4
8
4
9
3
6
8
-10
-7
-16
-18
-17
-15
-18
-14
-33
-41
-52
-61
-58
-68
-72
-73
-62
-57
-68
-70
-65
-60
-43
-37
-28
-6
-1
15
34
58
94
116
134
146
139
131
120
118
119
113
101
85
53
24
2
-8
-18
-31
-58
-75
-82
-83
-91
-87
-88
-92
-105
-105
-100
-82
-77
-76
-76
-95
-97
-116
-127
-137
-142
-141
-152
-157
-160
-156
-143
-124
-100
-85
-86
-100
-105
-94
-74
-68
-71
-81
-80
-76
-76
-55
-34
-20
-11
-16
-23
-36
-38
-21
-10
-3
-18
-28
-26
-25
-2
10
28
30
23
30
41
48
47
37
25
19
11
18
24
23
19
10
-14
-25
-34
-39
-42
-43
-39
-36
-35
-45
-37
-40
-40
-41
-40
-44
-59
-72
-68
-49
-22
-11
13
25
36
46
57
62
67
67
59
57
46
36
30
7
-3
-32
-72
-86
-92
-91
-94
-100
-110
-109
-117
-125
-137
-148
-169
-169
-157
-134
-108
-96
-82
-70
-55
-42
-34
-26
-21
-21
-26
-25
-37
-53
-56
-48
-31
-8
-5
-10
-5
-6
-6
-17
-33
-57
-81
-84
-81
-62
-47
-35
-20
-10
-24
-22
-28
-23
-19
-4
-1
3
7
11
18
32
49
60
101
120
134
143
148
157
170
167
174
172
169
170
147
128
105
81
66
50
42
38
25
9
-11
-29
-35
-38
-29
-26
-33
-62
-89
-103
-109
-105
-104
-95
-78
-82
-88
-89
-76
-71
-47
-34
-13
8
11
5
0
9
13
13
12
11
14
21
18
15
13
1
6
10
20
34
39
14
2
-16
-14
-4
11
17
23
30
30
20
0
-7
-13
-20
-27
-25
-20
2
9
7
-2
-17
-28
-39
-56
-52
-58
-60
-48
-46
-21
-6
1
13
10
15
23
7
-1
-10
-13
-5
-13
-7
-5
-15
-24
-44
-52
-51
-59
-68
-68
-50
-20
-4
1
-10
-28
-40
-34
-21
18
41
61
73
97
114
119
121
120
119
109
105
114
147
183
211
210
195
184
164
144
123
110
119
125
143
142
134
105
70
30
-6
-26
-39
-37
-35
-26
-15
0
9
11
-15
-36
-61
-73
-93
-103
-121
-121
-104
-74
-54
-43
-46
-39
-53
-75
-101
-117
-108
-93
-85
-88
-79
-75
-64
-57
-48
-56
-69
-77
-70
-43
-23
7
25
36
45
30
13
-23
-46
-53
-66
-61
-79
-91
-90
-90
-76
-84
-100
-102
-119
-120
-119
-117
-114
-91
-69
-44
-32
-26
-37
-42
-47
-59
-56
-64
-61
-63
-52
-36
-19
-7
2
20
31
19
13
-5
-16
-13
-5
5
16
25
28
18
14
14
12
16
6
1
0
2
13
16
24
33
28
-1
-27
-44
-46
-45
-37
-46
-49
-58
-48
-60
-78
-90
-96
-92
-79
-82
-77
-72
-59
-39
-32
-19
-5
15
21
25
6
7
16
14
14
4
-17
-28
-39
-55
-62
-83
-83
-76
-70
-56
-45
-42
-43
-59
-60
-52
-44
-30
-33
-33
-35
-23
-19
-13
2
-4
1
8
-2
-2
-5
10
27
26
9
-12
-26
-27
-33
-42
-49
-47
-63
-73
-96
-101
-93
-84
-77
-77
-77
-66
-54
-46
-37
-9
18
46
59
58
59
61
72
92
115
131
143
137
132
154
169
190
202
216
223
231
228
219
211
198
161
120
75
39
22
0
-30
-54
-95
-133
-160
-188
-201
-206
-202
-191
-185
-170
-155
-142
-132
-125
-129
-127
-115
-107
-95
-92
-93
-92
-86
-75
-63
-68
-75
-84
-99
-121
-130
-137
-131
-125
-132
-119
-109
-93
-92
-82
-63
-38
-23
-26
-29
-28
-35
-35
-37
-43
-29
-17
-8
-8
-20
-34
-43
-42
-26
-3
15
34
40
38
24
24
11
-3
-9
-18
-29
-41
-46
-49
-43
-36
-34
-30
-21
-21
-29
-42
-53
-52
-40
-34
-30
-35
-38
-31
-43
-52
-55
-53
-45
-28
-13
-9
-4
-4
5
22
32
30
27
24
35
36
39
50
60
73
91
106
125
128
114
108
100
90
76
46
2
-39
-65
-70
-70
-62
-76
-93
-112
-142
-149
-168
-175
-182
-187
-187
-183
-175
-161
-160
-162
-163
-141
-104
-75
-55
-47
-38
-34
-24
-15
5
17
42
53
78
84
70
33
-11
-31
-52
-58
-60
-52
-49
-44
-38
-41
-37
-29
-12
-3
-5
-16
-28
-46
-26
-2
22
58
91
115
128
139
132
123
107
91
76
65
68
80
86
86
66
42
16
-21
-61
-93
-125
-131
-137
-132
-125
-111
-99
-86
-98
-143
-173
-163
-128
-80
-52
-20
5
40
62
61
35
-2
-14
-4
19
27
18
27
51
75
104
100
90
67
43
33
21
9
6
25
48
76
94
89
77
35
-1
-38
-56
-60
-48
-29
-4
-2
2
0
-21
-61
-123
-159
-169
-160
-144
-120
-86
-66
-54
-50
-49
-39
-31
-10
7
26
47
48
41
40
36
43
44
44
37
36
16
-3
-23
-18
-4
4
18
35
34
19
-1
-39
-50
-42
-33
-16
3
-11
-21
-36
-41
-27
-12
-8
-8
-25
-39
-47
-35
-20
0
9
18
26
18
22
15
35
64
83
88
91
77
67
48
53
60
55
58
40
30
22
26
42
57
69
66
58
38
28
25
27
29
30
29
23
15
4
-16
-20
-15
-10
19
33
51
74
77
82
72
48
42
28
10
11
-4
-1
-5
1
11
11
8
4
9
12
3
-10
-17
-14
10
13
4
-2
-11
-6
3
-3
10
13
23
33
35
41
33
17
3
-15
-29
-39
-39
-39
-39
-38
-25
-21
-13
-9
-12
-15
-24
-23
-33
-42
-56
-76
-94
-91
-95
-84
-71
-53
-41
-34
-33
-30
-33
-33
-41
-45
-54
-52
-37
-25
-7
-20
-38
-45
-51
-43
-35
-35
-28
-25
-31
-30
-36
-31
-20
-16
-29
-56
-69
-77
-57
-47
-49
-43
-49
-43
-49
-48
-44
-36
-46
-51
-59
-58
-63
-52
-47
-39
-37
-33
-36
-35
-45
-44
-44
-19
2
19
26
19
15
0
-6
-23
-28
-34
-40
-32
-58
-77
-91
-86
-56
-30
-5
16
25
28
21
18
27
23
4
-15
-32
-47
-46
-41
-25
-3
3
5
14
25
41
39
16
5
-5
-21
-32
-41
-36
-38
-38
-50
-57
-68
-74
-69
-56
-33
-30
-36
-33
-21
-12
-5
1
18
9
5
-3
-9
-24
-22
-14
1
15
33
42
58
47
26
10
-3
9
16
25
37
30
36
21
24
15
12
16
10
3
2
9
18
20
15
11
18
26
38
24
11
-6
-25
-51
-63
-60
-47
-29
-21
12
28
40
34
18
6
-1
-24
-65
-99
-101
-89
-70
-41
-29
-13
-14
-11
-11
-11
-13
-14
-14
-8
-15
-17
-20
-11
4
15
34
52
53
62
70
73
71
57
50
51
53
63
52
59
41
14
-11
-35
-25
-15
0
12
29
3
-28
-56
-59
-49
-37
-31
-29
-28
-27
-25
-8
6
9
-5
-18
-29
-38
-44
-49
-49
-25
-18
-12
-15
-27
-12
-17
-23
-23
-35
-44
-41
-28
-14
0
8
19
33
20
1
-15
-43
-50
-63
-69
-72
-67
-66
-55
-28
-20
-22
-36
-42
-53
-57
-71
-92
-111
-134
-138
-129
-111
-98
-84
-83
-74
-57
-56
-31
-4
13
19
12
2
1
-6
3
5
9
17
6
-12
-42
-62
-75
-80
-74
-55
-41
-23
-11
-7
-5
-7
-24
-35
-48
-51
-56
-65
-68
-73
-73
-75
-71
-63
-56
-53
-52
-52
-55
-68
-85
-110
-112
-104
-100
-91
-86
-72
-50
-27
-17
-10
-3
-2
-18
-38
-64
-79
-89
-84
-71
-56
-50
-46
-42
-35
-11
19
44
51
50
41
23
1
-20
-34
-29
-27
-25
-19
-14
9
18
20
15
10
-9
-25
-33
-49
-64
-72
-75
-69
-69
-67
-76
-54
-37
-11
10
37
68
88
109
123
131
123
128
121
125
122
119
122
127
133
127
113
107
95
71
42
18
24
40
43
39
12
-6
-10
-3
5
-1
-21
-55
-89
-115
-141
-166
-185
-186
-174
-158
-138
-115
-102
-80
-71
-65
-58
-60
-69
-90
-116
-157
-191
-227
-240
-240
-233
-217
-191
-152
-110
-72
-55
-47
-41
-39
-44
-67
-90
-106
-112
-107
-96
-84
-50
-27
-1
17
36
53
60
66
75
81
83
77
71
58
44
32
12
11
17
36
45
38
40
51
67
75
61
41
29
16
10
8
6
10
13
26
13
19
5
14
13
16
33
58
72
65
52
28
14
4
-17
-31
-25
-21
-16
-24
-32
-34
-33
-31
-15
-17
-24
-55
-78
-96
-107
-103
-103
-91
-87
-81
-69
-65
-56
-75
-98
-139
-177
-203
-207
-186
-160
-129
-92
-72
-81
-102
-121
-147
-160
-161
-143
-112
-84
-69
-52
-42
-21
-15
-4
1
-3
-9
8
44
91
119
127
110
75
28
-9
-43
-60
-64
-40
-15
20
44
48
39
6
-27
-56
-77
-89
-85
-61
-14
29
50
35
1
-34
-65
-53
-28
4
51
86
126
136
144
120
93
60
34
14
5
10
33
47
81
73
51
5
-20
-44
-63
-63
-71
-57
-49
-42
-69
-86
-102
-86
-59
-34
-9
4
35
43
44
25
-2
-26
-47
-52
-54
-34
-26
-19
-21
-39
-64
-77
-74
-54
-50
-40
-35
-24
-14
2
25
52
68
47
34
43
46
56
54
41
28
14
5
14
21
38
49
47
39
27
29
41
59
60
44
24
4
-3
-19
-36
-49
-48
-50
-51
-55
-59
-74
-90
-116
-119
-120
-116
-115
-113
-114
-107
-92
-76
-63
-62
-53
-45
-35
-39
-36
-44
-40
-22
-15
-7
-17
-12
-8
6
19
23
24
17
13
9
2
-7
-20
-34
-28
-16
3
27
45
60
64
62
68
67
59
48
29
16
4
-17
-32
-50
-50
-34
-16
3
21
33
37
44
30
25
14
-12
-34
-51
-68
-55
-54
-52
-70
-90
-97
-92
-86
-84
-76
-71
-59
-34
11
37
62
53
45
47
60
72
69
57
54
50
31
18
10
23
30
37
37
34
42
56
70
74
70
52
24
1
-11
-25
-30
-49
-59
-74
-81
-100
-109
-117
-114
-112
-114
-106
-91
-74
-57
-39
-21
-7
17
24
28
37
46
75
89
92
72
44
16
13
8
11
17
16
19
9
-5
-17
-29
-44
-55
-74
-107
-122
-120
-105
-76
-56
-63
-74
-95
-93
-84
-75
-75
-84
-84
-81
-60
-45
-18
-3
2
7
6
2
-6
4
16
36
42
35
10
13
23
39
52
67
86
104
105
107
108
100
97
93
78
67
47
53
56
48
38
25
24
44
35
21
10
14
33
53
70
66
69
65
51
13
-25
-39
-29
-23
-28
-43
-44
-51
-31
-46
-47
-36
-37
-24
-14
-5
12
16
13
2
-2
-2
24
22
26
30
34
37
36
30
29
27
25
-110
