3
8
-19
-43
-61
-71
-83
-116
-138
-177
-195
-215
-209
-189
-157
-131
-104
-64
-44
-19
-18
-12
-35
-46
-43
-41
-52
-56
-67
-49
-26
-22
-11
-1
18
42
31
34
51
66
80
96
109
111
95
72
53
41
39
24
-7
-12
-24
-17
-21
-16
-44
-50
-35
-17
1
12
23
39
66
99
125
149
158
147
124
89
54
19
-15
-34
-52
-43
-28
2
8
7
-7
5
28
43
46
31
10
16
51
65
68
32
-15
-61
-64
-48
-43
-32
-43
-76
-106
-138
-123
-97
-74
-50
-36
-31
-40
-60
-50
-37
-16
-17
1
22
23
-2
-12
-17
-2
-16
-13
3
3
13
25
21
-6
-8
-17
-17
-11
-9
-14
-23
-40
-39
-29
-35
-24
-29
-44
-46
-47
-31
-4
32
89
112
108
92
59
49
45
66
74
85
73
44
8
-9
-13
-5
-2
5
27
42
65
68
74
85
110
118
105
83
61
40
62
77
84
63
4
-53
-108
-130
-101
-74
-51
-44
-44
-47
-46
-31
-21
-14
-19
-20
-26
-15
7
-7
-39
-59
-77
-50
-23
-9
-4
5
17
22
4
-6
-31
-57
-83
-120
-109
-96
-66
-40
-32
-30
-21
-12
-21
-11
-19
-28
-16
-18
-21
-35
-52
-63
-82
-77
-74
-59
-60
-65
-69
-48
-11
35
57
44
40
19
15
17
22
9
8
-26
-38
-69
-74
-66
-49
-20
-8
12
17
19
39
46
41
51
64
86
107
90
73
63
84
66
31
8
-2
0
-6
-36
-29
-24
-4
-6
2
25
57
104
99
102
84
71
47
16
-1
7
13
23
0
-13
-20
-37
-61
-69
-84
-88
-71
-36
-4
-1
-4
-1
1
4
12
6
-6
-31
-55
-64
-66
-58
-79
-83
-57
-41
-22
-29
-25
-27
-25
-12
-15
-50
-86
-95
-98
-85
-94
-100
-87
-52
-35
-14
-3
1
-5
-24
-45
-51
-78
-94
-100
-81
-54
-25
-23
-26
-49
-42
-44
-30
-22
-29
-32
-59
-67
-67
-66
-38
-19
-21
-24
-19
-28
-21
15
43
61
36
-3
-15
-14
-1
-15
-23
-33
-13
-12
-16
-31
-43
-54
-70
-80
-103
-99
-78
-43
-28
-30
-41
-42
-44
-33
-30
-48
-45
-68
-62
-23
6
13
-27
-51
-70
-69
-64
-75
-86
-102
-85
-74
-69
-72
-52
-22
-11
-8
-1
16
36
59
50
38
22
13
-6
-26
-54
-46
-30
-1
-8
-18
-28
-6
29
58
81
111
124
119
104
56
16
-8
-40
-52
-48
-41
-20
9
20
44
65
85
111
92
56
47
61
62
68
58
33
34
30
26
44
66
79
83
51
15
-1
-6
22
34
42
45
49
18
-15
-38
-67
-79
-100
-91
-57
-18
8
1
-1
-13
1
-21
-56
-103
-125
-138
-123
-103
-101
-99
-104
-104
-121
-130
-119
-104
-38
15
50
47
9
-6
-16
-38
-52
-68
-92
-87
-62
-24
12
36
42
17
-5
-42
-56
-36
-11
5
9
2
-1
-3
-4
-11
-30
-64
-72
-80
-68
-56
-13
14
28
41
51
63
66
75
73
63
41
4
-38
-78
-88
-106
-83
-42
-12
-20
-35
-38
-9
54
110
150
139
92
43
-1
-18
-42
-75
-96
-116
-117
-103
-68
4
59
73
63
43
45
45
64
77
51
36
7
4
6
17
17
49
73
71
49
19
4
-7
-22
-20
-8
-3
-33
-44
-54
-42
-6
14
37
53
37
17
-1
13
41
37
19
-4
-37
-56
-31
8
50
61
37
15
22
22
9
-21
-28
-7
16
37
68
80
71
46
5
-29
-32
-44
-41
-45
-48
-35
-62
-79
-69
-43
-22
-27
-49
-54
-47
-41
-37
-50
-46
-54
-72
-71
-50
-41
-40
-40
-14
22
32
39
9
-3
-22
-34
-47
-61
-81
-104
-105
-81
-47
-33
-32
-29
-8
26
60
50
14
-17
-19
4
33
67
79
71
42
5
-24
-41
-32
-24
-10
7
1
-14
-31
-53
-42
-21
8
33
5
-15
-26
-26
-32
-33
-15
-6
19
3
-15
-43
-39
-37
-32
-40
-37
-26
4
28
48
47
34
39
32
34
27
13
-11
-20
-25
-12
3
21
30
39
45
41
21
12
14
31
6
-16
-25
-35
-26
-23
-16
-16
-16
-20
-43
-44
-44
-28
-12
-2
23
41
42
19
-1
-19
-19
-35
-64
-96
-96
-98
-84
-39
-16
4
-21
-31
-46
-35
-5
35
65
84
74
45
17
-5
-18
-20
-23
-39
-59
-53
-31
-15
-24
-53
-48
-30
12
28
46
30
31
23
9
-12
-42
-90
-115
-108
-89
-82
-78
-54
-22
-10
-5
-5
5
15
12
8
17
38
57
70
45
12
-29
-54
-32
-34
-21
-38
-36
-35
-18
-14
-3
-3
-6
-4
-32
-40
-31
-21
-30
-49
-44
-47
-56
-66
-35
-4
31
15
-30
-64
-60
-61
-30
-17
-17
-30
-35
2
81
111
104
70
51
62
63
43
14
-14
-15
-16
11
42
57
49
43
43
55
43
28
5
-37
-38
-48
-27
-24
-17
-8
10
48
78
76
60
49
18
-4
-41
-78
-91
-83
-51
-35
-22
-7
17
37
18
-6
-18
6
62
72
41
-9
-25
-46
-53
-48
-72
-68
-59
-49
-40
-31
-32
-18
-19
-15
5
13
10
-18
-43
-59
-42
-20
-13
0
2
9
22
57
91
97
65
9
-61
-86
-82
-25
40
74
68
17
-48
-81
-99
-112
-134
-119
-96
-57
-22
-6
7
17
9
-10
-31
-24
-21
-27
-65
-103
-137
-139
-113
-84
-52
-23
17
61
104
149
160
133
82
39
26
36
46
39
26
14
2
-24
-40
-34
-33
-51
-83
-111
-115
-125
-84
-32
2
5
-6
-26
-20
-32
-55
-76
-89
-98
-107
-88
-73
-67
-62
-54
-20
-23
-1
15
5
2
-29
-45
-58
-59
-50
-25
20
56
65
39
9
-3
-14
-18
0
22
56
74
49
15
-20
-33
-33
-13
11
40
48
45
43
42
43
63
80
82
82
97
125
157
159
161
134
121
114
102
108
121
120
111
74
62
34
18
7
7
7
-1
-2
6
54
89
94
61
39
37
26
-13
-56
-59
-33
5
40
37
25
-6
-37
-41
-37
-19
-21
-25
-25
-12
3
22
43
38
29
13
2
-20
-41
-56
-68
-56
-44
-32
-53
-72
-101
-109
-106
-94
-78
-39
5
16
-13
-50
-55
-40
-47
-61
-67
-85
-82
-71
-47
-31
-17
-20
-33
-28
-23
-39
-50
-59
-60
-39
-32
-24
-22
-16
4
13
7
-12
-34
-57
-67
-69
-52
-46
-12
23
35
47
33
36
24
11
-1
-5
8
29
21
-7
-19
-25
-12
4
8
-9
-51
-83
-89
-90
-62
-35
-8
-2
4
-3
1
-2
-6
-29
-68
-89
-94
-81
-65
-57
-57
-57
-26
0
15
12
-12
-21
-28
-13
-16
-19
-31
-30
-18
-12
-6
-19
-44
-71
-65
-44
-6
42
66
71
46
8
-36
-69
-77
-64
-36
-13
-24
-68
-95
-92
-47
-14
18
18
14
30
36
41
15
-25
-42
-80
-74
-56
-33
-1
25
29
25
5
-25
-28
-27
-21
-18
-44
-79
-86
-83
-48
-19
-6
20
41
56
40
0
-26
-36
-47
-42
-30
-28
-46
-66
-98
-118
-117
-87
-75
-46
-5
38
52
52
39
43
73
87
69
7
-63
-129
-159
-154
-131
-110
-83
-57
1
36
40
21
-3
-28
-43
-52
-45
-15
14
19
-7
-26
-23
0
37
82
83
66
45
14
-1
-5
0
7
23
23
24
17
12
23
12
2
-1
-8
-28
-44
-47
-38
-6
5
25
28
39
45
55
56
67
61
51
29
19
-9
-29
-44
-43
-25
12
27
37
50
64
95
123
143
158
131
100
65
32
17
29
47
57
52
70
61
45
18
-24
-45
-64
-54
-38
-21
-12
2
30
65
84
51
15
-17
-35
-39
-72
-56
-45
2
61
84
81
39
-1
-25
-44
-47
-53
-76
-91
-89
-87
-57
-34
-24
-19
-1
2
10
13
37
54
61
62
45
37
28
15
-6
-24
-25
-18
-18
-22
-16
-5
4
10
0
-9
-32
-41
-60
-62
-77
-66
-41
-13
47
78
83
53
-13
-53
-66
-47
-61
-86
-106
-115
-95
-84
-42
-35
-29
-26
-47
-76
-111
-130
-130
-102
-80
-53
-45
-46
-36
-46
-52
-41
-63
-91
-98
-106
-84
-48
-8
-1
19
2
-18
-34
-59
-48
-31
-12
8
41
35
46
50
60
84
100
106
103
85
97
92
92
83
90
87
105
119
112
93
62
43
26
23
15
8
5
-18
-34
-65
-43
-27
-32
-31
-28
-14
-8
-12
-16
-9
-11
4
13
3
-9
-6
8
44
53
55
32
36
34
30
45
49
78
58
61
47
11
-22
-65
-71
-62
-39
-23
-9
-2
16
2
-9
-18
-22
-24
-30
-32
-33
-7
51
95
105
101
81
44
14
-10
-6
7
12
27
2
-26
-59
-72
-78
-39
-7
32
32
2
-43
-72
-66
-54
-49
-61
-84
-81
-77
-49
-48
-59
-64
-52
-25
-41
-42
-51
-55
-43
-56
-64
-66
-43
-32
-36
-43
-50
-66
-66
-58
-22
13
44
43
7
-21
-46
-55
-57
-36
-16
10
20
18
26
27
16
14
9
4
-10
-24
-51
-77
-63
-38
10
34
24
-12
-22
-26
-29
-34
-49
-46
-28
2
19
7
-17
-38
-41
-43
-19
-5
11
17
34
36
18
6
-6
-18
-18
-4
8
14
-2
-27
-42
-50
-56
-61
-64
-35
-28
-21
-31
-24
-14
10
14
2
-26
-35
-29
-7
7
2
-3
-44
-73
-89
-99
-89
-71
-70
-68
-72
-61
-62
-63
-42
-22
-5
-12
-10
-14
4
17
30
21
9
-22
-56
-57
-39
-14
-10
-1
1
7
4
6
4
6
14
-1
0
-16
-19
-19
-20
-2
2
-17
-45
-55
-58
-33
-16
13
23
23
12
-22
-45
-58
-79
-93
-81
-63
-50
-35
-20
1
-10
-22
-30
-37
-25
2
14
13
-16
-17
-24
-22
-38
-56
-68
-67
-63
-46
-13
22
42
23
5
-20
-32
-30
-19
-15
-17
-16
-21
-27
-34
-39
-41
-44
-17
-9
9
18
47
64
67
42
10
-17
-15
1
13
14
11
8
1
-9
-24
-16
-6
23
37
34
45
42
47
38
53
47
17
-42
-80
-98
-77
-57
-24
-10
14
13
3
-25
-40
-60
-70
-64
-55
-70
-50
-34
-13
-17
-18
-35
-27
-20
-2
25
38
30
18
-12
-27
-34
-39
-34
-17
1
1
-2
14
31
67
79
67
45
30
34
18
-1
-6
-11
-19
-28
-28
-44
-57
-63
-45
-16
-6
-6
-29
-23
0
24
48
53
51
34
28
49
60
61
52
42
36
40
53
55
30
16
-1
-13
-5
21
50
97
138
167
167
136
118
76
39
-2
-35
-28
-10
40
54
60
60
32
10
-11
-21
-39
-61
-77
-76
-68
-58
-36
-40
-20
-30
-47
-71
-80
-71
-31
-2
32
34
18
0
-19
-56
-84
-106
-104
-98
-82
-64
-40
-11
2
7
16
19
30
10
-1
-9
-11
-17
-3
-2
19
32
43
38
30
16
-6
-19
-6
37
61
67
46
35
9
-36
-51
-77
-61
-53
-56
-73
-81
-72
-67
-43
-28
-13
-17
-5
20
51
57
46
23
23
43
64
65
84
109
129
133
120
107
93
84
89
89
96
102
110
128
135
118
129
107
100
54
8
-28
-35
-35
-49
-43
-56
-63
-66
-75
-84
-78
-55
-17
3
1
-6
-16
-17
-8
-11
-30
-50
-42
-50
-34
-28
-33
-37
-74
-83
-90
-107
-110
-131
-132
-127
-106
-85
-50
-30
13
31
53
29
-28
-93
-122
-124
-89
-52
-22
-27
-29
-16
10
26
60
60
50
19
-1
-25
-46
-59
-78
-73
-59
-40
-18
-9
0
-4
-27
-56
-63
-64
-56
-72
-83
-79
-69
-53
-45
-27
-8
-13
-20
-32
-27
-48
-64
-63
-50
-29
-32
-46
-75
-98
-106
-74
-51
-41
-53
-81
-78
-72
-73
-71
-67
-34
-8
-2
7
-3
-10
-13
-15
-13
12
37
44
38
39
23
18
5
10
3
-15
-13
-12
-7
-7
-18
-33
-51
-64
-64
-47
-25
-10
-1
-4
18
25
22
0
-15
-39
-49
-28
-37
-30
-26
-29
-36
-50
-33
-26
4
27
57
74
69
59
47
36
44
54
52
43
22
0
-22
-27
-1
9
15
10
6
17
22
37
56
90
97
95
59
35
26
12
-3
-33
-70
-77
-64
-25
-11
5
25
30
42
38
8
-28
-45
-55
-66
-84
-114
-106
-93
-58
-32
-29
-36
-67
-88
-123
-132
-121
-95
-81
-59
-51
-66
-70
-81
-65
-27
5
26
34
43
39
28
27
19
7
-23
-36
-33
-27
9
55
99
118
109
86
53
24
16
11
21
32
32
20
19
30
42
39
35
35
43
51
53
20
-4
-12
-19
-14
-21
-31
-43
-38
2
32
30
-4
-5
2
36
39
36
17
18
16
7
-13
-53
-69
-80
-57
-41
-27
-8
7
8
-4
3
-5
-12
-45
-71
-114
-131
-116
-87
-64
-53
-33
2
8
22
14
14
14
28
32
31
29
-7
-51
-79
-100
-81
-60
-28
6
35
58
73
75
68
57
36
21
15
20
23
8
14
21
25
9
-12
-30
-16
-27
-48
-75
-55
-20
0
9
24
49
61
57
46
31
22
-5
-31
-76
-93
-125
-140
-128
-105
-53
-16
45
76
103
100
98
91
58
30
-7
-42
-37
-19
15
39
52
56
47
17
13
-6
-2
6
31
42
39
40
25
30
17
-1
-6
-9
-10
-36
-51
-53
-40
-41
-53
-60
-68
-61
-49
-47
-42
-30
4
-8
-21
-44
-59
-62
-59
-54
-59
-62
-52
-34
-16
7
13
8
-7
-37
-59
-81
-69
-63
-56
-39
-16
20
49
43
24
-13
-41
-38
-23
-21
-11
-18
-29
-25
-15
-34
-49
-65
-65
-41
-15
-7
-22
-34
-41
-47
-50
-54
-62
-74
-103
-112
-103
-93
-61
-26
-16
-2
-5
11
23
40
27
18
3
-11
-28
-25
-22
-5
-10
-23
-11
16
40
73
80
45
19
23
44
57
62
47
22
30
25
36
33
23
44
53
77
57
20
-4
0
12
27
31
21
-1
-20
-13
-13
-20
-33
-27
1
39
49
27
-15
-61
-92
-126
-122
-115
-72
-52
-41
-32
-28
-12
-5
-1
-24
-18
-14
-19
-31
-37
-34
-31
-34
-45
-46
-48
-35
-22
-12
16
46
58
55
22
5
-14
1
9
15
20
26
15
-1
-2
3
6
1
-9
-30
-33
-25
-13
-13
-18
-23
-32
-23
-19
-22
-21
2
13
27
18
-9
-37
-68
-79
-70
-66
-69
-72
-82
-78
-66
-55
-66
-71
-73
-55
-39
-24
-7
-2
7
21
20
6
-13
-32
-44
-31
-11
-7
-17
-20
1
27
38
17
-16
-17
14
20
0
-32
-22
1
40
49
34
-4
-17
6
37
46
56
71
84
101
92
76
67
62
73
77
77
94
86
85
80
61
41
24
9
0
7
16
6
-23
-19
6
33
38
29
20
10
22
33
55
58
46
20
-9
1
-7
-21
-37
-50
-51
-63
-40
-28
-22
-29
-27
-38
-42
-62
-60
-40
-14
-9
-32
-67
-85
-97
-93
-81
-67
-64
-72
-62
-36
-8
7
-5
-52
-80
-82
-82
-95
-130
-127
-138
-113
-97
-80
-69
-44
-19
4
0
-19
-45
-65
-64
-52
-59
-52
-54
-47
-43
-41
-67
-102
-98
-68
-21
0
-11
-38
-82
-106
-104
-90
-59
-29
-19
-15
-25
-21
-19
-15
0
13
11
-10
-16
14
45
90
101
77
51
22
15
14
25
39
40
41
66
81
109
147
152
155
126
64
6
-13
0
10
15
28
27
29
36
46
65
47
33
34
30
50
87
119
127
123
98
91
65
47
13
-10
-10
-1
11
29
47
31
2
-35
-52
-58
-43
-5
27
53
61
44
11
1
-1
-6
-14
-40
-59
-69
-79
-88
-92
-81
-27
37
80
68
16
-43
-82
-81
-55
-30
-13
-4
-11
11
32
46
41
22
-12
-34
-57
-67
-81
-100
-84
-74
-70
-65
-63
-63
-87
-74
-44
-17
21
38
60
63
50
46
28
38
37
20
9
-7
-24
-34
-21
-3
-2
-17
-29
-37
-30
-35
-17
-13
-4
-13
-19
-15
5
34
47
51
49
34
21
0
-7
-17
0
11
18
17
25
33
23
-7
-16
-20
-24
-22
-19
0
18
5
-12
-43
-60
-64
-52
-16
23
46
49
50
54
51
53
42
4
-21
-30
-42
-50
-74
-86
-84
-59
-33
-25
-49
-72
-89
-89
-57
-27
-1
-9
-16
-4
-9
-11
-15
-13
-10
-10
-7
-17
-31
-30
-34
-12
5
35
37
33
13
-25
-54
-69
-67
-63
-63
-57
-27
-4
-1
-31
-67
-84
-43
-11
25
39
41
25
10
-1
-30
-44
-61
-63
-65
-58
-43
-17
29
57
77
78
86
95
69
29
0
-7
-1
-5
-28
-42
-44
-38
-45
-64
-62
-56
-73
-86
-97
-95
-90
-86
-60
-42
-2
35
81
92
101
94
83
66
77
92
91
100
78
50
28
8
4
-4
-12
-2
9
28
51
63
69
65
51
56
53
42
5
-39
-60
-70
-86
-105
-125
-154
-183
-184
-192
-183
-169
-143
-119
-96
-78
-81
-73
-42
-1
38
47
41
45
38
62
93
88
68
21
1
-20
-20
-21
-24
-29
-23
-3
3
31
49
37
29
-4
-27
-56
-80
-91
-88
-49
-8
4
28
44
49
43
41
42
27
-33
-77
-81
-59
-19
-10
-33
-43
-48
-34
-32
-47
-83
-124
-148
-138
-101
-78
-50
-35
-25
-19
-24
-15
-18
-11
-2
-1
5
15
-3
-18
-24
-12
-27
-37
-49
-39
-39
-46
-44
-44
-22
10
25
35
50
27
9
-8
-1
-13
-35
-38
-8
33
70
60
29
-4
-8
-19
-12
-22
-32
-44
-46
-13
25
67
82
98
114
119
118
93
75
72
88
95
82
54
11
-14
-8
-9
-35
-67
-71
-64
-71
-70
-48
-18
13
23
13
-14
-38
-79
-66
-65
-39
-26
14
41
76
75
55
49
13
-8
-2
0
13
11
-11
-25
-42
-46
-42
-29
-4
21
44
57
63
59
45
35
20
10
-4
-3
-20
-50
-67
-61
-57
-40
-23
-16
-13
-6
3
0
6
2
2
-8
0
3
21
20
5
-16
-25
-4
36
87
116
113
84
21
-2
12
33
80
89
99
110
121
130
100
70
39
18
-15
-22
-12
-25
-43
-86
-83
-80
-49
-27
-16
-2
2
7
15
19
4
-22
-58
-80
-73
-43
-4
31
28
20
8
-1
-19
-25
-28
-22
-10
17
17
17
29
25
15
-23
-77
-115
-127
-128
-131
-119
-83
-43
-22
-13
20
37
42
12
-34
-69
-114
-134
-122
-81
-23
-1
27
37
51
37
35
34
46
16
-13
-40
-67
-93
-87
-75
-58
-39
-13
13
19
33
25
18
15
21
15
2
-16
-21
-46
-63
-77
-106
-126
-137
-139
-108
-79
-36
-26
-8
-18
-30
-60
-78
-86
-101
-105
-122
-136
-139
-127
-121
-94
-48
6
30
18
-2
-19
-19
-47
-58
-67
-41
6
58
75
46
23
-11
-26
-32
-25
-13
-5
-13
-32
-46
-32
-12
9
35
45
39
20
-2
-38
-59
-64
-57
-59
-51
-48
-54
-47
-54
-73
-85
-95
-76
-49
-54
-59
-63
-46
-17
-1
-7
-41
-49
-52
-83
-102
-91
-60
6
34
48
49
33
18
8
-4
-3
-21
-26
-28
-16
-11
-17
1
-6
-37
-71
-80
-62
-32
-22
2
20
10
6
-16
-28
-14
3
25
50
53
55
64
67
53
26
-9
-7
-4
38
65
81
61
52
34
33
22
18
23
30
31
21
-11
-34
-79
-84
-91
-43
-4
19
3
5
-11
-24
-39
-42
-18
16
35
45
27
22
-1
-29
-48
-48
-35
-8
-5
7
-7
-11
10
28
45
56
42
16
16
17
19
21
25
47
41
38
30
39
27
20
13
-12
-41
-42
-55
-18
6
35
76
97
102
82
67
75
78
66
26
-7
-25
-14
5
3
1
17
30
35
35
37
40
30
18
15
27
20
4
-29
-63
-59
-50
-42
-15
-10
-13
-34
-48
-50
-33
-10
-16
-34
-55
-45
-24
-46
-84
-104
-118
-109
-87
-51
-7
24
27
17
4
-5
-19
-47
-69
-78
-82
-71
-57
-43
-45
-25
-12
-5
-3
-7
-8
-16
-14
-19
-27
-39
-41
-61
-84
-103
-102
-98
-67
-43
-22
-23
-12
7
4
0
-41
-74
-89
-74
-53
-33
-42
-55
-59
-63
-38
-39
-39
-6
16
29
3
-26
-34
-40
-30
-7
-3
-4
-10
-28
-25
-5
14
28
18
-5
-6
18
60
85
59
22
-5
-14
-19
-27
-17
19
57
108
140
146
117
96
84
110
137
113
67
43
33
57
58
75
86
94
87
41
23
30
64
65
42
4
-13
-27
-38
-42
-42
-35
-29
-27
-27
-7
45
55
70
75
71
46
2
-38
-68
-59
-38
5
28
40
48
44
62
68
78
53
29
8
-14
-25
-31
-29
-33
-24
-19
-7
-12
0
8
34
50
67
21
-23
-79
-112
-119
-118
-112
-93
-64
-33
-31
-30
-15
21
44
65
71
52
15
-34
-70
-65
-46
12
24
25
22
21
45
70
72
59
63
60
60
50
47
54
47
18
1
-4
41
87
105
67
15
-7
5
27
37
38
21
-12
-26
-26
-3
27
29
8
-3
12
23
33
34
3
-27
-40
-27
-16
-6
-24
-35
-50
-54
-38
-11
-1
22
34
19
-7
-46
-69
-61
-27
5
35
61
83
105
127
140
131
92
35
10
-22
-47
-59
-69
-77
-89
-95
-114
-130
-144
-120
-85
-27
0
-21
-47
-95
-125
-145
-150
-142
-131
-102
-52
-41
-58
-88
-126
-125
-114
-84
-75
-83
-92
-95
-109
-130
-122
-97
-44
1
26
40
35
26
3
18
18
15
-15
-32
-25
-16
4
20
47
46
38
25
-13
-49
-64
-75
-71
-75
-67
-60
-44
-51
-58
-56
-36
-21
-29
-43
-42
-16
92
