-112
-100
-107
-114
-151
-134
-104
-53
-35
-60
-49
-1
39
53
39
-10
-29
-50
-26
-24
-8
7
47
39
72
62
59
91
88
122
164
176
226
169
159
145
174
180
204
170
146
137
88
91
73
108
128
161
164
191
199
200
173
144
105
95
105
125
121
111
91
83
75
31
20
-28
-32
-80
-104
-116
-95
-94
-96
-74
-65
-8
-11
11
-33
-16
-30
-35
-72
-85
-73
-29
-38
-19
-28
-40
-26
-51
-29
-32
-3
36
59
82
24
-1
-70
-84
-72
-100
-84
-115
-142
-157
-140
-115
-78
-57
-47
-84
-94
-145
-147
-195
-172
-179
-124
-94
-22
8
46
100
88
88
82
-8
-20
-75
-92
-155
-226
-273
-286
-229
-187
-124
-66
-37
26
26
60
53
46
41
26
-1
-15
-38
-60
-67
-45
-45
-30
-33
0
30
66
81
105
106
92
49
8
-18
-52
-80
-116
-116
-145
-174
-184
-149
-127
-127
-126
-126
-84
-81
-85
-88
-134
-134
-181
-154
-159
-165
-207
-231
-234
-234
-236
-219
-209
-198
-196
-148
-144
-116
-127
-108
-101
-65
-46
-13
-27
-8
32
42
46
-8
-23
-28
-22
-40
-21
-21
23
-4
-38
-57
-36
-21
-30
-38
-23
-21
-13
9
5
22
-4
-16
-14
-52
-55
-74
-76
-65
-64
-28
-7
-16
10
-5
48
-3
3
-12
-11
-39
-21
-35
-6
-39
-51
-60
-43
-31
2
26
88
108
92
39
4
3
23
37
88
78
77
46
85
97
185
209
245
186
169
122
127
111
97
71
64
52
53
62
82
59
53
34
25
29
14
42
68
77
47
13
2
-20
-8
17
33
44
35
18
42
33
37
17
-11
-24
-33
-2
20
21
-11
-1
15
51
65
78
138
134
151
143
119
79
8
-46
-70
-84
-78
-49
-26
67
75
127
89
102
92
93
85
102
47
52
24
7
-23
-26
-11
46
36
30
0
7
16
59
56
107
57
61
26
66
39
14
-47
-56
-48
-19
-2
2
18
19
24
37
37
28
33
5
-18
-15
-48
-25
-33
-16
-46
-35
-58
-49
-57
-75
-102
-116
-100
-77
-68
-69
-46
-16
1
-4
-5
12
12
22
2
-1
9
-23
-57
-110
-124
-104
-89
-73
-85
-85
-89
-45
-76
-70
-72
-67
-67
-69
-59
-43
-36
-47
-32
-23
-27
-35
-44
-30
-8
6
29
12
41
-13
-21
-24
-16
5
-3
-19
-69
-84
-68
-52
-55
-48
-88
-75
-96
-74
-50
-42
-26
-9
27
28
90
61
91
103
123
149
125
145
191
236
265
251
242
238
224
219
194
207
202
215
215
240
270
283
309
309
331
316
331
304
353
361
399
354
319
289
276
285
286
278
226
222
206
245
236
242
186
152
144
136
139
143
148
171
202
192
157
127
76
71
61
28
26
16
28
76
122
152
151
135
91
67
43
28
12
-1
-11
36
49
89
78
51
24
16
-18
-25
-62
-51
-47
-10
24
37
16
-61
-99
-154
-151
-138
-127
-118
-65
-43
-10
3
-10
-37
-34
-54
-16
-22
-45
-69
-131
-157
-180
-161
-168
-195
-180
-182
-112
-73
-41
-40
-32
-16
9
-27
-35
-67
-72
-54
-56
-32
-6
38
54
27
-1
-21
-16
-3
15
-2
-33
-56
-54
-16
-22
-32
-88
-95
-124
-67
-53
7
24
10
-19
-58
-75
-83
-106
-144
-180
-210
-220
-205
-198
-174
-128
-139
-89
-125
-98
-101
-92
-71
-53
-59
-45
-35
-48
-46
-41
-51
-21
-30
31
37
72
47
42
34
69
84
92
90
60
76
42
31
24
52
64
98
99
108
109
107
56
51
0
-13
-14
-20
-43
-70
-117
-146
-163
-137
-109
-98
-147
-182
-212
-192
-217
-216
-258
-312
-342
-379
-391
-412
-408
-391
-365
-333
-286
-257
-218
-231
-207
-258
-249
-271
-295
-296
-303
-298
-284
-272
-237
-216
-208
-221
-219
-180
-155
-97
-103
-85
-75
-67
-95
-77
-90
-52
-25
-39
-58
-60
-41
-15
17
0
35
-17
-15
-79
-44
-63
-50
-57
-91
-102
-130
-83
-50
-16
-21
-37
-39
-19
10
24
64
71
43
30
-10
-23
-34
-51
-44
-56
-9
21
35
42
47
89
96
115
120
112
103
86
74
107
61
57
12
2
-2
-28
-36
-32
10
59
44
45
54
77
119
82
50
11
-12
10
1
44
16
4
-13
-11
-30
-35
-60
-49
7
50
112
141
102
69
26
15
-12
-35
-39
-14
55
96
109
106
131
111
96
60
47
67
69
100
148
143
141
86
66
58
82
90
67
60
61
74
74
41
-13
-79
-109
-104
-111
-66
-75
-66
-79
-69
-36
-15
-23
-26
-58
-37
-57
-32
-53
-60
-83
-68
-36
11
6
11
27
7
-10
-36
-5
2
-16
-41
-75
-70
-37
-43
-21
-43
-49
-41
-57
-19
-29
-19
-42
-41
-1
-10
27
43
78
51
109
82
135
129
122
116
97
99
114
114
107
93
111
144
153
160
147
215
265
268
279
241
206
160
95
47
44
13
52
60
101
98
116
128
106
127
102
86
82
48
34
26
28
75
76
109
81
52
43
-5
-5
5
-8
28
9
-16
10
-38
-50
-77
-96
-116
-109
-111
-61
-50
-2
38
46
61
46
17
29
15
-4
-78
-107
-149
-105
-112
-98
-102
-63
-19
29
37
62
90
120
166
158
196
177
150
117
75
35
10
-32
-56
-62
-67
-69
-54
-23
21
40
32
24
-7
-37
-12
34
61
121
116
165
147
125
63
37
-5
20
39
62
112
93
85
74
34
43
19
28
30
41
61
84
85
60
31
-3
-10
-29
-30
-6
10
43
45
34
53
39
13
-5
-1
7
37
30
57
68
85
137
160
169
133
104
66
33
12
-6
-32
-37
-85
-108
-110
-100
-59
-54
-62
-44
-49
27
29
83
65
75
71
50
72
62
73
34
10
7
-27
-32
-73
-62
-76
-23
-37
-1
-26
-26
-25
-36
-39
-20
-32
-7
-41
-78
-86
-72
-40
-26
-58
-67
-79
-87
-98
-128
-138
-137
-106
-89
-72
-75
-72
-99
-100
-99
-122
-103
-123
-86
-93
-109
-131
-146
-141
-81
-79
-83
-103
-82
-76
-55
-53
-27
-36
-12
-74
-78
-103
-40
-9
19
8
-55
-67
-83
-42
1
0
-21
-31
-63
-67
-58
-36
18
55
83
111
112
131
62
56
18
-3
-36
-92
-82
-88
-62
-36
21
81
91
88
36
67
82
134
131
114
83
57
25
65
15
6
-31
-54
-20
15
80
146
156
170
169
164
131
101
91
80
67
32
-11
-34
-85
-102
-98
-77
-57
-57
-33
6
19
27
45
79
84
92
41
37
-25
-48
-94
-128
-157
-151
-184
-114
-108
-51
-42
-43
-6
12
24
46
66
88
116
97
74
63
65
60
69
80
94
97
93
97
95
93
74
103
101
124
122
112
112
89
46
12
-32
-65
-97
-130
-132
-117
-130
-146
-147
-90
-61
-7
-21
-32
-31
-68
-66
-91
-83
-57
-26
-17
43
20
10
-25
-68
-40
-10
11
32
33
60
40
21
-39
-76
-108
-84
-74
-49
-71
-89
-105
-115
-99
-86
-104
-128
-143
-144
-150
-145
-157
-140
-109
-76
-32
-44
-73
-110
-109
-73
-52
-31
-17
-31
-18
-38
-82
-80
-92
-83
-65
-73
-52
-63
-21
-13
9
48
91
167
176
208
160
152
146
107
78
91
73
99
67
59
75
96
96
134
140
150
136
130
109
118
82
51
41
21
19
-4
-10
-24
15
14
65
92
102
122
108
104
62
46
-9
-21
-28
-1
-26
-41
-60
-54
-54
-62
-40
-29
-3
-16
-50
-66
-96
-91
-96
-63
-53
-9
-24
8
-23
-7
-16
10
67
86
112
128
114
120
117
91
93
60
52
38
33
62
73
113
126
97
63
42
39
75
69
90
109
73
53
-15
-26
-39
-7
-9
-28
-40
-53
-66
-66
-51
24
44
53
9
8
-5
-15
-37
-91
-117
-134
-130
-108
-97
-111
-94
-62
-51
-32
-51
-64
-63
-62
-42
-21
-9
-17
-19
-32
-47
-72
-96
-122
-118
-82
2
48
103
81
60
34
44
76
58
31
-30
-67
-121
-98
-123
-86
-105
-96
-96
-98
-56
-80
-75
-58
-58
-3
-2
-32
-49
-38
-43
-16
-34
-48
-43
-15
-7
35
10
30
62
102
129
131
139
151
114
70
53
33
12
10
34
48
117
105
118
105
111
95
157
145
124
96
81
72
83
40
42
23
9
25
58
47
25
12
46
114
116
108
37
34
27
64
89
90
90
60
56
50
-6
-30
-48
-48
-19
9
23
22
6
-40
-33
-87
-101
-115
-109
-71
-75
-25
-38
-25
-9
-36
-48
-78
-71
-25
-11
46
53
80
63
22
-68
-85
-100
-78
-62
-68
-46
-43
-8
23
65
76
72
42
25
-6
13
18
63
56
49
-29
-46
-52
-7
-10
7
-13
-40
-45
4
41
59
-5
-50
-98
-100
-90
-69
-45
-67
-82
-144
-134
-106
-91
-71
-51
24
109
138
129
93
32
10
-30
-52
-75
-57
-85
-75
-82
-99
-74
-86
-57
-36
15
71
104
111
88
81
81
85
89
136
142
158
152
124
114
98
68
84
121
157
204
209
259
273
280
285
267
287
291
338
325
318
295
265
242
220
183
196
151
162
137
157
166
148
86
33
4
27
28
26
76
53
81
30
19
23
11
44
1
5
-11
2
12
15
2
-29
-50
-51
-48
1
-1
27
2
-6
12
45
76
111
117
87
77
29
10
-33
-43
-66
-81
-99
-104
-133
-156
-180
-164
-166
-163
-184
-222
-220
-222
-199
-170
-134
-119
-109
-154
-165
-144
-144
-112
-137
-123
-96
-74
-87
-118
-94
-76
-58
-73
-125
-146
-164
-169
-153
-153
-120
-73
-60
-24
-51
-49
-67
-106
-109
-141
-166
-171
-205
-220
-259
-286
-286
-280
-275
-258
-260
-258
-252
-254
-223
-188
-209
-195
-180
-165
-156
-191
-180
-163
-182
-194
-218
-189
-189
-148
-111
-57
-59
-55
-70
-49
-39
-79
-90
-109
-81
-67
-43
-1
10
26
15
8
-4
12
2
19
4
-35
-41
-75
-67
-69
-30
-25
18
19
26
48
45
89
79
131
126
130
102
78
64
70
49
57
61
109
142
190
181
185
195
199
238
272
293
311
290
284
225
256
199
216
168
182
159
159
150
151
172
171
209
170
128
113
127
125
108
96
81
78
42
47
55
86
93
72
54
48
27
9
-56
-97
-145
-169
-171
-158
-151
-130
-113
-90
-86
-74
-74
-68
-40
-43
-22
-48
-67
-64
-91
-119
-141
-117
-78
9
47
85
91
111
108
80
43
-37
-86
-140
-137
-127
-65
-10
35
64
83
66
56
12
-35
-55
-114
-100
-114
-75
-46
-24
23
37
123
149
209
213
251
242
253
228
238
218
186
158
107
89
106
115
160
159
178
177
211
227
241
237
232
244
224
173
156
121
174
189
200
162
122
87
73
52
20
25
12
-5
21
-20
-21
-51
-69
-89
-68
-57
-55
-59
-66
-46
-23
-74
-80
-78
-76
-39
-65
-89
-103
-112
-128
-103
-127
-82
-97
-59
-51
-31
-28
-3
-11
-4
-52
-63
-75
-97
-86
-66
-56
-39
-44
-50
-13
-27
1
-60
-53
-49
-21
-18
8
5
25
35
36
29
-11
-38
-74
-91
-102
-78
-64
-44
-14
-13
39
50
44
-4
-70
-112
-105
-130
-77
-53
-16
-1
19
-1
-13
-58
-111
-130
-115
-94
-51
-46
-30
-18
-38
-45
-80
-115
-181
-196
-204
-159
-136
-133
-127
-159
-156
-161
-133
-123
-125
-158
-158
-160
-138
-114
-102
-102
-102
-129
-95
-76
-53
-39
-45
-39
7
37
76
79
96
102
137
144
169
153
106
106
91
119
123
123
124
118
99
121
115
140
118
127
77
61
64
28
19
-6
-66
-61
-87
-62
-64
-66
-42
-77
-83
-105
-115
-118
-120
-138
-98
-86
-76
-69
-89
-79
-103
-97
-128
-126
-135
-147
-151
-134
-116
-77
-62
-58
-80
-120
-116
-109
-56
-22
-17
-18
-50
-18
-67
-77
-128
-114
-82
-56
-50
-29
-31
2
9
-4
-1
-13
0
33
22
41
-11
-42
-75
-88
-65
-44
-33
-34
-65
-53
-72
-26
4
9
11
-10
-38
-55
-48
-12
3
-17
-26
-25
-17
-24
-2
-17
-22
-11
-18
-14
-14
-26
12
21
42
54
11
-4
-50
-70
-75
-78
-27
40
45
75
37
27
61
42
78
81
97
124
102
160
166
203
211
197
162
130
113
93
100
104
109
135
117
116
60
7
25
41
80
63
25
1
-20
-21
-3
20
52
57
63
38
68
72
108
119
164
173
187
193
211
226
220
197
142
109
98
100
108
89
80
28
-5
-43
-41
-29
1
46
95
103
76
58
36
25
7
-20
-30
-22
3
-1
24
43
41
96
115
168
170
135
109
73
62
67
44
32
4
-52
-93
-122
-114
-100
-85
-91
-79
-84
-61
-60
-55
-39
-58
-15
-12
36
33
-8
-44
-74
-79
-34
4
45
54
21
13
23
39
66
83
66
53
26
18
17
-1
-13
-47
-66
-71
-79
-62
-50
-47
-23
-23
24
57
83
104
111
104
151
191
193
193
146
113
84
45
26
0
-14
-33
6
26
85
76
85
51
44
26
-8
-5
-3
16
25
42
39
11
4
-37
-29
-58
-55
-73
-71
-60
-13
17
40
17
-23
-32
-64
-84
-149
-187
-157
-130
-80
-73
-60
-48
-83
-96
-110
-127
-111
-104
-81
-54
-72
-52
-53
-67
-100
-158
-197
-192
-186
-169
-138
-89
-54
-4
-33
-53
-96
-55
-48
-27
-53
-58
-43
11
15
19
-3
2
21
21
-3
17
18
14
25
-9
-20
-6
-15
29
12
6
0
-21
-27
-10
-11
-11
-58
-66
-77
-83
-77
-93
-93
-79
-59
-84
-89
-118
-92
-48
6
26
46
58
82
103
108
59
30
-10
-7
6
24
39
72
85
104
113
133
138
150
145
147
146
164
172
139
105
103
85
104
96
117
93
87
81
47
70
34
93
62
44
23
55
83
115
117
89
115
100
111
108
84
64
22
-3
-11
3
18
31
16
16
15
32
12
-9
-29
-16
18
10
6
-8
-6
19
22
5
30
57
99
97
87
93
103
121
120
91
95
107
102
89
61
25
11
-7
-14
-29
-65
-102
-91
-66
-47
-53
-82
-105
-85
-65
-61
-11
-1
21
25
18
-7
-48
-83
-114
-136
-153
-188
-177
-184
-191
-149
-118
-60
-13
27
68
115
130
138
115
138
101
81
39
16
16
0
-49
-81
-133
-124
-110
-84
-95
-49
-50
-4
-58
-59
-75
-49
-30
-39
-49
-40
-26
-10
-4
-11
14
57
116
150
131
126
108
102
87
67
75
44
67
55
50
46
61
61
64
59
93
113
101
106
113
116
122
111
145
112
111
68
57
43
70
50
67
62
23
8
-61
-40
-25
-11
-12
-52
-72
-71
-49
-55
-35
-31
4
59
83
114
108
94
56
29
8
15
25
5
0
2
4
-1
29
58
92
97
102
139
126
99
58
18
33
-1
-26
-84
-59
-89
-73
-70
-91
-93
-107
-90
-73
-47
-29
30
67
82
54
51
8
18
34
45
35
11
-16
12
20
48
25
-21
-65
-33
-31
19
21
0
-35
-39
-43
-27
-14
-22
-35
-39
-2
22
40
12
11
-16
-4
-17
-39
-58
-62
-41
-34
-19
8
28
32
30
45
49
82
80
78
31
14
-1
20
2
-17
-50
-87
-73
-76
-53
-52
-51
-20
-13
-9
-51
-129
-182
-196
-168
-135
-86
-67
-20
-36
-54
-74
-83
-75
-70
-101
-61
-64
-41
-54
-77
-116
-150
-204
-234
-225
-182
-94
-43
-24
2
-35
-83
-131
-123
-101
-90
-106
-140
-134
-140
-151
-153
-196
-162
-146
-121
-93
-92
-84
-126
-127
-105
-72
-55
-78
-98
-99
-75
-64
-109
-120
-156
-125
-115
-88
-65
-41
-9
27
17
35
0
-9
28
-2
51
28
37
53
39
60
77
110
94
71
62
56
87
66
52
32
57
59
72
52
51
70
47
47
40
43
59
58
71
24
43
9
32
7
-7
-43
-46
-90
-81
-67
-55
-27
-40
-67
-65
-61
-47
-55
-66
-88
-84
-74
-43
-41
-36
-46
-67
-73
-85
-69
-76
-38
-21
13
12
-8
-10
-4
1
40
24
-25
-57
-72
-33
-4
6
39
41
39
61
44
57
54
-2
0
-41
-9
-38
-64
-93
-99
-91
-76
-85
-94
-98
-60
-20
2
13
5
33
46
49
45
20
20
42
24
51
30
32
11
18
29
41
59
71
38
30
5
32
33
74
77
103
56
79
40
5
-38
-67
-42
5
60
53
56
28
50
49
30
-7
-33
-47
-53
-51
-31
6
21
27
11
-4
16
-30
-51
-87
-96
-74
-92
-86
-122
-89
-66
-18
-20
-18
-21
-31
-18
-9
-1
-6
16
45
68
77
40
2
-27
-19
-36
-13
-18
2
39
64
96
43
43
55
55
27
3
-28
-29
-107
-137
-147
-167
-176
-189
-209
-163
-138
-73
-57
-98
-83
-91
-57
-25
-70
-122
-116
-121
-43
-32
14
22
48
60
98
127
166
211
196
194
157
180
203
233
220
212
163
124
137
105
97
46
23
11
-11
7
-3
17
57
50
34
6
0
29
38
-9
-9
-6
15
30
13
29
27
-2
-27
-42
-28
1
-4
-3
-18
-35
-19
-7
-5
-40
-81
-151
-164
-174
-161
-113
-84
-26
-23
-39
-45
-76
-79
-57
-30
13
18
76
99
156
159
183
172
190
221
201
171
112
50
-2
-10
-20
-4
2
-24
-18
17
8
39
12
42
58
101
107
112
95
65
16
-5
-25
-45
-56
-50
-68
-71
-64
-59
-30
-12
-8
7
-14
-30
-77
-95
-107
-70
-48
-31
10
34
61
24
12
30
19
12
6
-64
-51
-100
-133
-185
-231
-258
-250
-232
-167
-109
-72
-43
-40
-30
-20
-37
-4
12
31
26
8
10
16
-50
-74
-103
-92
-88
-69
-34
26
16
40
-7
-11
9
8
6
-15
-9
1
35
-1
-9
-8
-13
-12
-31
-18
-16
43
10
34
11
-22
-46
-79
-78
-80
-54
5
66
108
92
76
53
24
34
24
33
51
64
53
43
19
4
-19
-48
-38
26
25
59
31
22
46
46
39
38
35
34
28
20
14
-2
-22
6
22
13
6
-8
-13
30
-4
8
-7
6
-1
0
-12
0
11
16
31
28
31
33
37
40
44
50
80
86
101
129
134
146
143
126
140
149
148
138
124
123
138
152
160
170
119
100
48
51
74
87
126
103
100
80
73
63
99
85
110
98
88
83
84
61
45
42
49
85
59
80
68
90
39
10
-18
-13
7
18
18
10
-1
-8
11
11
31
26
0
12
15
9
16
33
31
26
-1
-34
-8
13
25
71
47
66
67
42
32
9
-19
-21
-11
-3
-23
-10
-15
2
7
-7
6
18
47
86
101
116
132
121
86
36
38
-5
9
-25
-15
17
3
29
24
14
34
51
62
86
97
131
132
159
178
209
233
251
233
222
232
198
205
224
235
233
238
199
211
160
184
133
177
148
164
155
120
95
66
50
99
111
132
72
35
29
38
60
47
6
1
22
33
56
-6
-35
-64
-105
-97
-119
-111
-110
-70
-55
-36
-26
-50
-94
-152
-186
-195
-150
-129
-87
-87
-58
-105
-118
-181
-175
-202
-218
-209
-200
-197
-134
-184
-151
-194
-213
-178
-130
-119
-65
-76
-78
-61
-68
-105
-79
-96
-64
-82
-94
-119
-136
-173
-174
-235
-190
-192
-128
-134
-132
-106
-67
-82
-59
-98
-102
-81
-114
-71
-104
-111
-104
-69
-72
-76
-77
-72
-73
-89
-99
-57
-36
9
16
23
11
-2
59
86
92
73
63
62
67
33
37
18
33
36
47
22
64
31
27
0
14
27
40
50
72
65
54
4
-15
-8
-4
29
-4
-15
-16
8
23
42
6
-44
-87
-64
-59
-14
-14
20
59
61
70
71
42
51
-29
-3
19
73
111
100
82
79
94
78
73
32
-11
-20
25
42
119
96
104
36
11
-10
13
41
40
1
-4
8
17
24
33
13
28
41
55
62
76
95
77
70
17
11
14
-23
-29
-61
-43
-40
-38
-36
-67
-56
-68
-17
-23
34
-19
-5
-40
-48
-69
-68
-60
-83
-83
-85
-88
-59
-61
-57
-71
-83
-79
-38
-34
-19
-72
-103
-138
-113
-91
-87
-70
-49
-69
-76
-77
-57
-24
-12
-40
-77
-96
-112
-84
-99
-71
-61
-53
-85
-73
-55
-49
-22
-14
-16
3
-26
-9
27
38
36
25
29
43
56
41
49
28
14
30
6
-27
-57
-29
-33
-24
-34
-60
-27
-77
-32
-40
0
16
17
0
-20
-69
-66
-101
-89
-101
-70
-91
-84
-126
-103
-90
-68
-91
-80
-71
-47
-46
-33
-52
-72
-100
-127
-151
-173
-205
-182
-145
-141
-100
-97
-56
-20
-10
-9
-9
-14
-12
-2
-6
-14
-57
-90
-72
-80
-32
-14
26
47
52
33
6
18
8
8
-35
-59
-58
-42
-70
-86
-85
-84
-69
-52
-53
14
11
41
-19
-32
-42
13
26
35
-5
-30
-44
-56
-64
-41
-51
-13
-37
-6
-5
-46
-60
-75
-58
-19
-21
-12
-13
-36
-24
-37
-12
61
67
104
63
73
62
71
61
70
50
48
37
41
42
83
51
27
8
1
12
-20
-24
-9
32
114
103
141
111
77
49
6
30
79
98
101
77
40
7
-7
-61
-64
-99
-73
-57
-13
27
82
65
42
-9
-32
-6
29
79
77
110
97
122
112
134
136
118
93
45
22
17
27
54
26
44
43
66
57
62
61
70
90
65
91
31
25
-36
-46
-63
-49
-58
-22
21
50
69
87
142
137
154
151
139
172
170
144
136
81
64
102
