20
0
-29
-21
-46
-63
-88
-149
-171
-208
-240
-252
-240
-228
-187
-181
-150
-120
-102
-98
-70
-36
-31
-37
-55
-53
-41
-35
-41
-55
-39
-17
8
35
36
56
50
59
76
74
96
136
152
118
76
26
16
-5
-18
-10
-3
36
35
49
51
44
19
-6
9
26
21
3
-8
8
47
85
104
135
124
101
47
-4
-26
-40
-63
-61
-53
-7
28
45
48
17
-1
-5
19
53
79
89
76
79
110
117
125
90
63
10
-9
-3
6
25
12
-27
-42
-40
-24
2
1
12
15
0
-10
-38
-3
0
32
10
-11
-5
-27
-27
-26
-6
-2
-12
-23
-22
-22
-11
11
18
-17
-66
-110
-113
-93
-85
-81
-105
-96
-93
-47
-39
-21
-26
-40
-21
-49
-41
-46
-27
27
70
98
121
124
135
135
129
77
58
34
24
-7
-29
-38
-49
-48
-38
-6
13
24
22
11
16
51
80
120
140
121
82
67
55
36
-10
-71
-124
-146
-130
-83
-75
-30
-73
-41
-47
-67
-53
-88
-49
-24
0
-5
-10
22
10
-2
-37
-83
-84
-77
-69
-42
-34
-13
-22
-32
-47
-44
-70
-64
-89
-68
-58
-39
-8
-16
-8
-6
24
11
21
0
-6
10
35
40
31
14
9
-15
-30
-66
-73
-92
-67
-45
6
24
63
57
85
79
67
84
43
32
-6
-24
-30
-37
-39
-35
-19
-30
-18
-8
11
-21
-33
-18
-22
1
51
103
165
162
112
96
66
46
12
-13
-1
4
-25
-51
-65
-32
-30
-34
-39
-47
3
27
85
70
84
71
72
15
-25
-83
-83
-63
-25
-4
-10
-21
-52
-71
-83
-92
-84
-79
-53
-37
-54
-47
-76
-66
-73
-60
-61
-63
-54
-47
-44
-41
-49
-50
-37
-1
32
38
17
4
-20
-31
-28
-34
-58
-71
-52
-37
-9
-5
3
10
23
30
58
83
87
57
33
17
18
18
26
34
51
31
16
-1
-10
-21
-9
-15
-19
-41
-83
-108
-144
-141
-135
-114
-67
-45
-27
-14
-14
4
31
72
87
85
45
4
-22
-54
-71
-103
-113
-118
-77
-58
-51
-58
-60
-80
-101
-107
-113
-97
-79
-50
-30
-20
-26
-52
-64
-78
-74
-72
-46
-17
3
33
33
31
-4
-23
-23
-22
-21
-29
-63
-56
-61
-39
-21
-5
29
3
-29
-41
-22
40
84
133
128
127
102
83
28
-38
-63
-49
-23
13
12
25
30
25
29
-7
-14
-7
21
24
30
-17
-31
-65
-78
-89
-71
-56
-33
-3
0
48
88
133
168
146
137
140
175
179
193
175
123
80
31
26
26
58
60
84
77
81
92
103
160
172
180
164
156
147
120
108
82
47
58
69
99
129
138
135
119
111
83
38
3
-44
-48
-50
-58
-24
-21
-26
-53
-70
-92
-67
-28
-13
39
57
68
57
9
-15
-69
-94
-116
-91
-94
-68
-50
-7
43
53
34
3
-16
-15
-2
9
24
11
-6
-24
-16
-15
-20
-40
-49
-64
-56
-47
-43
-31
10
22
48
49
42
47
53
84
86
82
40
0
-19
-41
-17
-29
-6
16
11
-26
-69
-110
-83
-36
-7
45
29
-1
-19
-63
-72
-96
-153
-187
-196
-181
-138
-129
-69
-48
-12
-1
8
17
48
63
82
84
90
82
68
48
33
52
76
110
107
87
62
84
77
69
63
47
34
4
-11
-30
-26
-17
-8
-21
-45
-59
-45
-13
42
78
76
42
8
-16
-26
3
7
26
-12
-42
-77
-71
-79
-91
-103
-104
-32
9
69
123
144
140
105
43
7
1
5
24
10
-9
-20
-48
-23
11
61
85
66
38
28
18
15
-10
-48
-27
-21
-24
-33
-31
-11
6
36
85
103
100
75
34
4
-17
-51
-54
-67
-63
-73
-78
-61
-49
-24
14
44
86
105
118
106
49
0
-29
-11
13
53
63
78
75
47
31
9
40
38
47
39
39
20
6
-32
-32
-32
-7
23
7
24
34
43
55
20
5
-40
-21
-16
19
-10
-12
-41
-55
-58
-46
-56
-48
-56
-27
-14
3
35
27
39
24
13
-17
-18
-41
-11
21
80
118
139
134
112
72
58
37
37
-3
-7
-4
-18
-29
-26
4
11
9
-32
-70
-75
-57
-4
18
22
40
54
75
75
58
55
54
43
34
-3
-2
-8
-11
15
1
-15
-38
-43
-28
-26
9
37
46
77
61
67
51
22
-17
-21
-13
5
-4
-39
-70
-88
-96
-90
-83
-66
-28
-22
5
-21
-23
-1
-7
-44
-106
-158
-167
-122
-61
-49
-61
-100
-124
-136
-140
-141
-149
-106
-72
-21
3
17
19
14
0
-7
-3
-1
18
12
16
8
9
8
-5
-10
-28
-49
-63
-43
-46
-7
17
5
-5
-18
-1
4
-8
-21
11
18
4
-16
-59
-58
-46
-47
5
6
2
-16
-38
-4
41
74
88
114
105
123
120
91
62
55
87
131
147
146
139
124
132
116
121
96
90
83
63
84
88
84
46
44
64
84
137
141
166
169
149
81
35
-29
-63
-94
-81
-36
-21
-21
-46
-46
-22
-16
1
6
24
58
52
41
12
6
-9
-46
-41
-79
-82
-86
-64
-31
-9
-8
-5
-21
-29
-27
-32
-36
-57
-61
-64
-28
-1
14
37
45
67
74
102
121
106
58
-6
-48
-49
-19
23
58
65
52
25
-34
-57
-89
-104
-109
-72
-70
-44
-52
-44
-40
-34
-59
-83
-93
-71
-54
-55
-86
-106
-132
-126
-121
-67
-13
65
125
152
185
202
215
186
157
141
132
133
98
67
52
40
63
51
48
72
64
58
53
18
31
-11
-2
15
31
24
8
-46
-70
-130
-150
-169
-152
-156
-147
-127
-118
-112
-133
-108
-60
-53
-59
-46
-45
1
13
-1
4
1
1
26
60
90
99
86
65
63
52
35
47
54
75
78
57
41
11
0
4
22
57
57
36
24
20
25
26
42
51
60
54
73
111
166
170
148
98
47
28
16
28
75
96
127
93
67
16
-2
16
21
30
45
67
89
103
122
129
93
82
63
41
15
-11
15
30
69
99
107
116
65
38
18
5
3
-24
-30
-48
-43
-39
-47
-46
-21
-4
23
29
-9
-35
-66
-72
-40
-41
-35
-60
-51
-44
-28
-34
-41
-58
-65
-38
-28
-47
-73
-94
-78
-92
-103
-96
-92
-32
16
44
36
-2
-13
-29
-23
-8
-8
19
46
41
39
46
55
72
44
23
3
-16
-43
-42
-56
-40
-31
-26
-9
37
61
101
96
81
48
16
17
22
58
82
96
71
16
-14
-15
-16
-15
0
-25
-51
-82
-105
-107
-67
-33
-11
-1
-20
-18
10
22
43
33
1
-28
-41
-57
-52
-60
-58
-43
-11
6
17
11
11
18
14
41
50
56
56
54
64
60
71
48
18
-3
7
40
74
111
112
115
81
50
5
-8
14
38
93
113
92
44
17
19
41
31
30
34
52
71
76
59
43
26
25
-12
-4
5
17
28
15
2
-14
-19
-26
-17
-16
-8
-16
-34
-57
-50
-35
-4
10
29
47
59
45
24
16
28
1
-42
-93
-88
-74
-53
-36
-47
-78
-124
-118
-116
-61
-41
-39
-49
-38
-27
-22
-7
-23
-51
-124
-195
-246
-241
-208
-180
-160
-130
-85
-10
-5
-25
-70
-75
-93
-84
-92
-68
-25
9
4
-13
-15
13
50
70
102
92
41
11
-27
-13
-6
-2
-19
-20
-21
6
63
94
117
87
25
-11
-40
-57
-51
-41
-36
-15
0
15
15
17
17
57
102
126
120
80
68
59
15
-45
-94
-76
-56
-13
0
21
64
99
127
120
109
85
54
44
25
7
3
22
34
35
17
30
27
9
-25
-81
-115
-136
-120
-96
-69
-55
-32
-22
-1
14
-1
-20
-52
-74
-72
-53
-9
34
65
76
79
57
26
8
-13
-22
-13
-1
-10
-16
-31
-19
18
24
-13
-42
-22
6
24
41
56
67
50
32
13
26
30
42
33
-9
-26
-35
-20
17
36
41
31
12
-15
-33
-51
-37
-47
-61
-69
-56
-33
20
91
148
164
141
100
77
119
141
141
111
67
47
44
41
34
15
-2
24
10
-25
-74
-109
-125
-102
-95
-53
-17
-10
8
-35
-48
-56
-74
-93
-98
-120
-130
-102
-52
-24
-24
-71
-68
-71
-60
-41
-39
-17
-12
-10
-22
-15
0
36
73
102
139
147
131
137
128
160
185
188
175
148
165
153
146
104
68
60
73
82
66
34
6
17
4
-8
-46
-80
-71
-22
9
15
-9
-32
-49
-35
-9
14
-2
-23
-25
-39
6
7
33
31
17
2
-7
18
35
54
14
45
17
-6
-39
-53
-26
-14
-4
14
26
19
-11
-54
-82
-87
-78
-98
-98
-95
-77
-39
-14
-4
1
-15
-6
-21
-20
-10
-5
24
9
-1
-63
-108
-126
-108
-69
-20
3
39
10
10
-17
-25
-1
9
36
40
33
70
98
137
113
60
24
26
48
47
48
37
42
42
40
39
58
87
113
98
64
46
16
6
18
44
72
78
62
16
2
9
3
17
23
32
43
36
32
38
43
53
92
111
116
109
75
50
20
36
41
80
98
106
58
40
26
56
82
77
82
85
119
113
98
71
54
58
59
84
103
133
110
79
4
-26
-28
1
0
-5
26
39
35
36
-15
-10
-43
-38
-40
-45
-47
-62
-59
-68
-50
-55
-41
-40
-80
-95
-107
-83
-49
-22
-11
-3
-46
-62
-82
-50
-23
7
-8
-37
-54
-48
-40
-16
1
23
18
41
49
76
80
59
59
53
50
30
1
5
20
35
63
84
91
92
62
63
67
68
72
35
19
16
29
32
28
39
57
58
40
39
25
38
14
40
37
41
41
-13
-27
-42
-61
-85
-99
-87
-52
-32
-2
-6
1
22
19
10
-2
9
37
52
36
27
-7
-30
-64
-77
-58
-24
43
37
69
63
99
66
41
-8
-21
-18
-26
-59
-83
-61
-81
-75
-96
-90
-71
-47
-32
-8
-10
-9
2
-15
-24
-61
-110
-106
-77
-39
-26
-26
-25
3
36
45
37
23
20
39
44
57
61
78
101
99
104
84
61
35
40
16
24
14
21
7
6
1
12
10
24
7
3
-7
7
-4
11
20
25
32
25
17
29
39
61
77
70
57
27
-7
-16
-17
-3
-10
-7
-8
-18
-22
-14
2
53
78
87
62
38
34
13
8
8
4
-12
-49
-23
-9
23
35
34
52
42
34
15
15
42
56
61
66
69
48
44
36
23
21
16
7
16
23
49
57
59
37
31
13
17
47
48
95
122
136
128
61
20
-14
-60
-76
-124
-124
-115
-69
-53
-39
-44
-39
-48
-24
-31
-26
-39
-53
-49
-67
-64
-53
-60
-26
-33
-11
-16
-5
16
55
93
111
89
43
0
-34
-72
-100
-97
-73
-82
-80
-105
-104
-64
-46
-16
-29
-21
-16
-38
-37
-38
-15
-4
5
-6
-25
-32
-69
-93
-105
-106
-113
-126
-109
-45
7
24
21
37
20
5
-51
-80
-57
-46
-45
-44
-27
9
14
22
21
29
17
35
35
53
39
42
32
34
42
49
61
83
119
141
126
111
86
62
55
61
64
65
57
51
72
91
76
83
36
1
-35
-57
-38
-1
30
35
57
43
12
-23
-42
-69
-49
-44
-19
-9
-10
-1
-8
20
16
4
-10
-30
-15
-22
-12
-29
-49
-67
-106
-95
-119
-133
-123
-117
-64
-54
-23
-20
-6
-26
-23
-62
-66
-104
-157
-178
-162
-91
-34
3
-6
-31
-52
-47
-43
-20
16
32
60
46
61
44
53
62
74
73
75
108
120
131
132
145
147
123
114
88
85
50
23
-5
-18
-18
-13
8
22
43
49
49
22
-34
-28
-11
31
47
19
4
-35
-50
-35
1
36
19
-13
-38
-36
-36
-23
2
38
72
81
50
55
32
-3
-16
-43
-38
-1
6
39
49
54
41
12
-28
-55
-70
-56
-32
-2
-1
-9
-30
-52
-73
-82
-63
-41
-26
-33
-67
-85
-50
-34
-39
-49
-43
-35
-10
-1
11
14
-15
-50
-87
-112
-72
-48
-3
9
20
16
4
17
16
34
65
76
79
74
64
50
10
-25
-43
-65
-70
-53
-17
37
52
55
63
89
101
98
83
59
53
39
5
12
-22
-19
-19
4
25
29
58
40
11
-9
-39
-34
-29
-13
-29
-40
-91
-77
-73
-27
-9
-3
3
-21
-40
-65
-65
-44
-29
-9
34
51
53
11
-4
-29
0
16
56
78
114
121
108
124
137
115
108
78
89
108
153
185
228
207
158
103
39
10
-15
-8
18
78
122
136
161
157
148
95
70
74
79
91
58
34
24
60
85
113
101
94
84
104
144
162
204
191
212
199
155
115
59
11
4
7
20
7
-9
-19
-27
19
29
31
15
-30
-23
-58
-65
-83
-106
-106
-94
-121
-104
-103
-72
-56
-26
2
7
22
-4
6
1
4
-4
-3
-16
-2
-24
-58
-80
-69
-30
-26
0
22
84
152
177
194
175
167
149
135
119
91
68
38
80
104
128
125
126
109
128
74
90
57
74
80
48
55
68
96
117
92
82
47
11
-35
-64
-127
-128
-169
-168
-152
-134
-66
-31
19
28
39
30
37
1
-23
-40
-61
-57
-38
-20
11
7
21
10
2
-25
-26
-59
-68
-53
-14
30
31
31
-12
-37
-80
-109
-124
-120
-120
-117
-109
-72
-45
-50
-48
-74
-67
-34
-17
-5
-14
-20
8
-13
-14
-41
-75
-67
-87
-77
-97
-81
-59
-18
-7
-7
-9
-33
-29
-33
-55
-78
-94
-83
-68
-5
13
31
42
22
29
1
-14
-4
-4
-13
-25
-43
-66
-63
-41
-56
-55
-79
-73
-60
-42
-55
-87
-126
-156
-183
-183
-166
-139
-125
-151
-170
-164
-161
-128
-91
-93
-68
-54
-35
1
32
17
-15
-51
-37
-8
21
20
26
56
60
91
106
120
127
129
109
96
109
117
119
119
104
72
42
14
12
-7
2
28
45
60
28
-8
-6
11
22
-1
-32
-64
-68
-92
-96
-120
-128
-128
-90
-40
4
18
0
-36
-64
-72
-110
-107
-125
-103
-82
-64
-20
-3
23
37
60
46
55
53
42
31
20
10
-14
-31
-61
-67
-73
-77
-75
-74
-25
44
91
103
73
70
80
97
93
91
94
110
67
52
48
34
16
-36
-49
-52
-13
13
19
-3
-61
-90
-112
-102
-78
-54
-37
-16
-11
2
14
26
9
-22
-41
-38
-20
-31
-46
-59
-49
-33
-23
-38
-53
-43
-37
-51
-47
-53
-50
-50
-50
-39
-9
4
23
18
20
31
15
15
29
53
61
26
-11
-30
-30
6
24
20
-1
6
45
70
90
76
61
82
108
113
89
59
38
26
27
27
23
40
61
92
108
134
133
125
129
130
124
103
70
64
58
73
103
110
96
118
142
177
179
149
131
99
109
116
147
154
142
99
71
61
29
0
-12
-1
10
13
38
34
33
0
-14
-43
-72
-110
-117
-135
-107
-114
-101
-82
-79
-70
-87
-107
-102
-113
-125
-124
-85
-37
-4
-22
-86
-125
-102
-102
-89
-139
-152
-161
-125
-110
-80
-43
1
21
30
-11
1
-21
-6
1
18
19
21
26
20
12
5
-12
-48
-27
-10
34
44
44
38
23
3
-18
-15
-1
27
45
84
78
108
119
107
123
98
85
67
40
75
91
154
165
125
115
96
99
108
102
118
99
123
109
122
132
136
142
103
66
-11
-37
-44
-3
35
43
41
10
-7
-22
-15
-22
-27
-29
-8
3
21
59
76
79
82
92
103
62
51
11
53
59
74
66
39
36
-6
-51
-75
-92
-61
-18
39
101
114
91
42
-6
12
9
-31
-88
-146
-166
-156
-130
-119
-88
-67
-18
32
50
42
-12
-43
-83
-66
-70
-90
-98
-85
-87
-56
-38
16
-4
-10
-59
-66
-52
-35
-40
-38
-9
19
40
24
-26
-61
-107
-109
-99
-87
-41
14
64
85
108
111
107
130
133
108
65
0
-43
-63
-46
-35
-42
-56
-62
-25
-13
2
18
6
5
-9
-11
10
35
54
28
15
10
10
29
45
47
70
84
103
116
111
88
70
45
21
20
16
-29
-32
-39
-5
22
4
-28
-44
-74
-75
-86
-45
12
31
29
17
13
32
44
66
40
41
23
32
33
27
18
-24
-25
-37
-10
-31
-56
-74
-68
-8
31
76
63
62
86
80
94
88
59
48
7
0
-36
-32
-30
-30
-25
-28
-28
-41
-35
-29
-25
-53
-56
-73
-89
-112
-125
-76
-38
-7
-47
-77
-118
-72
-27
24
47
48
7
-1
-24
-43
-29
-26
14
13
30
66
95
124
128
130
113
93
66
41
33
45
50
76
63
50
55
58
69
49
1
-25
-69
-110
-125
-144
-132
-118
-127
-93
-85
-19
21
72
72
58
69
31
29
37
30
24
-11
-59
-79
-84
-60
-28
-26
-6
19
42
50
43
60
85
87
56
19
26
8
2
-41
-48
-40
-31
-52
-81
-145
-166
-187
-133
-153
-151
-152
-163
-154
-119
-122
-70
-45
-27
-5
-2
3
1
21
55
89
76
70
59
89
84
78
83
75
64
31
20
13
38
77
69
54
43
22
13
-6
-2
16
72
78
84
64
56
36
46
79
94
93
40
15
23
59
78
117
87
78
74
73
56
53
12
-25
-32
-38
-20
-9
-5
-2
-19
-32
-59
-37
-39
-27
-46
-79
-131
-139
-152
-134
-115
-93
-74
-83
-87
-116
-140
-168
-144
-142
-87
-45
-15
-1
13
6
-12
-1
0
7
-12
-23
-35
8
31
14
6
-3
46
44
40
0
-10
-8
-14
-9
9
22
50
95
119
173
193
212
221
255
252
230
176
138
116
145
149
128
92
56
64
60
50
48
25
17
-3
-6
4
-30
-83
-127
-131
-131
-81
-72
-9
49
86
97
69
39
20
5
15
-12
-11
-31
-62
-60
-77
-70
-42
-55
-50
-47
-42
-20
27
24
35
54
92
101
96
78
49
20
4
7
33
77
99
88
57
20
11
8
1
2
5
3
51
65
99
61
36
21
15
33
61
119
176
187
173
113
117
97
116
105
90
89
77
79
77
72
59
49
21
21
15
25
-1
-40
-77
-87
-129
-72
-63
-34
-12
-17
14
16
7
-30
-69
-100
-103
-91
-48
-1
43
61
49
49
-5
-51
-103
-143
-122
-105
-49
-37
-41
-21
1
2
10
-47
-95
-131
-170
-164
-136
-85
-26
30
30
104
111
125
77
16
-17
-55
-58
-54
-25
2
-10
29
47
71
68
63
98
128
105
49
1
-60
-75
-60
-41
-26
-8
32
90
86
85
44
10
-1
3
-30
-65
-102
-105
-107
-85
-96
-80
-103
-117
-149
-136
-121
-91
-71
-78
-90
-105
-120
-94
-105
-123
-135
-131
-120
-88
-85
-88
-88
-61
-23
-10
-19
-29
-30
-8
-47
-31
-48
-26
20
46
72
25
8
-16
-21
-11
3
17
37
13
-11
-21
12
-8
-6
2
16
54
29
11
-30
-63
-81
-88
-76
-53
-69
-84
-104
-107
-94
-61
-38
-1
13
8
19
27
53
51
55
40
23
21
5
-16
-24
5
5
53
66
109
113
90
63
43
36
39
16
40
60
72
54
18
24
22
6
-19
-40
-24
20
19
36
17
-1
22
-6
28
46
88
121
130
120
82
54
27
26
37
41
89
109
114
113
99
79
74
27
12
-2
13
29
11
7
6
-14
-11
-54
-73
-69
-51
-6
-22
-41
-45
-36
-29
-28
-63
-63
-18
2
41
1
-37
-37
-49
-8
-7
13
16
-11
-16
-42
-43
-31
-46
-48
-28
1
8
31
29
-1
7
5
14
-26
-74
-81
-68
-49
-14
-18
-16
-45
-29
-36
-16
-19
13
47
63
55
23
24
45
68
54
37
19
12
27
26
13
4
32
43
66
38
64
80
68
28
5
21
58
37
-26
-74
-84
-77
-53
-12
-10
-11
-67
-67
-63
-41
-25
-23
-31
-37
-47
-36
-79
-79
-115
-72
-35
-9
36
36
52
72
46
71
55
59
46
61
101
86
89
52
34
9
-13
-14
-21
-35
-53
-57
-35
1
-8
-28
-40
-23
0
7
17
2
7
-15
-19
-15
-34
-58
-63
-106
-82
-76
-78
-62
-60
-9
-2
14
11
-8
-43
-59
-52
-28
24
46
54
43
11
25
-7
-3
-11
12
49
80
93
73
93
99
89
53
2
4
22
60
49
37
11
-2
-5
-17
0
59
128
180
211
190
144
81
56
31
65
67
42
20
6
18
47
42
71
83
100
118
78
85
86
93
83
67
36
48
30
11
-7
-38
-36
-41
-26
-22
-1
39
17
35
23
13
-17
-70
-73
-79
-37
6
33
43
34
58
33
53
41
34
22
11
-5
-18
-42
-22
-10
15
35
37
39
16
-2
-25
-17
-9
26
-22
-59
-125
-148
-128
-79
-32
-16
-28
-47
-56
-41
-25
-8
2
11
-4
-31
-60
-51
-41
-3
21
74
85
83
66
56
68
67
48
46
55
69
100
85
111
115
110
51
35
24
75
109
110
64
21
-8
7
63
75
67
5
-49
-44
-40
-29
-15
-14
-11
-8
-1
-5
42
79
100
87
62
70
38
24
-20
-23
-20
20
58
116
153
172
196
182
143
93
28
23
47
65
80
86
92
107
125
169
148
140
72
71
58
19
-16
-40
-51
-66
-48
-72
-65
-88
-106
-94
-56
-7
-7
-34
-45
-79
-79
-53
-11
36
54
62
30
-21
-81
-123
-88
-31
21
35
12
-3
-11
-35
-74
-80
-70
-20
44
78
97
104
111
91
95
66
11
-49
-56
-45
2
17
35
92
84
68
18
-21
-46
-59
-82
-77
-49
-16
20
11
-30
-47
-55
-24
26
38
56
48
60
68
