21
15
15
9
22
31
34
33
27
30
23
26
18
17
2
-4
1
-4
-1
4
14
16
15
21
16
20
12
10
9
17
15
15
9
6
6
0
4
-3
-7
-18
-20
-20
-24
-16
-6
12
30
38
32
27
21
24
16
21
20
18
18
17
0
-11
-22
-19
-8
5
18
17
19
20
32
43
54
66
69
70
75
82
96
105
118
117
109
99
100
87
90
88
89
85
81
79
70
70
73
73
62
53
39
28
19
21
24
29
47
37
29
8
5
3
4
6
12
10
16
8
3
-6
-15
-22
-24
-6
12
18
8
-12
-45
-71
-100
-124
-163
-189
-202
-196
-191
-187
-169
-156
-133
-123
-107
-99
-83
-63
-68
-66
-64
-60
-64
-70
-70
-68
-63
-60
-60
-66
-61
-54
-44
-35
-29
-26
-26
-23
-27
-32
-38
-36
-30
-32
-26
-29
-35
-46
-43
-51
-56
-57
-67
-70
-73
-61
-61
-53
-47
-45
-38
-36
-17
-7
1
8
0
6
-3
3
-1
2
0
-3
-9
-9
0
-2
0
6
8
8
8
8
14
19
32
35
37
43
45
51
52
55
57
44
30
23
26
36
48
52
40
33
26
17
12
15
22
21
23
20
20
28
38
35
34
37
36
34
26
24
17
22
22
29
20
15
6
-4
-3
-5
-15
-30
-52
-51
-54
-39
-24
-14
-11
-9
0
1
7
14
14
14
10
25
19
31
32
38
40
27
22
11
14
26
35
44
56
57
53
55
58
59
50
45
45
36
34
26
10
-12
-26
-33
-32
-31
-33
-42
-51
-50
-41
-34
-36
-36
-44
-42
-43
-40
-39
-33
-29
-31
-28
-14
-5
1
9
28
46
65
74
85
88
105
128
146
141
106
41
-28
-83
-114
-138
-150
-153
-155
-156
-159
-159
-169
-167
-168
-158
-160
-155
-164
-173
-172
-161
-149
-145
-136
-138
-136
-135
-124
-103
-83
-54
-43
-45
-44
-40
-31
-22
-16
-2
-8
-8
-12
-12
-28
-33
-37
-33
-26
-19
-12
-6
3
2
-7
-16
-12
-13
-5
0
10
8
15
20
23
17
12
15
20
17
19
16
16
23
30
29
47
62
61
75
72
79
81
84
91
99
98
103
106
105
119
107
104
98
115
132
144
150
138
122
103
95
91
84
69
54
47
52
64
61
44
40
22
21
8
21
23
33
35
23
14
5
6
1
10
12
17
-2
-3
-8
9
14
37
39
34
22
23
9
16
23
32
40
28
35
30
21
25
25
28
27
32
31
28
26
23
19
27
32
25
21
13
6
-1
-1
2
4
-6
1
-9
-8
-11
-7
-6
-3
1
-6
5
9
14
10
1
-2
-15
-26
-28
-41
-50
-72
-79
-102
-96
-86
-75
-66
-51
-35
-20
-15
-6
-11
-16
-22
-6
9
33
48
46
25
-8
-38
-71
-101
-123
-146
-174
-197
-203
-205
-196
-186
-176
-170
-152
-151
-141
-141
-130
-133
-139
-139
-131
-119
-112
-101
-95
-94
-77
-78
-66
-63
-61
-58
-45
-40
-28
-23
-17
-1
0
6
7
13
10
16
33
35
59
61
64
58
54
59
69
77
98
109
114
112
117
112
108
104
97
90
81
80
73
72
70
74
75
76
73
66
70
73
74
62
60
58
56
62
65
64
66
65
64
60
64
68
69
57
63
48
51
27
13
-11
-35
-49
-55
-51
-44
-25
-26
-29
-37
-54
-69
-74
-59
-50
-36
-19
-7
7
10
17
12
9
14
19
33
36
41
36
41
40
43
28
31
23
28
21
19
23
15
28
32
40
44
47
42
32
25
19
20
21
26
31
29
31
18
2
-10
-19
-40
-61
-80
-93
-106
-114
-119
-123
-134
-134
-137
-134
-144
-141
-143
-125
-105
-91
-83
-87
-75
-77
-65
-57
-50
-40
-25
-8
1
8
23
23
26
26
37
41
57
60
70
64
78
86
79
72
54
59
53
59
57
46
38
30
23
10
10
0
-8
-22
-39
-48
-59
-50
-55
-53
-52
-47
-43
-50
-46
-51
-48
-40
-19
-20
-18
-23
-17
-12
-6
-1
3
0
8
13
23
27
33
22
21
23
27
22
17
9
-13
-28
-27
-16
-8
-1
-2
-9
-8
-6
-4
0
8
16
17
17
23
37
43
54
47
30
30
27
32
22
12
5
7
8
7
11
0
14
22
27
36
39
47
47
57
54
55
44
43
31
35
54
58
57
43
32
17
11
5
4
-3
3
12
14
21
25
33
24
14
4
4
8
20
20
9
7
13
14
15
18
13
17
5
11
8
13
19
21
22
30
42
51
63
75
77
67
59
42
24
19
16
6
2
-11
-18
-38
-43
-35
-19
-1
15
21
22
21
30
43
56
82
87
92
83
95
88
101
101
93
88
75
74
73
76
78
79
75
69
78
82
106
113
89
24
-44
-94
-125
-115
-101
-81
-60
-52
-31
-30
-21
-12
-7
-5
-12
-7
-19
-18
-15
-10
-16
-13
-22
-17
-15
-10
-2
5
10
6
5
-1
2
2
-5
-6
-1
-3
-4
-4
-4
1
10
6
0
-13
-13
-21
-26
-22
-37
-41
-52
-38
-39
-36
-38
-35
-38
-29
-26
-29
-39
-45
-49
-46
-38
-29
-34
-43
-38
-36
-25
-30
-29
-36
-44
-45
-48
-45
-33
-18
-8
1
5
3
-11
-18
-27
-39
-49
-51
-55
-53
-41
-32
-22
-16
-5
-5
-8
-22
-43
-64
-81
-85
-90
-87
-77
-74
-71
-76
-79
-87
-80
-71
-64
-70
-75
-69
-63
-55
-46
-43
-54
-60
-63
-50
-39
-14
0
24
40
54
33
2
-24
-45
-50
-56
-48
-45
-46
-43
-44
-37
-20
-2
20
27
41
56
61
77
80
77
67
61
52
54
58
48
37
20
19
5
3
5
0
-8
-20
-23
-31
-34
-35
-47
-48
-49
-39
-31
-21
-19
-15
-23
-21
-8
-3
12
13
18
4
0
3
11
17
26
23
20
16
21
26
28
34
32
27
27
23
12
8
7
4
-3
-1
1
-1
-3
-6
2
3
15
15
14
5
4
-6
-3
1
10
13
17
20
24
17
30
25
34
32
31
31
28
27
36
43
52
54
41
37
38
47
55
61
67
67
70
70
66
57
53
52
47
56
64
74
81
84
86
69
42
22
2
-19
-38
-53
-67
-73
-77
-94
-101
-111
-110
-107
-102
-89
-85
-73
-64
-48
-46
-46
-39
-26
-24
-11
-19
-7
-2
4
3
4
13
20
11
12
16
18
22
24
19
9
-7
-13
-17
-30
-25
-20
-15
-14
-16
-32
-44
-41
-49
-55
-69
-70
-64
-54
-35
-30
-27
-36
-34
-56
-67
-63
-62
-51
-41
-43
-34
-28
-23
-23
-23
-6
-10
-13
-22
-25
-23
-30
-25
-25
-20
-28
-20
-13
-7
0
-1
1
4
15
18
27
33
40
40
47
52
53
52
62
68
86
84
102
98
102
96
95
87
83
90
82
72
72
64
55
50
33
28
29
34
42
35
27
21
17
21
20
14
6
9
17
4
-4
-15
-14
-19
-16
-26
-29
-32
-12
7
25
49
43
47
50
60
81
83
87
77
76
64
62
51
47
43
28
23
11
7
13
22
36
45
35
32
14
1
-23
-24
-29
-37
-52
-57
-65
-65
-56
-60
-50
-59
-60
-74
-77
-71
-53
-49
-47
-47
-47
-46
-41
-48
-55
-58
-62
-66
-61
-54
-47
-42
-39
-35
-47
-47
-54
-45
-48
-46
-52
-56
-51
-44
-32
-37
-29
-31
-28
-21
-8
-11
-7
-6
-12
-23
-30
-31
-31
-34
-26
-29
-12
-14
1
-4
-2
1
3
2
2
4
16
19
21
16
10
1
-12
-24
-22
-18
-22
-25
-29
-21
-27
-24
-26
-8
-16
-15
-20
-20
-17
-2
10
13
18
-1
-11
-10
-8
-8
-16
-22
-33
-46
-55
-59
-54
-48
-40
-36
-41
-23
-10
-3
2
5
18
24
28
36
38
33
21
-7
-31
-54
-48
-60
-52
-56
-62
-63
-77
-71
-80
-77
-73
-62
-54
-45
-40
-40
-44
-50
-42
-50
-38
-47
-45
-52
-32
-19
-6
-5
2
6
24
36
49
43
43
23
13
1
-2
0
-4
9
17
17
6
-19
-51
-92
-113
-136
-147
-163
-157
-156
-143
-134
-123
-107
-98
-82
-77
-66
-60
-66
-64
-71
-64
-76
-82
-77
-63
-55
-51
-36
-33
-31
-39
-48
-54
-68
-61
-79
-73
-66
-56
-52
-39
-39
-41
-34
-37
-28
-44
-39
-38
-32
-29
-30
-26
-12
19
45
59
80
95
105
103
95
69
39
7
-14
-30
-53
-73
-80
-88
-80
-77
-61
-54
-31
-19
-11
-2
12
24
38
61
75
86
89
100
111
123
134
138
135
127
134
123
115
108
98
86
82
79
77
79
85
73
58
47
47
36
35
33
44
48
51
49
38
33
27
22
15
1
-14
-26
-35
-22
-12
-2
7
-5
-7
-9
4
15
17
19
12
11
19
29
30
13
6
1
0
-9
-10
-15
-4
4
11
13
24
31
37
41
52
54
54
35
28
14
10
3
-7
-17
-26
-31
-45
-45
-33
-17
-13
-14
-13
-23
-28
-34
-42
-38
-23
-12
-9
-9
-1
10
23
28
30
17
16
9
12
0
7
-2
-4
-9
-14
-11
-11
-6
-13
-21
-11
-2
22
23
24
15
9
19
25
13
-12
-41
-58
-87
-112
-130
-149
-151
-157
-148
-151
-140
-139
-139
-112
-96
-81
-93
-109
-100
-94
-79
-73
-80
-99
-109
-96
-88
-64
-48
-51
-56
-74
-75
-83
-81
-71
-68
-69
-60
-67
-58
-70
-59
-41
-40
-26
-31
-26
-19
-15
-3
-11
0
1
5
6
11
4
11
14
26
30
31
37
36
30
38
36
48
46
50
39
46
46
45
30
18
20
17
22
22
28
19
11
29
25
36
30
31
26
25
33
35
53
55
71
74
87
93
89
82
71
55
53
66
78
86
92
98
106
103
100
99
101
91
87
65
41
39
30
32
27
38
36
31
28
26
14
11
13
20
27
27
34
26
28
18
11
5
21
38
37
29
15
11
18
27
36
29
29
38
35
43
37
45
30
22
12
6
17
25
16
-4
-7
-5
3
10
15
18
21
16
17
1
-1
-1
13
8
10
9
4
13
20
32
32
51
52
53
51
52
61
77
95
101
96
91
84
79
70
70
73
72
77
81
81
76
74
66
53
41
32
26
36
35
33
14
1
-4
-11
-10
-19
-19
-21
-18
-11
-39
-42
-54
-53
-64
-66
-66
-56
-44
-27
-24
-32
-42
-47
-54
-57
-43
-31
-20
-9
-18
-19
-24
-21
-15
-22
-20
-27
-33
-44
-58
-71
-86
-93
-97
-107
-112
-113
-116
-113
-104
-106
-110
-120
-112
-111
-106
-98
-104
-105
-110
-99
-98
-89
-91
-75
-56
-30
-7
3
22
32
47
54
67
79
80
85
77
72
57
51
48
44
41
43
44
35
39
25
10
6
-10
1
-15
-9
-17
-30
-41
-40
-25
1
24
22
16
12
25
32
26
16
6
-11
-27
-49
-72
-104
-125
-155
-164
-164
-155
-147
-142
-136
-133
-134
-132
-121
-116
-110
-99
-92
-77
-82
-83
-87
-80
-64
-59
-73
-79
-86
-91
-91
-72
-58
-49
-53
-56
-65
-63
-73
-59
-62
-50
-55
-53
-48
-36
-33
-24
-17
-1
1
2
11
14
32
41
38
24
22
31
51
58
61
70
72
79
90
92
106
119
128
138
142
158
164
166
165
162
152
147
146
136
133
139
138
150
140
136
122
115
113
120
110
113
104
89
83
84
91
100
114
133
143
146
149
156
171
177
179
172
167
162
159
153
152
147
137
126
112
102
98
99
92
77
61
60
51
46
36
23
16
13
18
17
18
26
24
25
19
28
29
36
44
38
34
20
21
14
8
8
9
3
-9
-20
-26
-23
-15
-12
-28
-36
-42
-48
-59
-55
-55
-57
-60
-62
-60
-51
-38
-36
-36
-22
-9
-6
4
3
-1
-8
-10
-6
2
1
8
-1
-2
-1
2
-1
-9
-9
-6
-21
-13
-19
-14
-11
-7
-24
-15
-14
-12
-15
-15
-18
-30
-42
-51
-52
-52
-55
-44
-45
-45
-37
-43
-40
-57
-67
-88
-93
-91
-82
-72
-64
-54
-58
-53
-57
-61
-62
-63
-57
-63
-67
-66
-70
-82
-86
-98
-107
-110
-112
-108
-122
-116
-118
-119
-110
-99
-84
-74
-62
-64
-63
-70
-75
-71
-74
-64
-64
-56
-50
-33
-28
-7
10
-1
-32
-69
-95
-109
-124
-145
-169
-189
-197
-196
-190
-179
-156
-134
-123
-120
-119
-121
-115
-108
-107
-111
-109
-101
-106
-95
-90
-75
-78
-63
-51
-32
-24
-23
-27
-25
-24
-28
-28
-34
-30
-34
-34
-27
-28
-37
-52
-46
-35
-38
-39
-47
-53
-50
-45
-45
-44
-39
-36
-40
-42
-39
-38
-31
-28
-26
-39
-50
-60
-67
-60
-49
-45
-40
-39
-30
-40
-52
-57
-64
-58
-59
-43
-42
-28
-29
-27
-23
-12
-1
11
19
38
48
56
53
42
27
31
28
30
10
2
-11
-16
-16
-1
16
25
38
36
35
33
37
26
15
16
20
30
28
32
36
43
51
44
33
38
34
28
17
9
2
3
9
37
48
51
52
48
40
35
33
27
30
35
39
46
45
43
41
45
51
52
47
35
36
26
19
11
-7
-20
-13
-14
-17
-26
-32
-26
-26
-22
-19
-18
-13
-3
-1
-6
1
2
0
8
14
29
42
81
112
141
149
162
152
141
128
117
111
110
104
100
95
93
84
57
34
12
2
-2
7
1
0
-15
-11
-16
-10
-3
-4
-15
-19
-24
-19
-26
-22
-23
-17
-6
7
11
13
19
15
13
10
-2
-10
-30
-51
-75
-98
-105
-106
-114
-116
-116
-125
-134
-128
-121
-114
-100
-83
-75
-63
-65
-67
-59
-59
-51
-45
-43
-32
-38
-41
-41
-26
-24
-7
-6
4
0
7
7
7
3
3
5
7
0
5
2
11
20
21
18
12
12
5
10
10
12
7
18
23
24
22
20
25
26
28
28
27
33
39
44
39
48
48
48
49
62
78
85
94
99
108
105
100
76
58
57
67
83
94
106
109
99
89
65
48
37
40
28
25
26
21
18
14
17
21
29
38
44
30
19
14
9
14
16
20
16
15
8
8
5
1
-1
-1
1
11
12
14
21
22
24
25
24
23
24
25
35
34
44
43
50
52
58
61
61
68
70
59
60
55
58
51
62
70
81
84
97
102
109
120
128
137
136
142
119
108
90
68
56
38
36
27
39
52
71
76
78
85
71
73
61
54
38
15
11
8
11
22
17
0
-5
-4
-10
0
-5
-8
-23
-30
-44
-55
-57
-64
-65
-78
-80
-94
-108
-119
-136
-138
-145
-136
-139
-145
-148
-152
-156
-172
-171
-177
-166
-174
-175
-183
-200
-200
-204
-198
-186
-157
-140
-124
-129
-143
-152
-154
-146
-150
-146
-120
-100
-83
-69
-73
-81
-96
-90
-90
-91
-93
-97
-99
-99
-87
-86
-86
-91
-95
-107
-125
-139
-145
-160
-162
-171
-185
-183
-179
-164
-159
-145
-144
-130
-132
-119
-116
-124
-126
-139
-154
-147
-136
-121
-121
-122
-131
-122
-115
-109
-121
-131
-128
-119
-117
-115
-104
-101
-93
-91
-91
-82
-81
-73
-72
-64
-53
-39
-30
-34
-38
-51
-48
-31
-14
-4
-2
-12
-18
-31
-29
-23
-15
1
3
17
13
24
38
44
60
63
34
-2
-47
-79
-115
-124
-139
-123
-106
-82
-62
-58
-48
-54
-54
-56
-53
-53
-53
-47
-37
-43
-36
-35
-37
-40
-42
-43
-46
-49
-48
-55
-53
-59
-56
-63
-70
-70
-79
-73
-57
-42
-28
-22
-14
-5
-1
16
21
24
13
7
-3
-8
-16
-20
-34
-41
-40
-49
-41
-35
-26
-21
-6
2
12
19
32
58
75
98
110
111
118
119
127
118
116
102
96
83
85
82
75
66
57
45
43
41
31
28
21
11
5
-7
-3
-11
-10
-15
-10
-13
-2
6
4
8
10
28
32
27
19
6
17
27
33
21
9
20
20
23
16
35
44
61
64
53
51
54
60
64
76
82
83
78
75
73
76
75
66
50
42
41
44
40
45
48
51
53
56
60
61
56
47
28
14
8
1
-10
-13
-25
-19
-10
4
14
20
18
20
13
12
14
10
17
26
25
18
15
31
36
38
45
48
53
51
46
25
11
1
3
0
10
18
44
63
78
74
74
73
60
48
32
26
22
11
13
11
-12
-24
-27
-16
-11
-4
-6
-13
-2
-4
3
-6
-10
-18
-22
-18
-7
-3
6
20
29
44
34
18
-26
-71
-100
-119
-131
-149
-147
-156
-148
-146
-147
-157
-162
-160
-170
-169
-167
-160
-146
-140
-130
-134
-126
-114
-97
-84
-78
-70
-57
-41
-13
4
3
10
-3
-8
-20
-15
6
10
19
20
14
14
8
11
9
24
24
20
16
20
16
18
10
12
11
12
18
12
18
15
21
11
11
18
29
38
49
52
50
57
82
83
88
71
57
50
37
42
19
18
16
24
28
31
33
24
14
2
-5
-21
-22
-16
-16
-6
-3
2
1
5
4
5
5
12
12
4
4
0
-2
-7
-11
-13
-12
8
20
33
45
67
92
105
107
80
26
-21
-53
-59
-54
-42
-48
-46
-54
-46
-47
-28
-9
8
23
34
37
28
25
35
42
49
52
55
41
31
19
11
-1
-18
-45
-68
-85
-66
-31
10
47
71
84
109
119
124
91
63
31
7
-14
-22
-33
-42
-38
-39
-41
-47
-57
-67
-75
-72
-78
-84
-85
-70
-47
-14
17
28
23
-8
-28
-46
-50
-53
-48
-36
-14
14
27
51
75
86
94
100
110
114
128
122
119
99
92
94
98
103
102
97
76
65
61
50
55
56
55
32
25
14
16
18
22
23
19
11
3
-10
-10
-8
-1
-9
-17
-29
-26
-24
-10
-4
-4
-3
2
12
24
29
28
15
14
7
15
21
39
45
54
48
35
13
7
3
6
3
4
-4
-11
-17
-7
-2
18
26
37
36
32
32
27
39
48
48
38
41
49
51
55
46
43
37
36
23
2
-14
-21
-17
-9
5
21
30
31
36
45
42
45
38
24
16
10
18
23
36
37
43
50
65
79
83
81
66
41
5
-16
-43
-52
-63
-78
-93
-97
-89
-82
-83
-71
-72
-73
-85
-87
-92
-94
-97
-98
-84
-71
-54
-56
-42
-24
-2
-5
-8
-10
-21
-19
-15
-2
6
20
34
44
58
71
74
74
70
64
60
61
61
72
66
66
62
54
64
80
93
95
99
88
57
31
12
-5
-4
-22
-37
-56
-63
-58
-60
-66
-66
-71
-75
-80
-79
-68
-59
-34
-18
6
23
45
54
69
76
76
70
65
66
63
58
64
55
45
50
48
47
43
34
34
28
27
22
21
20
32
42
43
48
43
37
44
41
44
34
38
30
27
23
24
27
23
31
21
17
1
1
-7
-13
-20
-22
-28
-30
-25
-26
-27
-26
-30
-32
-25
-11
-13
-13
-7
6
16
18
25
19
22
15
-4
-18
-30
-30
-48
-47
-54
-49
-53
-51
-47
-45
-46
-39
-35
-40
-29
-32
-24
-24
-20
-11
-7
13
22
25
23
29
30
34
30
27
19
19
19
20
22
33
35
42
37
46
46
40
51
52
55
47
50
36
34
12
-10
-29
-29
0
18
43
49
56
54
50
53
36
31
12
0
-40
-80
-104
-131
-136
-142
-146
-148
-155
-148
-156
-142
-125
-100
-85
-69
-66
-66
-63
-66
-67
-77
-75
-89
-99
-107
-107
-107
-118
-118
-122
-123
-137
-131
-135
-127
-111
-97
-83
-64
-55
-43
-30
-11
1
5
-1
-3
7
14
34
41
52
52
57
28
6
-16
-30
-38
-46
-47
-63
-68
-67
-66
-53
-54
-49
-57
-49
-42
-41
-38
-33
-23
-5
8
19
26
15
14
17
18
12
7
7
-2
-1
-18
-18
-24
-16
-6
-6
1
-1
-4
-7
-12
-22
-40
-36
-36
-36
-36
-35
-37
-24
-21
-14
-26
-26
-24
-20
-14
0
6
12
4
12
13
27
47
66
70
74
81
79
97
103
112
103
107
100
108
96
97
87
85
87
88
79
80
84
103
108
132
141
149
160
153
161
153
160
151
134
124
134
138
143
142
137
129
122
129
126
137
135
141
124
111
91
74
58
59
59
61
57
64
57
55
47
34
18
15
12
18
14
11
-7
-18
-24
-14
-12
-2
4
9
1
-3
-8
-8
-17
-16
-20
-25
-16
-19
-28
-35
-38
-41
-40
-37
-29
-28
-17
-11
2
10
10
6
2
5
11
23
27
42
44
36
28
37
41
43
50
41
36
24
21
10
18
9
2
-12
-25
-24
-21
-18
-11
-8
-4
0
5
-14
-13
-17
-21
-26
-22
-13
-13
-22
-35
-41
-51
-39
-39
-31
-40
-37
-42
-37
-42
-41
-59
-56
-63
-60
-69
-67
-72
-72
-70
-57
-40
-43
-31
-39
-22
-27
-32
-67
-104
-128
-146
-158
-170
-171
-183
-182
-173
-156
-128
-113
-86
-83
-82
-79
-77
-78
-78
-64
-65
-65
-68
-77
-84
-85
-88
-85
-79
-65
-60
-50
-38
-18
-3
16
17
33
22
20
22
16
24
23
20
13
7
-1
-1
-6
9
26
27
34
32
29
47
54
65
79
93
100
100
89
86
82
84
88
104
111
102
95
61
60
67
73
57
42
29
29
34
39
27
11
-1
5
5
13
17
28
22
16
9
-6
-10
-13
-11
-15
1
8
20
21
31
27
35
28
41
35
43
45
46
40
46
42
35
-15
