-29
-36
-51
-50
-56
-63
-81
-94
-76
-83
-74
-67
-65
-82
-100
-106
-120
-117
-109
-84
-60
-31
-5
10
51
47
47
38
42
81
79
82
79
86
83
100
118
127
149
139
124
89
81
62
72
65
59
51
50
19
7
-35
-44
-37
-19
-4
12
14
24
33
19
14
-3
0
-33
-81
-119
-120
-139
-158
-178
-175
-146
-126
-105
-87
-64
-20
-9
-12
-23
-15
4
32
72
86
95
97
94
102
97
106
132
147
134
90
27
-22
-62
-67
-91
-80
-53
-52
-38
-24
-22
-19
-24
-47
-67
-62
-77
-83
-107
-111
-115
-109
-111
-90
-77
-48
-12
23
23
25
38
38
2
-38
-112
-165
-228
-265
-276
-261
-200
-149
-78
-19
15
65
57
39
31
10
-1
-15
-44
-45
-28
-7
5
-11
-8
12
49
88
120
138
139
119
80
48
14
3
-11
-41
-45
-64
-100
-107
-103
-76
-61
-46
-47
-47
-67
-70
-93
-114
-122
-143
-156
-170
-193
-208
-211
-211
-217
-217
-214
-205
-194
-158
-118
-87
-62
-74
-62
-74
-47
-39
-19
-16
-14
15
29
29
6
-8
-15
3
-8
-6
-16
26
34
25
26
38
50
44
40
32
29
46
67
92
92
73
54
38
23
15
0
-28
-31
-42
-25
1
1
2
8
26
7
2
-20
-28
-29
-33
-24
-14
-10
1
3
2
-6
-3
-14
1
14
15
20
-6
-5
-1
28
76
106
98
76
79
65
109
104
116
71
61
45
62
47
34
-6
-31
-39
-8
32
72
85
88
78
58
47
28
18
40
31
25
22
14
-1
3
14
28
60
54
52
56
45
44
14
-6
3
5
2
-5
-10
-6
19
21
34
36
48
74
67
74
71
50
28
-8
-18
-24
-51
-63
-73
-61
-15
12
58
73
69
91
88
94
107
44
10
-19
-65
-68
-66
-40
0
10
24
14
16
8
24
25
52
44
41
24
36
16
9
-12
-4
-15
-10
-5
0
8
11
28
50
57
47
36
9
5
21
10
16
-9
-35
-55
-43
-37
-32
-42
-53
-44
-35
-25
-27
-25
-46
-32
-18
19
23
25
0
-16
-30
-45
-49
-26
-24
-60
-82
-88
-58
-31
-23
-22
-34
-24
-10
-37
-61
-78
-88
-91
-88
-74
-51
-37
-56
-57
-69
-67
-29
-20
1
3
-1
-10
-35
-33
-60
-57
-30
-24
13
15
0
-26
-39
-37
-36
-46
-55
-60
-77
-83
-66
-42
-27
-41
-54
-57
-51
-12
-11
20
36
56
52
27
4
33
46
61
66
72
66
75
48
27
37
26
48
46
90
137
150
183
196
223
224
220
196
196
199
193
170
159
144
156
170
193
180
125
104
92
106
117
128
120
114
101
78
57
35
47
62
107
99
92
82
54
55
49
-2
-7
-19
-24
-4
9
15
31
42
41
30
36
29
33
7
-10
-4
19
49
61
47
32
25
8
-3
-36
-41
-41
-28
-11
9
14
0
-11
-46
-49
-40
-28
-19
17
44
54
55
21
-18
-26
-43
-9
-4
-6
-23
-34
-59
-85
-92
-122
-152
-171
-186
-159
-122
-95
-80
-77
-54
-43
-43
-50
-77
-104
-120
-139
-123
-117
-72
-27
10
34
16
5
-15
-20
-21
-43
-37
-47
-29
-19
-24
-56
-85
-102
-56
-33
7
27
17
-1
-24
-23
-18
-22
-41
-53
-92
-130
-123
-125
-89
-47
-22
14
8
15
17
25
35
23
4
-10
-16
-36
-23
-26
-28
-13
-23
7
-3
13
2
35
54
97
109
118
109
94
91
57
44
20
32
46
81
94
105
94
74
42
47
39
40
30
40
25
8
-29
-42
-28
-6
6
-4
-34
-51
-66
-68
-85
-86
-115
-146
-189
-212
-238
-247
-244
-242
-226
-198
-161
-162
-153
-164
-155
-175
-199
-216
-261
-282
-290
-272
-235
-207
-165
-129
-109
-95
-107
-90
-67
-33
-31
-38
-50
-68
-56
-32
-18
12
10
14
4
6
1
0
15
10
36
16
6
-14
-7
-18
-12
-24
-51
-80
-94
-71
-50
-13
2
18
15
25
16
-3
-18
-28
-41
-41
-58
-54
-75
-88
-100
-90
-60
-21
-11
-6
5
22
46
52
68
60
45
16
-13
-1
-8
16
19
15
17
4
-12
-14
-8
6
-26
-13
-19
16
29
26
9
1
-12
-40
-63
-56
-57
-55
-53
-38
-39
-43
-50
-55
-16
15
49
74
66
52
49
21
-13
-53
-76
-67
-46
-20
-23
-14
5
8
25
1
-13
-29
-71
-51
-29
2
42
32
32
34
28
31
-2
-10
-1
-5
6
-11
-18
-45
-72
-91
-109
-84
-60
-16
-1
8
9
11
3
-5
-53
-64
-79
-48
-52
-37
-31
2
6
20
5
1
21
25
2
11
18
30
23
-5
-13
-37
-28
-43
-14
-1
-7
-8
-13
-3
4
-11
-32
-29
4
19
36
57
56
57
88
80
97
83
81
69
48
27
21
14
30
49
90
119
127
130
123
154
156
159
162
175
174
176
156
125
102
51
29
41
46
48
55
63
78
100
66
28
42
43
50
23
17
23
40
46
45
19
5
-42
-46
-46
-39
-1
-10
-14
-5
-9
-3
2
-10
-29
-33
-28
-17
-15
-8
34
82
117
119
118
117
126
104
27
-29
-78
-63
-64
-55
-44
-30
-7
3
4
32
55
71
73
70
78
60
41
30
3
-8
-35
-44
-53
-67
-85
-125
-132
-145
-133
-119
-110
-89
-89
-115
-108
-75
-26
59
88
139
113
89
43
15
-18
-4
-4
28
52
69
50
40
18
21
17
11
2
7
30
61
67
53
43
12
-6
-43
-53
-42
-24
23
38
50
49
14
-20
-40
-13
13
43
38
44
70
92
131
153
152
130
99
51
25
8
-13
-47
-69
-79
-82
-75
-74
-82
-83
-109
-89
-80
-42
-3
23
42
60
52
46
43
35
39
27
17
13
-17
-15
-22
3
2
42
60
73
34
18
-1
-2
-4
-6
-13
-38
-56
-97
-93
-78
-51
-31
-23
-17
-15
-22
-55
-64
-89
-87
-102
-97
-89
-74
-76
-97
-85
-73
-79
-61
-87
-64
-78
-84
-73
-73
-65
-23
-42
-35
-62
-59
-54
-48
-9
18
40
57
21
-9
-22
-7
14
18
24
-5
-17
-48
-39
-27
-21
-23
-54
-85
-100
-101
-87
-76
-58
-50
-42
-25
-4
3
18
20
4
-36
-60
-75
-56
-37
-5
22
39
30
23
-15
-6
0
26
37
29
29
13
19
28
-10
-36
-70
-78
-32
5
54
107
127
161
168
164
136
127
115
115
104
76
27
0
-39
-41
-46
-14
-11
2
-1
25
22
31
35
57
69
58
24
-4
-50
-67
-82
-79
-85
-84
-112
-81
-60
-21
-30
-62
-83
-93
-79
-46
-19
-5
-5
10
-1
-3
18
-3
-6
-20
-22
-6
10
24
45
50
48
67
55
61
58
60
65
45
18
-6
-20
-43
-62
-85
-78
-45
-54
-75
-105
-89
-75
-36
-46
-46
-31
-29
-19
-46
-44
-21
8
41
70
59
47
43
30
47
47
48
36
44
67
63
61
45
44
37
22
1
-31
-50
-75
-78
-78
-49
-4
5
-20
-69
-98
-119
-115
-118
-96
-60
-12
13
9
-24
-57
-57
-61
-41
-22
-28
-36
-41
-47
-66
-65
-61
-44
-65
-84
-103
-108
-86
-76
-42
1
55
84
83
94
78
83
69
53
58
60
74
73
42
45
60
73
79
96
108
115
121
96
50
28
-15
-34
-15
-12
7
3
-25
-33
-8
-5
22
22
18
28
26
32
14
15
-9
-34
-45
-51
-65
-105
-103
-105
-86
-89
-48
-31
6
11
-3
-9
-35
-58
-78
-74
-72
-38
-42
-26
-34
-21
-25
-21
-13
-7
9
28
20
19
15
5
8
-4
-1
-13
-16
-5
8
20
35
34
45
35
34
41
25
42
56
27
-4
-38
-45
-35
-9
-10
-27
-37
-41
-34
-45
-31
-13
14
27
32
48
35
49
23
4
-45
-67
-76
-81
-66
-72
-44
-16
-5
0
-21
-35
-51
-65
-69
-56
-45
-20
10
5
-22
-59
-66
-68
-33
4
44
59
66
59
60
61
65
69
44
26
9
-12
-38
-57
-71
-77
-70
-79
-91
-92
-79
-65
-45
-39
-27
-22
-4
-16
-16
-44
-51
-44
-41
-26
-33
-19
-46
-23
-14
-1
30
32
63
68
79
67
52
11
7
-21
-25
-10
8
29
75
89
94
98
102
83
98
99
103
111
91
71
54
21
4
-8
-31
-19
10
23
16
0
11
26
43
37
1
-7
-1
32
51
27
10
4
3
36
0
-19
-55
-52
-51
-21
-28
-19
-26
-24
-3
-7
-30
-34
-64
-53
-63
-23
-16
0
29
10
43
23
19
16
-12
5
26
36
49
25
-11
-10
-17
-21
-26
-33
-18
1
7
33
58
80
83
62
39
27
39
32
53
55
55
26
-21
-37
-48
-49
-32
-23
-38
-26
9
54
60
26
-15
-40
-56
-76
-84
-89
-79
-86
-107
-113
-87
-49
-39
-24
8
52
69
54
27
-1
-9
-31
-51
-62
-73
-78
-90
-76
-82
-66
-51
-1
29
44
71
90
100
101
88
82
72
76
89
83
106
89
76
59
32
18
17
42
79
128
130
158
163
171
193
184
174
160
180
191
209
211
192
179
136
104
77
77
96
102
106
107
107
75
54
42
47
34
20
45
34
51
23
20
23
15
33
3
-4
-15
-16
-19
-37
-39
-51
-54
-59
-69
-46
-51
-30
-32
-8
17
51
58
86
96
93
98
85
89
85
90
70
66
38
26
-11
-42
-70
-90
-123
-124
-122
-129
-132
-154
-157
-159
-165
-157
-160
-174
-174
-141
-133
-111
-131
-136
-122
-102
-76
-72
-50
-41
-62
-81
-104
-83
-83
-76
-103
-152
-177
-156
-147
-106
-109
-91
-70
-60
-43
-54
-84
-77
-76
-62
-84
-122
-147
-163
-169
-189
-216
-234
-240
-243
-220
-190
-162
-151
-144
-146
-152
-181
-178
-165
-130
-116
-97
-87
-68
-57
-39
-16
-15
8
-10
-38
-57
-62
-69
-56
-28
-24
-1
20
19
14
10
3
-2
26
20
18
5
-12
31
27
33
12
-6
-12
-18
-19
-16
-2
1
9
9
42
84
109
91
78
49
36
25
7
4
30
57
103
116
116
115
106
136
154
201
215
224
237
219
225
215
194
156
143
108
101
80
89
97
106
114
87
72
76
84
83
58
51
56
50
44
60
52
71
72
69
63
62
41
17
-11
-40
-72
-126
-157
-163
-155
-130
-114
-89
-72
-45
-26
-9
14
13
21
3
-2
-3
-12
-39
-68
-96
-107
-62
-34
-15
6
42
55
56
8
-50
-75
-99
-78
-77
-30
0
17
17
6
14
23
16
4
-9
-65
-107
-152
-175
-164
-142
-100
-62
-5
26
51
58
67
78
84
89
125
111
108
72
31
-3
-10
-10
25
49
93
113
143
133
124
98
94
95
77
27
8
1
28
48
51
46
42
26
13
6
-11
-9
-19
-24
-24
-55
-72
-90
-81
-61
-40
-17
-15
-37
-44
-31
-24
-42
-50
-24
-12
-1
-28
-52
-52
-43
-35
-21
-35
-17
-29
-16
4
26
37
56
53
44
41
25
29
25
39
35
17
19
38
43
76
79
106
96
84
69
36
23
16
5
4
11
26
56
53
50
29
-7
-58
-72
-74
-56
-22
-3
26
47
63
40
7
-19
-36
-59
-54
-58
-27
5
18
15
-2
-45
-66
-88
-86
-68
-51
-44
-35
-24
-37
-45
-67
-99
-153
-182
-215
-210
-194
-176
-137
-138
-134
-138
-149
-160
-161
-185
-185
-213
-223
-205
-182
-163
-158
-177
-168
-157
-152
-140
-110
-94
-65
-43
-29
-16
-1
13
24
24
28
26
-2
8
15
23
12
11
11
8
-2
3
20
52
53
64
49
40
19
-23
-37
-26
-28
-30
-59
-67
-69
-64
-42
-55
-37
-34
-25
-5
-11
0
-11
-33
-28
-8
-15
-20
-29
-13
-3
11
-9
-31
-45
-51
-51
-31
-11
3
9
-23
-14
-35
-18
2
-3
1
-7
30
26
19
-12
-24
-20
-31
-4
-21
1
34
71
75
70
50
39
50
35
47
33
27
20
5
4
-5
-20
-11
-19
-8
1
5
49
40
23
3
-22
-30
-21
-19
7
18
38
49
73
36
36
-5
-6
15
15
5
0
-25
-3
-7
13
18
2
16
-2
-16
-50
-68
-70
-57
-80
-76
-94
-89
-72
-58
-21
-27
-15
-23
-7
30
66
87
85
87
57
84
94
109
122
119
122
85
58
46
37
29
37
27
28
13
-14
-31
-56
-48
-24
23
56
69
47
33
30
24
12
6
10
36
50
66
78
93
104
131
113
100
85
78
64
36
17
-13
-29
-45
-34
-14
17
29
59
60
75
80
75
70
51
19
-6
-8
-13
-5
-13
22
24
55
61
93
101
85
75
51
47
56
46
32
3
-36
-87
-103
-113
-102
-102
-95
-87
-74
-56
-41
-47
-70
-73
-65
-40
-17
-32
-45
-63
-61
-47
-39
-11
4
15
-3
-5
7
42
78
118
105
107
95
83
72
47
37
8
-31
-31
-45
-45
-46
-62
-56
-57
-32
-17
14
40
66
69
83
101
99
98
75
59
51
34
7
-28
-55
-89
-65
-59
-11
19
36
41
46
40
24
15
10
16
25
43
54
35
26
14
12
0
-13
-39
-70
-63
-59
-18
1
7
-4
-22
-58
-82
-126
-142
-124
-111
-93
-81
-41
-16
-37
-69
-96
-108
-106
-82
-68
-28
-12
1
-6
-32
-54
-98
-113
-114
-117
-129
-133
-121
-106
-85
-70
-62
-56
-44
-37
-25
-15
-3
-2
8
-2
12
6
33
41
27
29
21
40
49
59
47
34
34
44
69
69
58
52
31
33
48
63
69
46
43
26
-3
-29
-64
-78
-71
-34
-37
-41
-56
-44
-24
8
20
12
28
37
40
29
14
-8
-27
-57
-52
-32
-20
8
15
32
41
51
56
43
61
54
81
93
131
128
130
121
103
68
25
11
-5
7
10
13
14
-17
13
-18
2
11
26
44
39
58
47
66
59
61
63
56
52
46
33
38
21
28
34
21
4
-12
-19
-47
-63
-87
-61
-40
-41
-44
-57
-48
-21
-2
-20
-7
-5
-2
-16
-9
-1
31
32
38
15
12
9
1
-24
-48
-70
-77
-77
-74
-83
-94
-106
-85
-73
-47
-40
-34
-64
-68
-72
-57
-28
-6
25
42
58
24
-5
-43
-42
-41
-45
-77
-87
-105
-101
-93
-73
-68
-62
-43
-19
31
66
93
95
120
108
103
96
88
78
57
19
-28
-86
-138
-151
-129
-115
-73
-27
8
6
-15
-26
-17
3
-15
-50
-79
-88
-74
-71
-62
-41
-9
49
88
103
102
92
70
58
55
89
80
98
90
90
87
59
11
-24
-22
15
29
30
25
54
61
64
48
71
71
73
59
60
64
75
64
55
54
33
15
-14
-14
3
-4
-21
-66
-111
-110
-104
-96
-95
-101
-104
-81
-52
7
24
33
14
0
0
-21
-37
-54
-41
-40
-45
-73
-78
-51
-33
-11
12
70
75
59
9
-19
-11
-18
-22
-56
-44
-55
-73
-78
-78
-47
-53
-61
-85
-75
-49
11
52
78
79
76
41
39
38
48
48
45
22
25
13
27
16
-5
-21
-7
-15
1
12
18
9
17
-12
-15
-22
-32
-33
-12
17
59
69
63
73
66
71
53
0
-37
-46
-26
4
35
56
76
85
78
88
62
68
69
84
94
99
89
95
80
50
21
-15
-5
-14
-12
-16
-12
29
51
71
46
-3
-53
-98
-107
-94
-56
-41
-14
-7
-10
-7
-9
-11
-2
-30
-24
-30
-3
3
12
-5
-50
-99
-126
-125
-91
-31
8
48
62
67
41
22
41
45
38
6
-42
-65
-105
-112
-105
-112
-119
-128
-127
-91
-69
-63
-90
-92
-84
-76
-79
-88
-79
-67
-67
-76
-123
-135
-160
-146
-155
-156
-144
-146
-119
-88
-63
-48
-53
-62
-57
-57
-55
-78
-82
-58
-46
-26
-3
32
45
41
30
41
66
75
70
51
35
22
44
40
51
59
27
18
4
0
19
15
35
6
17
9
33
26
12
-21
-44
-79
-101
-95
-98
-76
-65
-45
-20
-17
-25
-48
-53
-39
-29
-19
-26
-35
-51
-41
-50
-50
-45
-12
-4
14
16
3
9
-12
-9
-3
-3
22
18
-16
-31
-50
-33
-4
-11
13
17
33
75
64
59
47
8
-8
-52
-58
-63
-74
-81
-80
-75
-47
-58
-76
-73
-55
-25
-4
15
31
53
58
56
63
42
53
56
52
42
33
27
19
20
45
53
73
76
59
45
30
32
42
65
63
57
23
38
18
13
-22
-30
-26
18
54
69
47
53
78
88
91
56
26
-1
-21
-36
-36
-32
-25
8
7
2
7
-36
-60
-89
-112
-122
-153
-155
-177
-145
-121
-83
-71
-45
-19
-15
-5
23
41
54
78
67
65
51
31
17
-18
-16
-41
-19
-14
1
10
21
49
20
18
22
22
16
-13
-39
-52
-93
-139
-173
-221
-230
-226
-236
-219
-218
-174
-151
-157
-151
-153
-142
-117
-118
-122
-104
-104
-54
-16
23
62
91
111
151
147
160
184
187
209
223
228
249
239
219
199
143
91
73
72
82
69
51
32
20
32
33
51
84
94
113
103
122
126
93
47
25
25
46
53
57
53
48
19
-9
-34
-30
-31
-39
-38
-71
-92
-97
-106
-121
-137
-157
-168
-171
-186
-170
-141
-101
-33
-14
-13
-2
-7
24
33
58
81
92
123
158
199
224
237
223
231
262
261
233
210
155
122
102
75
63
43
9
18
31
61
68
64
58
34
45
45
63
68
51
14
-5
-27
-43
-65
-77
-111
-131
-123
-107
-66
-57
-51
-51
-54
-71
-85
-119
-153
-153
-136
-128
-96
-71
-54
-46
-57
-65
-66
-71
-47
-77
-75
-93
-114
-139
-174
-197
-228
-217
-175
-122
-38
-6
23
31
21
-5
-20
-25
-23
21
6
3
-2
-55
-62
-101
-113
-112
-101
-88
-91
-124
-104
-103
-76
-34
-4
-7
-29
-45
-46
-17
-33
-39
-46
-34
-16
-21
-24
-51
-54
-79
-75
-56
-40
-41
-53
-64
-68
-69
-52
-12
46
60
69
69
39
55
46
37
64
70
72
69
54
31
14
4
-13
30
15
29
20
6
14
5
1
8
44
38
35
43
37
25
4
10
20
30
21
5
2
12
11
14
6
35
36
42
11
16
14
42
52
54
49
31
13
-9
-10
-3
24
34
36
56
21
24
39
57
87
112
97
128
118
120
125
104
108
93
51
40
32
35
46
66
92
94
81
83
83
90
100
94
93
92
93
70
62
23
16
12
15
56
42
74
85
110
93
64
35
9
-2
-22
-19
1
9
23
-1
-20
-18
-13
-17
-2
-12
-6
-7
4
11
2
-25
-59
-38
-24
-7
-12
-20
-15
3
-6
-18
-30
-45
-56
-44
-61
-71
-70
-63
-45
-54
-54
-75
-65
-51
-20
-1
31
47
64
35
13
-15
-43
-54
-53
-47
-11
-30
-28
-46
-58
-39
-46
-47
-41
-31
-5
-7
-4
11
6
26
46
35
39
40
54
51
63
56
58
78
79
76
44
47
40
60
58
73
63
40
22
4
-18
-13
-8
9
14
31
43
56
69
41
-5
-27
-22
-6
8
-12
-9
-32
-47
-71
-84
-91
-96
-89
-88
-82
-60
-39
-51
-68
-104
-130
-114
-103
-72
-67
-33
-35
-17
-42
-56
-83
-103
-96
-88
-75
-52
-61
-41
-70
-70
-59
-50
-41
-24
-11
-6
7
20
0
9
22
35
42
25
-17
-27
-44
-28
-56
-45
-38
1
-8
6
-9
-8
-8
-7
8
-2
6
-13
0
-14
-2
6
33
-3
-7
-28
-24
-11
-32
-45
-37
-40
-27
-57
-43
-51
-36
-11
-2
-19
-24
-21
0
14
1
5
17
6
35
35
47
73
45
40
5
10
-2
2
11
12
17
-13
-9
-23
-33
-32
-34
-26
-4
-4
-9
-1
15
9
-28
-61
-71
-49
-38
-26
-25
-12
-21
13
-1
8
9
-1
27
39
51
51
41
37
46
57
42
33
1
-18
-31
-20
-17
17
19
8
-5
-18
-24
-28
-20
-25
-27
-46
-37
-52
-38
-26
-11
-21
-1
-1
10
21
34
41
38
2
-18
-16
-11
-12
-46
-75
-99
-111
-100
-111
-74
-44
-5
19
38
15
1
-30
-51
-55
-63
-37
-52
-40
-41
-35
-32
-35
-36
-35
-17
8
50
27
23
-24
-37
-54
-60
-43
-47
-24
-5
-25
1
-7
16
41
42
48
38
9
6
-7
-35
-5
12
27
38
28
43
9
0
-17
-25
5
0
24
61
74
90
82
83
88
87
86
90
85
69
59
28
5
-13
-13
-17
-28
-34
-16
-24
-33
-14
-23
6
26
34
32
7
-25
-23
-31
-33
-23
-37
-32
-28
-37
-30
-50
-67
-74
-53
-36
-2
-19
5
-3
-26
-28
-62
-73
-98
-122
-106
-105
-92
-77
-70
-50
-21
-17
-16
-45
-51
-47
-27
-15
-33
-67
-94
-101
-103
-89
-74
-37
-28
-8
-8
-13
-4
0
3
-17
-51
-72
-84
-110
-116
-107
-96
-93
-83
-76
-30
-19
-8
-36
-48
-39
-32
-23
-3
-21
-36
-52
-75
-76
-73
-81
-72
-94
-64
-37
-30
-21
-36
-45
-42
-45
-46
-31
-46
-15
-28
-9
-1
-9
-20
-27
-13
4
27
33
27
15
-5
0
-15
-8
-3
-10
-4
-14
-4
7
-14
-7
-21
8
49
75
82
58
18
-23
-71
-66
-29
-11
-9
-24
-52
-49
-44
-47
-64
-105
-126
-127
-108
-39
11
22
21
-3
-23
-30
-22
4
37
61
64
99
113
116
89
46
25
6
-4
-7
-3
30
20
38
45
37
43
48
34
50
41
24
58
44
45
-1
-20
-19
-11
-1
-15
-2
10
5
29
66
70
66
39
61
102
135
145
136
125
115
91
64
31
-18
