24
19
14
7
-1
-6
-3
-2
-3
0
3
-1
-8
-9
-10
-11
-19
-24
-39
-49
-59
-65
-69
-66
-62
-61
-57
-52
-41
-35
-27
-12
5
18
32
36
31
28
17
7
-4
-8
-17
-29
-36
-36
-32
-25
-26
-30
-39
-41
-44
-53
-65
-80
-92
-109
-122
-124
-125
-117
-107
-105
-102
-93
-73
-57
-46
-39
-35
-32
-32
-27
-22
-11
7
20
13
3
4
-7
-4
-4
0
5
24
33
35
39
48
50
48
46
37
34
33
34
34
29
28
30
24
6
-9
-23
-16
-11
-3
1
5
7
5
0
-1
-6
-9
-15
-7
-5
0
-2
-13
-21
-30
-32
-39
-42
-36
-30
-30
-27
-31
-34
-41
-52
-53
-55
-47
-39
-35
-27
-15
-10
-3
-14
-20
-32
-36
-36
-30
-21
-10
-3
-8
-5
-13
-11
-14
-15
-18
-14
-15
-2
7
17
16
21
16
4
-5
-13
-15
-11
-12
-6
-2
4
1
-2
-14
-22
-35
-40
-48
-56
-66
-74
-74
-67
-66
-65
-63
-60
-52
-49
-46
-44
-42
-39
-46
-50
-51
-44
-35
-19
-2
3
9
7
-9
-22
-26
-34
-40
-40
-44
-54
-67
-72
-75
-69
-66
-55
-50
-48
-51
-55
-62
-63
-55
-51
-39
-33
-25
-23
-16
-20
-20
-20
-11
-9
-9
-3
2
8
14
21
22
17
5
-4
-12
-11
-10
-4
-1
5
12
6
-5
-13
-9
-3
6
5
0
-13
-14
-17
-14
-10
-9
-15
-17
-20
-22
-21
-20
-18
-16
-13
-12
-20
-28
-27
-16
0
21
36
50
58
62
59
41
26
13
5
-3
-4
-6
-13
-18
-28
-34
-31
-25
-13
-15
-15
-16
-16
-19
-22
-32
-37
-35
-29
-35
-39
-49
-57
-64
-60
-47
-35
-12
8
29
38
45
52
58
59
51
44
26
13
5
-4
-10
-15
-18
-10
3
11
8
8
0
-1
-1
-5
-8
-10
-2
3
-1
0
-1
0
-1
-2
-1
-3
-2
4
9
15
20
23
28
31
32
34
24
20
10
8
-1
-7
-19
-31
-37
-40
-45
-53
-51
-52
-50
-44
-42
-35
-32
-23
-26
-34
-38
-41
-39
-42
-36
-35
-30
-20
-20
-26
-40
-41
-40
-39
-32
-43
-48
-53
-57
-56
-56
-52
-52
-60
-64
-63
-62
-54
-42
-33
-27
-12
-2
5
0
-6
-15
-29
-40
-44
-39
-40
-39
-42
-46
-43
-41
-37
-32
-23
-16
-17
-14
-19
-23
-25
-19
-15
-13
-19
-21
-27
-31
-23
-20
-22
-19
-24
-18
-16
-15
-15
-19
-23
-29
-41
-49
-58
-63
-72
-80
-86
-97
-102
-103
-99
-90
-82
-75
-74
-68
-52
-36
-23
-17
-23
-31
-31
-16
6
28
41
44
37
27
17
10
-4
-12
-24
-37
-45
-48
-44
-36
-34
-28
-22
-15
-3
0
9
13
16
18
19
19
13
8
9
6
5
2
0
-6
-15
-15
-19
-20
-22
-19
-13
-7
-2
-8
-9
-6
0
-1
-3
-12
-22
-29
-27
-23
-14
-2
3
3
3
3
3
5
16
28
33
26
11
-5
-21
-30
-40
-40
-38
-39
-38
-35
-28
-20
-16
-9
-6
-4
2
15
22
22
27
34
44
44
36
30
24
23
21
16
9
4
-1
1
-7
-7
-21
-35
-41
-41
-43
-39
-32
-27
-17
-10
-3
-3
-7
-14
-18
-23
-19
-18
-19
-20
-20
-16
-15
-10
-9
-16
-26
-31
-40
-31
-21
-10
-5
-5
-12
-19
-26
-24
-24
-26
-27
-31
-33
-34
-36
-40
-46
-46
-53
-58
-65
-72
-79
-82
-77
-71
-65
-55
-34
-17
3
21
28
34
28
25
13
8
-1
-5
-20
-33
-45
-57
-62
-70
-71
-74
-74
-71
-72
-71
-70
-65
-64
-56
-50
-40
-27
-14
3
3
12
17
28
34
42
44
44
40
30
18
9
10
6
1
-8
-12
-13
-15
-10
-16
-22
-23
-16
-10
3
8
12
8
15
15
24
33
44
51
48
42
29
7
-7
-13
-19
-23
-34
-48
-64
-71
-72
-72
-64
-54
-37
-23
-12
-8
-10
-21
-21
-30
-46
-51
-59
-70
-86
-102
-113
-120
-116
-103
-87
-65
-44
-22
-8
3
10
7
11
19
19
18
17
10
-1
-13
-21
-36
-48
-76
-106
-140
-169
-180
-185
-184
-184
-187
-195
-201
-199
-196
-179
-157
-128
-100
-67
-34
-5
17
43
64
80
92
99
98
93
83
73
57
41
25
6
-7
-16
-21
-26
-27
-24
-23
-26
-35
-34
-31
-24
-19
-9
2
14
21
20
27
28
34
40
48
52
54
49
44
36
31
27
20
11
18
25
31
36
35
30
24
22
20
14
9
12
23
32
31
30
26
30
30
27
22
30
41
51
61
69
71
65
63
51
39
26
5
-21
-40
-46
-48
-48
-55
-60
-61
-61
-53
-47
-43
-38
-32
-32
-24
-24
-30
-42
-46
-42
-39
-30
-13
-7
0
7
16
15
10
-4
-23
-38
-48
-51
-48
-37
-21
-12
-12
-25
-36
-43
-42
-32
-20
-9
1
17
27
36
43
40
32
27
15
5
-2
-12
-24
-25
-28
-29
-25
-21
-11
-7
-5
2
13
22
24
26
26
27
22
14
-1
-14
-25
-32
-36
-33
-31
-35
-43
-47
-54
-54
-51
-50
-50
-48
-45
-39
-36
-23
-19
-15
-4
-11
-12
-7
-5
0
3
7
14
18
34
47
56
56
46
38
30
28
28
17
11
-4
-7
-9
-7
-11
-9
-7
5
7
6
5
-2
-8
-12
-12
-12
-7
-3
-2
-3
-6
-2
-1
3
8
18
23
17
10
11
6
4
-5
-16
-28
-32
-40
-45
-42
-35
-33
-23
-24
-28
-43
-49
-50
-43
-35
-36
-42
-40
-39
-39
-40
-39
-35
-33
-33
-24
-21
-20
-23
-13
3
32
58
63
52
37
26
15
11
5
-3
-17
-36
-49
-56
-48
-34
-14
-1
9
17
11
8
5
8
10
19
22
28
31
40
38
32
22
13
1
-2
-2
-1
-5
-7
2
7
18
22
24
27
26
24
23
29
34
25
13
-1
-10
-27
-34
-34
-36
-32
-30
-23
-16
-11
-15
-22
-28
-36
-33
-32
-34
-32
-37
-38
-43
-50
-54
-51
-46
-45
-40
-27
-19
-17
-16
-18
-17
-16
-12
-11
-15
-19
-27
-38
-43
-44
-50
-57
-68
-70
-64
-46
-32
-24
-25
-36
-44
-49
-47
-43
-44
-49
-52
-55
-65
-64
-63
-61
-58
-55
-56
-52
-37
-21
-10
-9
-8
-23
-35
-39
-33
-23
-16
-18
-34
-45
-50
-52
-58
-64
-62
-51
-45
-37
-28
-28
-25
-24
-18
-14
-8
-7
-7
-10
-6
-6
-5
-3
-7
-10
-15
-14
-17
-15
-8
-4
-3
-11
-13
-22
-25
-22
-29
-31
-33
-33
-39
-40
-42
-44
-40
-37
-31
-30
-35
-33
-36
-33
-25
-16
-9
-4
2
18
30
38
41
29
29
23
11
-2
-18
-27
-36
-41
-38
-39
-38
-41
-40
-37
-29
-22
-25
-25
-21
-13
-13
-13
-13
-19
-23
-29
-37
-55
-62
-61
-55
-46
-36
-34
-33
-37
-36
-34
-24
-13
-7
1
9
15
10
2
-15
-31
-50
-58
-64
-59
-53
-47
-49
-56
-58
-54
-45
-30
-33
-32
-33
-26
-14
-14
-11
-10
-15
-21
-31
-32
-45
-50
-45
-37
-33
-24
-18
-16
-19
-24
-29
-35
-37
-39
-37
-38
-42
-46
-53
-50
-48
-49
-51
-54
-48
-37
-21
-6
-1
3
4
-3
-10
-14
-23
-31
-34
-32
-36
-29
-31
-20
-19
-18
-11
-8
-11
-5
-9
-17
-24
-31
-37
-42
-43
-46
-44
-33
-16
-9
-3
-12
-12
-12
-2
9
11
11
12
5
-2
-16
-25
-36
-40
-36
-41
-46
-49
-45
-36
-24
-12
-6
5
18
23
18
14
8
5
-5
-18
-28
-32
-22
-8
5
5
6
5
1
2
11
17
20
14
8
-4
-10
-13
-16
-23
-23
-30
-35
-36
-29
-27
-22
-18
-14
-18
-20
-29
-32
-27
-19
-16
-22
-30
-31
-29
-18
-7
-3
-5
-19
-25
-31
-38
-29
-27
-15
-8
-11
-16
-14
-14
-14
-14
-7
-1
-1
2
0
-1
-7
-12
-16
-20
-24
-33
-50
-64
-67
-63
-56
-44
-43
-43
-49
-43
-40
-41
-37
-34
-29
-30
-33
-29
-26
-14
-7
-6
-2
4
9
7
5
11
19
20
26
25
31
40
52
62
65
69
59
46
36
23
10
8
5
10
11
11
9
1
0
-1
-1
5
8
13
11
11
5
8
10
18
26
28
28
30
24
13
7
-1
-2
7
13
13
15
20
27
26
33
30
23
10
-1
-12
-18
-14
-6
5
12
9
-4
-20
-21
-20
-13
-10
-15
-35
-49
-63
-63
-64
-64
-57
-59
-52
-45
-35
-37
-30
-23
-8
2
12
20
21
20
20
20
19
15
7
-14
-25
-30
-45
-51
-58
-59
-61
-62
-59
-57
-54
-43
-38
-27
-18
-19
-21
-30
-33
-35
-30
-14
-5
2
13
25
29
28
24
20
10
0
-3
-11
-18
-17
-18
-11
-5
1
6
11
10
2
2
8
16
13
5
4
1
-2
7
9
10
3
-7
-13
-19
-19
-16
-17
-18
-23
-26
-34
-35
-25
-21
-14
-12
-12
-8
-4
2
7
18
43
55
65
46
25
-1
-23
-30
-34
-42
-38
-26
-13
-1
2
-5
-16
-21
-24
-23
-14
-1
7
16
21
22
10
0
-9
-18
-30
-42
-56
-72
-80
-83
-84
-81
-72
-60
-47
-36
-26
-17
-3
19
35
43
43
42
32
19
13
5
2
2
-5
-23
-36
-48
-57
-65
-73
-84
-92
-94
-95
-96
-99
-98
-94
-90
-86
-69
-62
-58
-54
-57
-63
-65
-55
-36
-21
-9
-2
-2
-6
-8
-11
-17
-28
-43
-53
-59
-50
-59
-64
-65
-65
-65
-59
-56
-47
-40
-37
-43
-53
-55
-54
-46
-36
-26
-15
-3
3
8
7
-1
-6
-19
-22
-28
-28
-32
-38
-46
-59
-77
-79
-73
-61
-51
-44
-40
-40
-34
-22
-15
-6
1
5
2
0
1
0
-3
1
1
11
16
16
12
-1
-14
-24
-44
-51
-51
-46
-30
-18
-7
10
35
54
59
58
55
50
45
43
37
24
8
-14
-36
-53
-52
-46
-38
-37
-30
-29
-20
-11
3
8
15
20
20
24
24
29
31
40
36
27
22
5
-1
-14
-27
-42
-58
-63
-71
-75
-73
-55
-40
-28
-22
-18
-18
-21
-18
-14
-8
-3
-2
-8
-17
-22
-26
-28
-28
-33
-34
-33
-24
-19
-19
-17
-15
-10
0
10
18
17
13
2
-3
-9
-13
-18
-22
-21
-15
-15
-19
-26
-35
-48
-62
-73
-83
-87
-85
-81
-82
-79
-77
-77
-66
-51
-45
-41
-41
-43
-51
-56
-53
-47
-39
-32
-23
-19
-17
-12
-6
0
8
15
22
22
26
23
24
25
32
33
36
32
29
25
30
37
35
20
2
-17
-21
-19
-16
-25
-38
-45
-49
-55
-61
-70
-75
-75
-72
-62
-48
-41
-43
-44
-36
-20
-12
-6
7
14
13
3
-1
-6
-3
2
6
10
11
4
-8
-11
-11
-2
-1
-2
-11
-24
-38
-35
-29
-19
-13
-14
-15
-12
-8
-15
-12
-6
7
9
5
14
17
21
14
8
1
3
2
-7
-17
-27
-38
-41
-38
-37
-36
-25
-13
-2
-4
-2
-3
-9
-2
2
1
-3
-7
-11
-20
-22
-20
-21
-22
-19
-16
-9
-8
-8
-11
-16
-12
-6
-1
2
2
-4
-11
-16
-20
-24
-17
-13
-13
-27
-32
-40
-38
-38
-34
-30
-28
-30
-36
-48
-55
-59
-65
-68
-74
-77
-81
-78
-72
-67
-66
-62
-63
-63
-56
-49
-40
-30
-20
-16
-13
-9
-7
-11
-16
-18
-18
-23
-27
-36
-49
-51
-49
-49
-57
-59
-62
-69
-71
-69
-60
-42
-21
2
20
35
39
32
22
14
10
9
8
10
5
-3
-12
-21
-23
-19
-19
-15
-12
-7
-6
-6
-1
-1
-8
-10
-13
-9
-11
-11
-18
-34
-53
-61
-64
-62
-58
-49
-51
-44
-38
-34
-28
-21
-12
-13
-14
-12
-6
-11
-13
-17
-25
-27
-30
-34
-25
-11
1
13
22
22
27
34
43
50
47
40
28
20
20
20
17
9
8
6
8
1
-3
-25
-38
-46
-53
-58
-59
-52
-42
-27
-11
5
13
25
35
48
56
60
54
38
22
6
-14
-34
-51
-70
-84
-99
-106
-114
-118
-115
-111
-104
-94
-82
-79
-67
-65
-51
-41
-22
1
26
42
44
36
14
7
9
3
-4
-22
-28
-32
-38
-39
-36
-35
-22
-6
8
16
16
6
-15
-36
-52
-53
-46
-39
-42
-48
-50
-50
-55
-52
-47
-49
-44
-44
-49
-49
-47
-43
-41
-34
-32
-24
-22
-24
-25
-34
-30
-26
-24
-17
-4
8
21
33
51
62
74
84
87
84
79
77
75
72
68
59
42
28
13
-3
-17
-24
-27
-31
-29
-31
-34
-41
-41
-38
-36
-27
-26
-23
-29
-22
-25
-18
-17
-21
-20
-23
-22
-21
-24
-17
0
16
28
31
30
30
30
33
38
56
77
87
87
81
66
45
21
11
7
-1
-8
-16
-25
-26
-28
-33
-29
-29
-16
-6
5
13
16
9
0
-7
-21
-25
-30
-27
-26
-22
-21
-23
-22
-24
-27
-29
-29
-32
-34
-33
-29
-31
-34
-33
-27
-21
-17
-12
-13
-9
-7
-4
-10
-17
-28
-39
-40
-36
-37
-37
-42
-50
-56
-54
-44
-47
-43
-40
-33
-38
-43
-38
-34
-28
-24
-19
-17
-14
-5
1
3
10
11
10
9
7
2
-5
-13
-20
-23
-26
-34
-39
-49
-49
-47
-49
-43
-41
-33
-23
-18
-16
-15
-10
-10
-3
3
13
24
26
24
23
14
12
12
10
12
16
15
15
12
13
7
7
11
8
2
-5
-7
-10
-6
-6
-5
-6
-13
-13
-14
-17
-16
-11
-5
-2
5
1
-9
-18
-22
-22
-12
-13
-8
-11
-7
-10
-9
-15
-27
-40
-48
-51
-54
-61
-62
-55
-47
-37
-28
-22
-20
-18
-10
-9
-3
-1
-8
-10
-7
-7
-8
-17
-17
-17
-16
-14
-16
-21
-17
-17
-14
-9
1
19
27
41
43
42
28
20
12
4
-6
-9
-25
-32
-36
-36
-40
-39
-42
-44
-43
-37
-23
-9
0
10
15
14
18
9
0
-7
-18
-23
-29
-29
-33
-35
-37
-23
-15
-2
-1
-1
-3
-2
-1
0
2
9
4
-6
-18
-30
-39
-45
-42
-39
-36
-32
-28
-26
-33
-30
-33
-29
-28
-26
-32
-36
-36
-36
-28
-21
-16
-17
-18
-15
-12
-4
-1
2
-1
-2
-2
-6
-7
-9
-5
-7
-9
-11
-16
-22
-15
-15
-13
-12
-23
-26
-25
-16
-8
-4
-7
-4
-6
-3
-11
-15
-19
-19
-15
-15
-17
-13
-17
-11
1
13
22
33
35
36
34
37
34
22
7
-9
-23
-28
-29
-23
-28
-29
-25
-22
-18
-13
-8
2
3
8
-2
-14
-19
-23
-26
-26
-28
-23
-15
-4
5
5
10
11
1
-10
-12
-1
4
17
18
16
19
28
27
30
35
38
37
24
11
-9
-29
-49
-64
-71
-66
-55
-54
-51
-52
-54
-60
-59
-56
-55
-57
-54
-47
-41
-39
-43
-46
-52
-48
-49
-49
-47
-45
-44
-50
-54
-51
-47
-36
-27
-15
-8
-8
-9
-15
-15
-20
-30
-41
-47
-47
-49
-47
-52
-57
-57
-61
-59
-66
-57
-51
-51
-49
-44
-39
-31
-27
-33
-40
-44
-34
-24
-19
-16
-19
-19
-20
-23
-29
-39
-43
-47
-45
-48
-45
-47
-56
-61
-67
-67
-61
-54
-53
-54
-47
-37
-27
-20
-17
-18
-21
-12
-8
-2
4
5
8
5
6
4
-7
-16
-29
-38
-51
-57
-56
-56
-51
-48
-43
-36
-24
-17
-18
-27
-40
-47
-44
-36
-21
-16
-8
-1
0
5
13
9
1
1
-1
-1
7
14
15
23
24
24
18
10
6
-5
-6
-2
-3
-8
-4
-2
1
5
5
10
9
13
11
9
8
5
5
10
11
11
11
13
19
23
23
23
30
25
27
22
20
6
1
-4
-8
-10
-1
0
3
3
-8
-20
-26
-32
-31
-32
-28
-24
-21
-13
-5
-3
-6
-11
-15
-28
-32
-34
-32
-25
-19
-17
-23
-31
-32
-35
-32
-24
-24
-21
-19
-13
-12
-20
-28
-30
-27
-18
-15
-13
-16
-15
-18
-29
-38
-38
-36
-36
-33
-37
-40
-41
-45
-44
-38
-28
-19
-13
-12
-13
-16
-17
-15
-20
-30
-36
-34
-33
-34
-37
-40
-39
-36
-31
-23
-10
2
3
-6
-8
-15
-21
-34
-40
-43
-42
-33
-33
-35
-43
-49
-51
-60
-59
-54
-47
-41
-32
-29
-23
-15
-15
-16
-16
-13
-19
-12
-8
2
8
9
10
7
7
2
1
7
16
25
28
20
10
-10
-21
-32
-44
-63
-74
-77
-77
-82
-92
-97
-102
-105
-105
-112
-116
-121
-121
-122
-118
-113
-107
-103
-95
-85
-79
-69
-62
-57
-47
-42
-30
-28
-24
-11
5
30
51
60
47
29
13
-3
-11
-11
-12
-13
-13
-10
-1
9
20
20
14
12
7
-1
-20
-25
-27
-21
-9
-6
-1
1
10
12
17
27
38
41
39
33
29
24
21
21
13
11
6
-1
-10
-15
-21
-36
-49
-61
-72
-77
-78
-76
-72
-62
-48
-38
-28
-19
-11
-5
-4
1
-1
1
2
1
-4
-1
6
9
14
23
30
33
35
36
41
49
59
65
53
39
25
11
0
-8
-18
-25
-27
-31
-37
-44
-51
-61
-64
-66
-59
-55
-47
-37
-30
-22
-14
-7
-9
-6
-7
-4
-1
-1
-8
-17
-21
-21
-19
-14
0
20
26
32
25
10
-2
-15
-19
-23
-24
-21
-13
-16
-16
-26
-34
-33
-33
-32
-41
-41
-44
-49
-54
-54
-51
-46
-45
-48
-51
-44
-39
-41
-47
-47
-49
-45
-39
-34
-33
-34
-37
-33
-32
-16
-15
-15
-13
-14
-14
-17
-15
-29
-39
-52
-55
-58
-52
-50
-46
-45
-38
-31
-28
-23
-17
-18
-19
-12
-11
-9
-1
5
5
3
7
18
27
36
41
38
26
10
-6
-15
-13
-4
3
-2
-1
4
4
6
6
1
1
-1
7
14
21
25
24
14
9
7
7
5
7
9
14
16
15
15
23
31
38
40
42
32
24
17
9
10
8
15
10
1
-5
-12
-19
-20
-17
-14
-12
-7
-4
-5
-10
-22
-36
-52
-57
-59
-60
-54
-51
-50
-45
-38
-25
-17
-15
-9
-5
8
21
28
28
29
33
34
42
35
24
-1
-22
-32
-51
-63
-78
-80
-80
-70
-63
-63
-61
-44
-23
-6
4
8
4
-2
-7
-5
-1
9
21
33
41
47
43
43
46
55
63
63
61
48
32
20
14
12
1
5
6
7
7
1
-10
-22
-22
-27
-32
-28
-21
-11
-8
-10
-11
-12
-9
-11
-18
-24
-27
-27
-20
-9
-1
3
0
-1
-2
-2
-1
2
-4
-5
-13
-27
-42
-53
-57
-57
-54
-54
-57
-68
-77
-86
-99
-102
-96
-83
-72
-59
-53
-47
-44
-42
-44
-44
-45
-40
-39
-36
-30
-21
-14
-7
-8
-9
-8
-1
-2
-4
-6
-13
-13
-13
-17
-25
-32
-39
-42
-55
-56
-53
-47
-39
-31
-21
-12
-6
-1
-3
-2
4
8
11
12
11
10
8
10
2
-7
-21
-33
-43
-47
-49
-53
-48
-36
-30
-34
-39
-48
-46
-39
-29
-15
-10
-4
4
0
-6
-9
-18
-24
-24
-23
-21
-23
-20
-18
-18
-24
-28
-32
-34
-25
-29
-28
-31
-28
-31
-39
-51
-61
-70
-63
-52
-53
-52
-56
-58
-54
-47
-36
-32
-26
-20
-17
-7
3
2
-5
-10
-13
-19
-19
-13
-9
-6
-3
-1
-1
-4
4
5
13
17
17
19
21
20
10
-6
-4
-11
-12
-30
-46
-57
-59
-51
-40
-28
-19
-11
-15
-17
-19
-14
-10
-6
0
-2
-4
-9
-10
-6
0
13
18
20
26
21
14
-2
-12
-19
-22
-17
-13
-16
-15
-13
-13
-14
-15
-17
-28
-34
-47
-51
-49
-37
-28
-22
-11
-7
-5
-4
-2
5
5
13
12
21
26
36
44
35
32
21
2
-22
-41
-56
-71
-75
-71
-71
-60
-50
-39
-35
-28
-20
-19
-15
-7
-5
-1
-1
2
2
0
-3
-10
-19
-20
-22
-21
-17
-17
-15
-13
-10
-11
-13
-14
-11
-18
-17
-23
-27
-32
-38
-47
-47
-49
-48
-57
-66
-70
-64
-51
-36
-10
0
3
-1
3
10
22
44
52
55
52
49
47
46
44
35
22
13
-4
-21
-36
-37
-38
-37
-35
-31
-30
-28
-30
-16
-10
-2
3
-12
-21
-29
-32
-35
-35
-36
-41
-40
-33
-30
-26
-21
-21
-22
-27
-35
-45
-47
-45
-40
-41
-41
-43
-44
-49
-47
-42
-39
-25
-20
-12
-3
3
11
11
13
10
0
-8
-9
-16
-16
-14
-9
-1
-1
10
8
2
-2
-10
-17
-14
-17
-17
-20
-29
-34
-49
-49
-42
-34
-31
-26
-20
-25
-21
-18
-12
2
14
11
5
-3
-22
-33
-41
-44
-41
-40
-34
-30
-19
-11
1
10
14
20
24
30
24
15
-1
-13
-26
-42
-58
-74
-82
-92
-96
-97
-91
-88
-87
-85
-86
-82
-81
-75
-68
-70
-67
-71
-70
-67
-57
-48
-41
-31
-33
-28
-12
7
20
30
37
38
27
17
10
-1
-8
-20
-34
-38
-37
-38
-36
-40
-42
-47
-51
-52
-56
-63
-69
-78
-82
-79
-65
-52
-41
-37
-29
-20
-8
9
22
28
34
34
33
24
25
17
24
30
25
24
16
9
-3
-25
-38
-44
-52
-50
-49
-45
-47
-50
-55
-53
-49
-37
-33
-32
-27
-26
-27
-24
-19
-20
-17
-24
-32
-41
-46
-46
-47
-37
-22
-1
5
7
7
10
11
3
-3
-7
1
14
18
23
33
40
43
45
42
40
39
38
34
34
36
39
31
22
12
1
-7
-11
-12
-8
-5
-4
-7
-11
-13
-18
-23
-31
-35
-37
-36
-34
-27
-26
-28
-26
-30
-20
-13
-4
-3
-9
-9
-13
-11
-4
2
-1
-10
-17
-31
-35
-29
-28
-24
-18
-11
-17
-27
-26
-31
-29
-24
-17
-13
-12
-9
-4
-6
-2
6
6
-1
2
3
3
-1
-2
-8
-6
-4
0
1
7
10
11
11
4
2
-3
1
5
3
0
3
-4
-2
0
3
10
9
7
-1
-8
0
11
-49
