23
19
10
8
0
-6
-13
-17
-33
-44
-56
-64
-72
-75
-83
-88
-95
-97
-100
-103
-104
-107
-102
-91
-79
-66
-54
-47
-42
-40
-31
-26
-15
-15
-13
-14
-12
0
1
0
5
-3
-11
-25
-29
-32
-37
-39
-42
-43
-41
-35
-37
-37
-32
-35
-35
-35
-33
-31
-30
-33
-31
-25
-24
-22
-21
-16
-22
-25
-26
-21
-18
-15
-10
-10
-10
-14
-16
-16
-20
-14
-20
-21
-18
-24
-25
-31
-35
-37
-34
-30
-24
-17
-18
-18
-11
-2
9
22
30
36
37
39
39
37
39
38
37
28
17
2
-9
-11
-12
-12
-10
-13
-12
-16
-23
-33
-38
-29
-24
-15
-15
-13
-14
-8
-6
0
-2
8
16
26
39
45
46
42
35
30
23
11
9
1
1
-2
-6
-16
-17
-27
-37
-49
-55
-53
-50
-43
-40
-36
-26
-22
-14
-2
0
7
18
22
21
12
8
10
12
17
16
26
35
46
55
59
63
62
54
48
37
30
25
23
26
28
30
31
27
22
17
15
14
19
29
33
38
39
36
26
19
15
10
8
4
-2
-3
-5
-2
-10
-14
-17
-22
-26
-31
-32
-33
-32
-17
-3
10
19
18
10
-1
-4
-8
-2
4
4
3
6
10
16
25
33
37
32
27
17
3
-9
-15
-13
-6
3
9
12
11
9
8
-9
-9
-12
-9
-11
-13
-15
-20
-21
-24
-30
-31
-33
-32
-39
-45
-50
-51
-41
-37
-41
-50
-59
-63
-66
-63
-56
-46
-40
-34
-34
-41
-46
-46
-32
-23
-5
20
37
55
64
71
77
83
85
81
75
69
61
56
53
51
45
34
23
10
-7
-23
-35
-44
-51
-46
-43
-36
-29
-26
-30
-35
-41
-40
-29
-16
-3
-3
-5
-2
4
9
16
15
12
13
16
16
19
20
18
17
16
9
4
7
10
20
21
21
11
-1
-9
-30
-37
-42
-33
-23
-23
-23
-23
-23
-19
-21
-28
-39
-51
-56
-66
-67
-71
-67
-60
-51
-44
-39
-33
-26
-11
3
8
17
16
3
0
-8
-8
-8
-7
-16
-21
-30
-42
-38
-28
-22
-20
-20
-15
-19
-9
1
6
9
9
10
18
19
22
26
24
17
10
-4
-9
-15
-21
-24
-23
-19
-14
-6
8
15
15
3
-7
-26
-34
-33
-21
-12
-5
-3
-2
-6
-13
-16
-26
-25
-38
-48
-64
-82
-100
-116
-125
-123
-116
-100
-79
-62
-45
-33
-25
-22
-32
-41
-60
-71
-69
-49
-19
23
57
81
89
90
86
82
76
69
60
44
37
28
15
9
1
-7
-12
-21
-27
-44
-61
-84
-102
-115
-115
-107
-95
-74
-54
-32
-23
-18
-17
-20
-10
-8
-5
2
0
-8
-22
-32
-36
-31
-20
-8
7
20
28
40
51
58
66
69
68
67
67
68
72
78
80
82
81
77
68
58
47
36
24
17
9
8
1
-11
-27
-43
-54
-55
-50
-40
-28
-21
-14
-11
-6
-6
-3
3
0
-2
-10
-9
-10
-6
-2
-3
-3
-1
8
13
23
31
45
58
71
81
83
83
79
74
71
68
61
47
38
27
16
7
-4
-10
-18
-20
-20
-20
-14
-14
-15
-14
-12
-11
-8
-1
7
11
10
2
-3
-4
3
0
-1
-6
-13
-21
-29
-38
-46
-52
-58
-60
-66
-73
-76
-72
-59
-51
-40
-29
-20
-7
7
18
32
41
44
41
32
24
17
10
8
7
6
7
4
-8
-25
-36
-41
-39
-43
-40
-33
-26
-24
-29
-28
-29
-21
-28
-31
-32
-34
-39
-38
-41
-42
-44
-45
-45
-51
-55
-64
-70
-80
-85
-91
-95
-98
-102
-107
-114
-111
-104
-86
-56
-26
-6
15
24
27
33
38
47
51
50
47
40
38
37
36
32
24
16
5
1
-6
-1
-4
-3
-4
0
6
26
43
59
73
84
92
93
89
79
67
64
59
56
49
36
28
15
7
-1
-12
-13
-15
-13
-26
-33
-52
-69
-86
-97
-106
-111
-108
-102
-93
-82
-79
-85
-89
-88
-87
-84
-81
-73
-71
-67
-60
-53
-50
-47
-45
-37
-29
-23
-15
-14
-6
2
-2
-6
-20
-31
-37
-37
-29
-17
4
17
26
31
31
28
22
13
9
1
-4
-12
-15
-21
-25
-40
-45
-52
-46
-41
-35
-30
-24
-16
-11
-10
-11
-1
4
11
15
13
9
5
-5
-17
-21
-29
-30
-27
-25
-24
-30
-38
-50
-56
-51
-34
-11
4
21
26
23
21
5
-7
-21
-23
-17
-9
1
11
10
15
21
25
34
47
55
62
70
76
81
83
82
77
69
61
50
40
27
13
0
-7
-7
-10
1
5
8
9
5
3
0
-11
-10
-7
-1
7
22
27
29
17
5
-5
-14
-21
-26
-36
-39
-46
-49
-49
-45
-40
-40
-39
-45
-54
-60
-66
-64
-56
-44
-29
-17
-15
-7
-16
-17
-19
-24
-33
-41
-48
-55
-63
-68
-70
-68
-60
-48
-33
-16
9
31
52
67
79
86
92
93
88
81
67
51
31
10
-10
-24
-43
-67
-84
-89
-81
-57
-30
-6
15
32
44
62
67
72
74
77
77
71
68
66
65
57
49
40
36
27
21
11
0
-11
-16
-28
-22
-24
-24
-33
-37
-43
-44
-46
-52
-58
-59
-63
-64
-68
-70
-68
-65
-60
-60
-67
-81
-88
-87
-78
-68
-59
-55
-52
-48
-41
-32
-27
-10
-3
5
18
24
32
38
45
44
43
38
34
32
30
29
26
19
11
-1
-11
-12
-15
-8
-27
-40
-44
-41
-35
-26
-21
-21
-20
-24
-27
-30
-33
-34
-38
-39
-39
-36
-42
-38
-36
-27
-24
-25
-20
-19
-7
-7
-4
-5
-1
2
-4
-2
-3
-1
1
4
8
14
15
19
16
18
16
15
11
13
14
16
22
20
19
12
11
11
19
30
33
31
26
20
13
2
-4
-12
-17
-23
-27
-35
-44
-46
-48
-43
-34
-34
-33
-31
-26
-21
-25
-22
-27
-31
-27
-12
-4
0
12
21
30
40
48
51
51
50
56
67
77
89
94
99
98
88
78
70
65
59
53
44
35
21
11
0
-6
-11
-14
-13
-20
-29
-38
-47
-50
-59
-62
-71
-78
-86
-95
-100
-103
-98
-91
-80
-76
-76
-76
-74
-69
-66
-64
-57
-44
-23
-7
9
23
28
31
29
24
20
10
7
2
3
3
2
1
2
2
7
6
2
-2
-12
-22
-26
-35
-40
-46
-49
-49
-45
-43
-41
-41
-42
-34
-26
-21
-10
-3
-2
-5
-7
-8
-8
5
13
27
26
18
7
-5
-20
-25
-36
-46
-53
-48
-42
-30
-24
-9
-5
6
8
9
9
6
9
22
40
55
61
64
68
71
80
85
81
72
62
55
55
52
48
43
36
24
9
-7
-20
-35
-45
-50
-50
-46
-46
-46
-44
-48
-54
-52
-49
-50
-49
-47
-45
-42
-42
-40
-38
-30
-21
-18
-13
-9
-8
-5
3
4
12
19
32
39
41
41
41
38
32
24
17
15
10
10
8
-1
-11
-17
-27
-29
-28
-33
-35
-41
-44
-52
-62
-75
-92
-94
-95
-91
-85
-79
-74
-73
-68
-64
-53
-44
-30
-19
-16
-8
-1
8
15
23
28
34
37
43
46
50
54
50
48
43
43
44
46
55
61
61
60
54
47
32
24
18
21
31
43
50
52
51
38
20
7
-13
-29
-40
-45
-47
-49
-49
-46
-48
-48
-44
-38
-30
-23
-23
-16
-12
-7
-15
-25
-38
-43
-51
-48
-44
-43
-43
-43
-37
-33
-26
-19
-12
3
14
32
38
50
54
54
55
50
45
47
46
56
64
73
82
85
86
85
84
81
80
76
72
69
67
64
63
59
48
35
14
-7
-16
-34
-42
-56
-64
-73
-78
-82
-87
-92
-94
-94
-90
-83
-77
-79
-81
-85
-86
-90
-92
-95
-95
-93
-91
-93
-96
-104
-111
-119
-125
-130
-135
-140
-141
-136
-125
-108
-85
-63
-36
-12
7
30
53
72
88
96
100
99
94
88
82
74
68
67
65
58
49
39
29
25
22
24
24
25
26
26
27
29
25
17
2
-6
-16
-25
-33
-39
-38
-32
-29
-37
-36
-41
-48
-60
-55
-59
-55
-49
-48
-47
-46
-42
-38
-34
-23
-10
12
24
28
21
20
13
12
7
4
2
-9
-19
-24
-27
-20
-10
5
24
34
42
43
39
35
32
33
28
28
31
27
28
27
23
21
10
-1
-13
-19
-30
-41
-51
-50
-54
-52
-54
-53
-56
-57
-54
-47
-39
-26
-12
1
6
14
14
5
5
-1
2
5
11
11
13
10
11
13
20
29
33
37
37
45
50
51
51
47
39
39
39
41
46
53
55
48
36
21
-5
-31
-53
-63
-70
-67
-59
-48
-41
-33
-27
-16
-9
-2
1
5
5
4
8
11
8
0
-10
-11
-15
-16
-11
-18
-29
-42
-54
-61
-64
-59
-52
-50
-47
-46
-50
-49
-42
-40
-44
-44
-44
-50
-56
-56
-54
-45
-35
-17
-3
12
24
30
31
27
27
22
19
14
3
5
-5
-5
-13
-9
-8
-12
-10
-15
-16
-15
-17
-24
-29
-38
-45
-43
-41
-32
-21
-8
6
14
14
10
7
6
1
-4
-2
10
20
31
40
53
54
55
48
43
41
44
42
37
31
11
0
-25
-42
-69
-89
-108
-123
-136
-143
-148
-146
-138
-124
-117
-113
-111
-105
-100
-97
-90
-85
-83
-78
-73
-62
-46
-32
-20
-13
-6
-8
-11
-23
-28
-39
-36
-38
-27
-26
-18
-18
-19
-17
-13
-8
-2
8
18
28
32
36
34
29
27
23
22
26
25
24
19
8
15
9
8
8
2
-5
-4
-12
-19
-30
-32
-29
-32
-32
-28
-22
-10
15
30
46
55
68
70
58
35
14
6
5
9
23
42
70
89
100
107
111
116
126
140
151
159
165
168
163
148
131
111
97
88
80
71
58
52
50
43
42
33
27
20
9
0
-9
-7
-9
0
7
16
18
17
12
3
-4
-15
-21
-34
-42
-43
-47
-50
-48
-49
-53
-58
-62
-65
-63
-51
-43
-32
-26
-15
-8
-6
-1
6
-1
-5
-7
-4
2
7
7
7
2
0
-1
-10
-1
-11
-19
-28
-29
-31
-31
-25
-29
-26
-27
-22
-36
-38
-44
-44
-43
-37
-32
-27
-27
-16
-15
-15
-17
-19
-25
-28
-38
-38
-33
-28
-20
-14
-11
-2
-9
-9
-14
-13
-14
-8
-1
5
10
13
11
13
16
20
25
28
21
12
8
12
23
29
30
32
32
31
23
18
14
7
0
-6
-11
-9
-13
-14
-12
-13
-4
4
7
15
19
17
14
8
-3
-9
-11
-16
-11
-11
-5
1
6
7
10
7
2
-1
1
7
14
18
17
17
16
14
15
14
10
10
11
14
15
22
26
26
21
19
10
5
-1
-6
-10
-19
-32
-35
-36
-40
-34
-28
-24
-9
-2
-5
1
-3
2
4
10
19
28
37
37
37
33
30
32
33
35
34
26
12
8
1
2
0
-11
-22
-33
-34
-30
-20
-11
2
2
-7
-25
-58
-84
-102
-113
-122
-123
-116
-108
-95
-96
-102
-111
-116
-120
-117
-109
-100
-88
-78
-73
-69
-73
-75
-79
-84
-89
-91
-89
-83
-80
-73
-73
-73
-74
-71
-71
-74
-79
-88
-96
-104
-106
-107
-99
-89
-81
-69
-57
-46
-45
-46
-50
-47
-32
-16
0
6
5
3
-1
-2
-2
4
5
1
1
-13
-13
-23
-31
-37
-40
-41
-32
-30
-21
-10
0
21
26
33
34
34
35
34
36
37
37
32
24
13
0
-12
-23
-30
-34
-25
-24
-19
-14
-6
-9
-11
-19
-29
-34
-38
-39
-38
-33
-26
-20
-16
-14
-18
-24
-20
-4
3
15
28
38
47
53
53
52
52
56
55
56
57
51
36
13
-3
-22
-32
-41
-50
-52
-55
-49
-46
-47
-44
-46
-49
-52
-47
-40
-25
-7
15
31
36
30
15
-1
-8
-10
-8
0
11
18
19
16
8
-4
-20
-25
-33
-34
-30
-27
-33
-30
-31
-32
-32
-37
-47
-52
-52
-50
-49
-47
-43
-46
-46
-48
-54
-68
-72
-68
-49
-33
-4
19
40
49
54
56
58
59
55
54
54
57
55
51
40
29
17
6
-7
-19
-36
-52
-64
-69
-67
-54
-42
-29
-22
-13
-12
-14
-15
-14
-7
-4
3
14
21
31
41
53
62
65
68
64
63
56
49
43
43
40
46
49
51
49
43
34
26
20
21
21
21
23
19
18
20
24
21
22
10
4
-13
-15
-23
-24
-19
-14
-10
-9
-11
-8
-3
3
11
15
13
11
4
-4
-14
-19
-32
-38
-48
-59
-72
-83
-96
-109
-123
-133
-144
-158
-174
-191
-201
-197
-178
-146
-110
-68
-34
-9
12
19
27
28
32
28
27
23
25
28
35
39
43
42
39
36
28
15
6
-6
-14
-23
-26
-27
-29
-33
-36
-50
-62
-76
-89
-102
-114
-117
-119
-116
-111
-116
-119
-124
-123
-123
-117
-111
-101
-86
-72
-55
-40
-25
-17
1
27
48
76
98
116
127
132
131
128
124
122
122
124
120
120
118
114
100
83
63
42
27
21
19
15
18
15
12
4
-7
-18
-20
-27
-37
-44
-60
-79
-94
-103
-108
-118
-123
-126
-122
-116
-108
-99
-87
-76
-62
-44
-27
-8
2
7
7
13
22
30
39
43
41
34
32
28
23
15
11
11
15
23
32
36
43
46
48
49
49
51
56
63
69
71
70
72
72
61
51
35
32
28
25
20
14
11
15
11
9
10
3
-1
-6
-11
-17
-21
-22
-19
-13
-7
-3
-6
-6
-6
1
5
9
12
9
6
0
-4
-13
-13
-7
-8
2
5
8
1
-9
-23
-31
-39
-42
-42
-40
-31
-31
-35
-41
-49
-53
-55
-57
-53
-49
-37
-24
-15
-3
10
23
29
33
34
32
31
29
23
17
15
7
7
7
7
2
-8
-18
-21
-30
-39
-50
-55
-57
-54
-40
-25
-11
-1
5
6
12
14
13
10
13
12
5
0
-10
-15
-23
-34
-34
-38
-41
-44
-36
-34
-22
0
13
25
34
34
40
43
44
40
35
29
30
35
54
69
78
81
74
67
62
57
56
50
46
45
42
42
43
38
30
22
13
9
6
-3
-20
-28
-39
-42
-52
-47
-37
-20
3
28
61
85
110
119
120
113
101
91
79
65
49
33
17
1
-7
-18
-24
-31
-41
-49
-49
-45
-42
-37
-31
-28
-26
-22
-21
-27
-34
-43
-53
-59
-62
-66
-72
-73
-72
-70
-67
-62
-56
-46
-33
-24
-21
-27
-37
-50
-64
-78
-93
-103
-109
-107
-104
-92
-79
-62
-48
-40
-32
-28
-17
-7
8
15
25
36
41
48
51
54
52
45
37
26
15
5
-7
-23
-30
-41
-42
-44
-36
-34
-37
-43
-43
-47
-50
-54
-63
-70
-76
-82
-85
-87
-74
-60
-42
-35
-31
-30
-29
-25
-14
-12
-3
-1
-2
0
2
-3
-1
-5
-11
-15
-24
-27
-16
-2
9
22
25
25
24
17
18
26
33
38
44
43
48
52
59
64
67
63
57
45
38
34
29
24
16
6
-6
-21
-31
-33
-38
-40
-45
-50
-58
-65
-71
-69
-64
-53
-41
-31
-24
-23
-25
-26
-22
-24
-17
-10
-1
4
11
9
5
4
5
0
-8
-13
-24
-26
-30
-27
-27
-23
-26
-22
-25
-23
-13
-8
7
16
24
24
22
12
6
-7
-9
-11
-11
-6
-12
-11
-9
-7
-7
-10
-10
-3
1
18
34
50
62
71
76
77
78
77
74
70
70
67
62
52
44
32
25
22
25
29
40
44
46
44
44
45
43
43
43
39
40
33
29
23
23
27
27
26
28
23
17
15
18
12
2
-6
-20
-30
-41
-52
-67
-76
-85
-93
-99
-108
-116
-125
-132
-136
-130
-111
-80
-42
-4
29
59
84
103
117
119
116
112
107
98
88
80
73
59
55
58
62
65
64
59
49
35
23
7
-12
-23
-36
-39
-44
-45
-47
-46
-48
-47
-48
-45
-47
-41
-36
-29
-20
-10
-7
-2
8
17
21
23
23
24
27
27
25
19
6
-21
-40
-58
-66
-75
-79
-92
-97
-98
-90
-78
-61
-38
-14
9
31
37
42
45
46
50
58
66
76
83
85
79
73
66
60
56
52
44
30
17
10
10
13
11
8
-4
-11
-26
-32
-36
-41
-42
-45
-43
-38
-35
-41
-47
-53
-63
-71
-74
-72
-69
-68
-68
-70
-74
-77
-79
-81
-78
-73
-57
-44
-30
-20
-13
-9
-13
-13
-17
-21
-30
-37
-42
-53
-60
-66
-70
-75
-74
-68
-56
-44
-39
-34
-27
-29
-31
-38
-43
-47
-43
-36
-23
-11
1
7
4
3
10
14
14
15
13
10
4
-4
-20
-24
-27
-28
-33
-32
-31
-25
-24
-14
-12
-11
-11
-12
-9
-4
-1
-6
-11
-15
-17
-15
-12
-6
-7
-8
-5
-6
-3
-5
-5
-5
-6
-6
-2
-8
3
3
10
10
9
5
0
-12
-24
-39
-47
-45
-41
-36
-36
-33
-38
-38
-41
-39
-38
-22
-23
-13
-11
-9
-6
-5
0
4
10
7
2
-11
-17
-21
-22
-22
-28
-39
-42
-45
-52
-47
-33
-20
-18
-27
-34
-28
-29
-30
-33
-32
-32
-36
-37
-46
-54
-56
-63
-68
-75
-76
-70
-61
-39
-19
-1
8
14
17
16
23
29
28
29
22
12
2
-5
-9
-4
-4
2
10
18
29
36
37
38
40
42
44
40
43
39
36
26
19
11
10
5
-1
-3
-7
-13
-17
-25
-36
-45
-49
-46
-47
-45
-50
-52
-50
-47
-42
-40
-24
-16
-2
6
3
15
19
16
13
6
2
-8
-5
-5
-7
-9
-13
-12
-3
-4
-3
-4
-6
-11
-14
-21
-27
-46
-68
-92
-107
-124
-136
-155
-161
-155
-140
-121
-98
-82
-59
-42
-24
-3
16
32
50
72
89
104
115
122
120
112
101
96
94
96
98
101
105
102
96
86
80
73
69
60
43
24
0
-22
-39
-58
-68
-72
-75
-83
-94
-109
-114
-109
-97
-84
-66
-52
-38
-31
-22
-18
-17
-13
-13
-19
-31
-39
-50
-48
-39
-32
-17
-8
6
18
27
35
37
40
41
48
53
62
66
66
56
46
34
21
6
-2
-10
-18
-19
-18
-20
-19
-10
10
29
48
58
55
51
47
40
32
35
33
26
28
21
12
9
7
7
6
6
10
11
5
3
3
7
18
37
51
59
60
56
60
68
84
92
98
94
89
80
74
69
61
56
49
47
45
52
51
48
39
36
31
26
15
6
1
-6
-6
-1
3
4
3
0
-4
-14
-24
-32
-39
-42
-42
-35
-31
-21
-15
-9
-6
-6
-9
-13
-18
-24
-27
-36
-41
-48
-48
-50
-50
-52
-53
-51
-51
-53
-56
-61
-59
-60
-69
-76
-84
-89
-89
-84
-73
-59
-51
-48
-44
-39
-39
-37
-36
-33
-39
-34
-33
-30
-28
-34
-29
-30
-25
-24
-22
-22
-18
-21
-27
-26
-31
-32
-38
-42
-46
-55
-57
-57
-52
-47
-42
-37
-40
-36
-36
-37
-45
-50
-56
-65
-71
-78
-85
-87
-90
-90
-93
-92
-83
-70
-53
-34
-7
14
32
37
41
38
35
37
41
47
53
57
57
62
66
65
65
62
61
52
45
37
33
24
17
13
5
9
13
14
12
9
9
11
18
21
35
40
48
36
27
17
16
19
26
32
34
29
17
7
-5
-28
-37
-48
-53
-48
-39
-25
-15
-6
1
9
14
15
20
20
18
18
8
12
18
23
30
28
28
26
21
17
10
4
6
3
-6
-11
-29
-38
-44
-57
-70
-82
-90
-87
-80
-69
-54
-41
-31
-23
-22
-15
-17
-13
-19
-23
-16
-15
-7
-4
-8
-6
-11
-24
-39
-49
-62
-63
-68
-76
-84
-95
-94
-91
-84
-88
-84
-82
-77
-73
-69
-64
-61
-57
-39
-32
-14
-2
13
27
33
49
62
82
98
112
120
127
127
124
121
116
114
105
107
108
104
90
70
53
40
33
35
37
48
56
65
68
63
57
45
37
32
31
25
23
19
17
17
11
6
-8
-20
-28
-34
-37
-39
-37
-35
-30
-31
-25
-11
9
20
18
20
18
18
19
22
18
19
15
17
13
5
2
0
5
9
19
21
28
25
20
18
14
12
11
9
12
15
12
9
7
-2
-5
-10
-12
-20
-25
-37
-49
-67
-80
-84
-82
-77
-75
-75
-81
-86
-95
-102
-110
-118
-129
-134
-133
-131
-120
-104
-84
-70
-59
-52
-43
-29
-23
-14
-7
12
25
33
37
33
32
35
41
43
37
26
16
4
-3
-7
-14
-19
-27
-35
-43
-58
-64
-63
-58
-48
-36
-25
-17
-15
-9
-8
-13
-17
-17
-16
-10
-8
-10
-12
-19
-22
-25
-29
-27
-36
-39
-47
-51
-56
-54
-43
-31
-13
-4
-3
-5
-16
-35
-51
-65
-75
-81
-82
-75
-66
-59
-55
-48
-43
-36
-28
-18
-14
-1
-4
-7
-22
-28
-34
-25
-12
-4
-3
4
11
24
33
40
34
28
17
13
11
6
-2
-18
-34
-54
-67
-80
-87
-86
-87
-88
-91
-95
-104
-113
-117
-118
-114
-106
-95
-79
-62
-40
-21
-3
18
33
45
58
70
79
83
88
95
91
85
78
68
55
42
27
9
4
1
-7
-11
-10
-7
-4
-5
3
4
4
1
4
13
19
18
23
20
18
27
26
20
-5
-26
-43
-63
-74
-84
-93
-100
-114
-121
-126
-126
-118
-104
-84
-68
-58
-60
-64
-77
-87
-90
-92
-89
-82
-76
-71
-64
-53
-44
-40
-38
-43
-51
-58
-69
-80
-89
-95
-101
-109
-114
-121
-131
-142
-153
-161
-164
-160
-151
-139
-125
-108
-89
-63
-39
-10
6
29
40
47
45
43
39
40
40
35
35
31
26
13
7
8
12
14
23
30
33
42
52
69
84
99
107
107
91
80
73
77
83
92
97
102
103
103
94
83
68
57
45
32
29
22
12
14
3
1
3
0
0
-7
-8
6
27
51
70
85
92
94
88
77
37
