1
-4
-3
-1
6
16
19
22
23
36
40
44
37
23
8
-2
-1
0
3
9
9
8
5
6
3
5
6
5
-5
-13
-15
-24
-32
-34
-33
-32
-29
-35
-38
-40
-35
-30
-33
-32
-32
-30
-26
-14
-12
-8
-1
-1
2
-3
-6
-10
-17
-11
-18
-19
-24
-20
-20
-21
-15
-15
-13
-14
-10
-10
-10
-7
-9
-9
1
15
25
32
30
26
22
17
16
5
-1
2
3
2
-3
-5
-15
-10
-8
-6
-14
-24
-24
-29
-26
-22
-11
-10
-3
-2
-5
-10
-9
-11
-14
-13
-20
-20
-23
-27
-24
-29
-22
-10
-4
17
17
6
-23
-49
-83
-117
-147
-167
-189
-208
-221
-221
-218
-200
-184
-170
-150
-133
-113
-95
-78
-52
-44
-36
-37
-40
-47
-48
-45
-50
-58
-66
-68
-72
-75
-71
-72
-67
-57
-50
-46
-44
-40
-36
-27
-13
-8
-10
-12
-27
-34
-38
-39
-40
-43
-44
-52
-57
-48
-29
-16
-4
5
12
24
43
55
58
42
35
26
21
18
22
21
24
32
31
26
26
30
29
33
37
32
29
21
16
14
22
30
37
29
31
35
33
29
31
27
27
26
30
29
29
33
34
31
30
23
14
5
-2
0
-1
6
3
-6
-6
-1
4
8
17
15
16
10
12
14
14
17
16
14
8
9
9
15
18
16
20
14
23
16
22
24
19
13
9
15
10
14
13
11
3
-9
-2
1
14
25
24
17
6
-2
-14
-15
-17
-8
-6
9
16
22
26
26
24
12
10
4
-2
-2
0
5
-5
-6
-12
-21
-28
-18
-18
-11
-13
-16
-12
-22
-26
-31
-41
-39
-49
-60
-64
-61
-58
-52
-46
-46
-53
-59
-58
-48
-37
-26
-20
-18
-5
16
35
33
8
-45
-106
-152
-185
-199
-193
-182
-165
-156
-148
-138
-135
-128
-121
-116
-114
-105
-98
-97
-91
-88
-80
-77
-67
-72
-77
-76
-71
-55
-49
-35
-31
-25
-10
3
19
35
43
39
20
5
-6
-3
-9
-8
-9
-17
-12
-12
-7
-14
-1
2
1
1
2
4
-1
-3
-7
-4
-4
12
13
13
5
-1
-2
-2
1
-5
1
7
10
4
11
14
23
32
41
48
53
57
59
45
40
38
37
26
27
15
14
13
26
44
51
48
38
21
16
13
9
-5
-8
-16
-20
-24
-21
-19
-25
-17
-23
-22
-21
-22
-20
-16
-9
-7
-4
-1
7
6
11
13
11
9
16
26
32
38
44
48
40
35
37
38
40
43
44
38
28
26
21
20
24
21
18
18
22
19
18
18
14
9
5
2
-2
-11
-13
-17
-22
-20
-23
-22
-32
-25
-28
-29
-29
-26
-25
-23
-22
-28
-24
-18
-17
-18
-22
-18
-25
-22
-17
-11
-10
-16
-14
-21
-14
0
16
32
43
60
64
71
63
51
33
22
10
8
21
31
25
1
-32
-57
-87
-112
-128
-152
-169
-184
-183
-183
-177
-161
-150
-139
-131
-126
-124
-132
-128
-118
-111
-99
-96
-92
-83
-76
-69
-72
-61
-53
-46
-46
-45
-47
-43
-36
-33
-35
-35
-27
-21
-9
-1
6
3
-1
0
-1
5
6
7
8
9
13
11
14
18
19
15
6
11
11
19
18
9
-9
-18
-18
-21
-24
-29
-33
-38
-41
-42
-48
-44
-38
-33
-35
-28
-22
-21
-16
-10
3
7
14
14
16
19
22
32
31
48
54
59
54
47
36
21
11
1
-4
-2
11
19
24
30
21
13
2
1
1
3
10
2
4
-4
-2
-6
-9
-5
0
-1
1
6
4
6
6
16
14
11
10
4
3
-4
-3
-4
10
22
26
27
27
13
-4
-13
-20
-23
-20
-17
-9
-6
4
-2
-12
-28
-38
-54
-77
-88
-104
-113
-118
-116
-109
-113
-115
-123
-131
-128
-116
-112
-107
-99
-101
-99
-100
-89
-89
-83
-82
-79
-74
-64
-57
-49
-41
-31
-25
-22
-18
-4
1
7
11
20
23
27
35
29
30
28
34
34
33
27
18
7
6
9
8
12
8
5
0
1
2
-1
1
-4
-6
-2
10
20
29
43
45
41
34
31
36
33
35
26
12
-3
-12
-15
-18
-13
-16
-25
-34
-40
-45
-41
-39
-35
-45
-52
-51
-57
-55
-57
-59
-64
-73
-70
-78
-65
-58
-48
-42
-38
-34
-31
-23
-14
3
1
9
6
-1
-3
-7
-1
1
7
4
-2
-2
1
3
-5
-8
-17
-17
-13
-5
-3
-2
-4
-5
-8
-17
-17
-11
-7
9
12
13
-11
-32
-54
-54
-40
-29
-26
-23
-20
-17
-19
-24
-32
-41
-43
-44
-44
-45
-40
-40
-45
-55
-58
-64
-62
-52
-53
-48
-49
-48
-51
-50
-36
-24
-18
-10
-3
-4
-3
-7
-9
-16
-19
-19
-20
-21
-26
-32
-42
-42
-50
-52
-49
-44
-39
-38
-27
-32
-26
-25
-17
-12
-16
-11
-14
-13
-18
-9
-10
-4
0
-4
-4
-8
-4
-6
-2
-1
0
-1
-5
5
7
25
25
0
-53
-113
-158
-187
-190
-178
-166
-152
-142
-133
-131
-126
-117
-107
-111
-113
-111
-108
-92
-80
-70
-77
-72
-66
-61
-56
-49
-43
-41
-39
-36
-34
-35
-31
-29
-31
-25
-24
-20
-17
-11
-9
-8
0
-1
-4
-8
-7
-15
-12
-8
-4
-6
-7
-1
-5
0
-4
-11
-9
-7
5
6
0
-1
-9
-22
-33
-28
-27
-21
-21
-17
-19
-23
-23
-29
-28
-25
-21
-20
-10
-2
-1
4
11
15
9
-1
-8
-13
-19
-17
-16
-17
-5
6
13
25
41
52
50
42
17
-1
-21
-30
-37
-39
-29
-29
-28
-35
-31
-29
-21
-6
3
0
-5
-3
-3
6
9
13
15
14
15
9
15
28
47
65
75
85
60
28
-9
-39
-63
-83
-94
-106
-106
-104
-104
-104
-100
-84
-73
-64
-54
-40
-25
-10
-9
-10
-13
-9
-7
-12
-13
-15
-19
-21
-20
-21
-24
-19
-14
-8
-12
-9
-12
-12
-1
6
14
23
26
22
16
8
-4
-13
-12
-4
-6
-2
-6
-8
-15
-17
-5
-9
2
7
12
25
31
47
45
46
49
51
41
29
24
10
9
8
8
5
-9
-15
-25
-19
-10
-1
1
6
7
9
11
19
19
17
20
15
14
11
13
14
13
18
27
28
33
30
35
32
31
28
30
33
44
43
50
54
53
53
53
57
50
51
56
55
49
40
36
25
26
28
36
29
29
19
-2
-21
-34
-48
-63
-77
-87
-98
-105
-109
-112
-115
-115
-112
-108
-100
-88
-76
-72
-59
-54
-53
-48
-43
-29
-25
-4
1
10
20
22
32
27
23
22
18
25
24
18
12
17
18
16
-1
-12
-23
-30
-22
-18
-11
-12
-15
-24
-29
-30
-33
-37
-41
-37
-35
-26
-13
-7
-13
-24
-22
-34
-34
-35
-35
-33
-34
-30
-26
-11
-3
6
-2
3
0
4
7
7
6
-3
-1
-9
-9
-13
-9
-4
-6
-6
-7
-11
-11
-4
-5
-7
-4
-6
-2
-4
-3
0
2
2
2
1
-1
16
15
32
36
38
35
31
33
30
25
18
10
11
9
10
6
4
17
26
30
23
19
6
3
-2
-1
-8
-10
-11
-20
-20
-23
-28
-34
-36
-39
-38
-40
-40
-36
-39
-36
-36
-40
-44
-41
-36
-35
-27
-26
-25
-23
-15
-14
-14
-9
-9
-13
-15
-12
-2
12
34
47
48
46
33
26
9
3
-6
-15
-27
-26
-30
-32
-30
-29
-32
-34
-32
-41
-37
-37
-26
-20
-15
-7
-7
0
-2
-3
-7
-7
-9
-9
-4
15
24
25
25
14
-7
-19
-28
-25
-23
-14
-16
-18
-23
-24
-18
-18
-10
-9
-6
-2
5
8
8
8
6
-1
-3
-5
-4
-10
-9
-11
-1
-3
4
4
7
19
25
24
14
3
-7
-8
-4
-8
-14
-22
-26
-30
-32
-30
-32
-32
-33
-28
-25
-20
-15
-18
-29
-32
-34
-29
-26
-15
-9
-10
-10
-16
-21
-21
-18
-18
-32
-39
-47
-47
-42
-36
-34
-36
-28
-26
-28
-27
-26
-25
-23
-16
-7
-3
3
8
12
11
11
4
-1
-5
5
6
11
11
-3
-20
-37
-46
-54
-55
-50
-46
-41
-36
-28
-35
-39
-40
-45
-57
-64
-63
-64
-59
-52
-36
-25
-23
-13
-14
-8
-5
0
-8
-11
-26
-36
-48
-48
-46
-45
-29
-22
-18
-32
-60
-93
-126
-147
-167
-185
-190
-187
-180
-171
-155
-141
-127
-122
-115
-110
-110
-104
-107
-108
-101
-95
-88
-82
-72
-70
-73
-70
-61
-58
-47
-41
-35
-38
-41
-37
-49
-50
-51
-37
-29
-26
-18
-22
-18
-20
-18
-22
-20
-16
-20
-17
-15
-10
-8
-3
4
13
19
21
25
22
25
14
2
-11
-19
-21
-24
-17
-16
-11
-8
-4
-2
-1
2
0
2
7
20
28
19
23
23
26
29
33
32
35
39
40
35
26
26
23
17
13
8
0
-2
5
4
13
15
12
5
4
4
0
-3
2
5
-2
1
0
-5
-5
-6
1
-6
-11
-23
-32
-31
-23
-16
-12
-4
-8
0
0
7
14
10
13
9
6
7
12
18
13
20
17
19
13
9
10
13
26
37
34
31
36
42
47
53
50
50
49
42
22
15
10
5
-4
-18
-21
-28
-25
-17
-14
-15
-15
-12
-12
-12
-10
-6
0
8
16
14
15
19
23
19
12
11
1
-1
-7
-1
-11
-2
-17
-26
-30
-28
-23
-28
-26
-30
-33
-32
-25
-22
-25
-18
-17
-20
-18
-17
-20
-40
-56
-75
-90
-105
-117
-130
-136
-140
-137
-133
-130
-115
-111
-95
-80
-67
-63
-62
-57
-59
-53
-47
-41
-42
-42
-31
-22
-9
0
1
-3
-7
-3
0
10
15
18
3
2
-7
-7
-7
-3
7
1
8
6
6
12
16
19
11
16
14
16
16
21
21
23
28
38
46
58
72
76
75
76
65
60
51
52
46
38
25
14
-1
-15
-15
-19
-17
-17
-17
-17
-20
-10
-20
-13
-12
-11
-9
-6
2
3
11
16
25
28
34
42
40
36
19
4
-12
-7
0
2
10
14
20
17
7
-4
-16
-23
-18
-11
-15
-18
-34
-41
-38
-34
-26
-30
-22
-26
-28
-28
-20
-9
-1
-1
1
-5
-10
-6
-9
-12
-3
-1
-2
-4
-4
-14
-15
-15
-11
-10
-12
-6
-11
-10
-10
-11
-19
-22
-23
-22
-15
-9
-7
-10
-15
-14
-16
-10
-1
8
6
8
1
-6
-1
5
8
5
8
7
4
1
3
11
9
17
18
20
17
14
8
5
11
7
-4
-16
-20
-22
-23
-18
-18
-18
-17
-11
-3
4
7
-1
-13
-19
-25
-27
-21
-9
-1
-1
-10
-14
-28
-30
-33
-43
-49
-56
-56
-65
-69
-74
-73
-77
-72
-70
-67
-63
-52
-44
-35
-37
-40
-47
-46
-43
-31
-32
-29
-27
-28
-30
-26
-19
-14
1
-1
3
-4
-11
-17
-29
-32
-40
-46
-43
-30
-28
-27
-20
-25
-28
-33
-30
-32
-33
-39
-43
-45
-42
-30
-29
-22
-21
-17
-18
-19
-10
-15
-8
-4
7
13
22
30
24
24
15
13
7
11
17
13
13
18
18
13
4
-2
-17
-19
-23
-13
-21
-18
-28
-37
-36
-26
-13
-13
-2
-3
3
-1
0
3
-5
-2
-21
-40
-58
-74
-84
-106
-120
-143
-158
-167
-160
-150
-136
-120
-112
-105
-104
-92
-89
-80
-71
-69
-65
-67
-66
-68
-56
-52
-47
-57
-67
-62
-69
-66
-56
-45
-42
-42
-39
-41
-40
-42
-47
-53
-54
-55
-53
-52
-47
-41
-39
-41
-49
-59
-60
-53
-43
-41
-34
-38
-46
-48
-48
-41
-48
-41
-34
-33
-31
-28
-24
-25
-11
-4
2
5
15
22
26
27
22
21
22
26
16
8
6
2
11
-2
1
-9
-15
-12
-17
-19
-19
-20
-32
-35
-37
-43
-48
-48
-36
-22
-10
-8
-4
-1
-1
8
4
-1
0
-3
-12
-11
-10
-11
-7
-14
-17
-24
-18
-21
-23
-30
-30
-30
-33
-26
-28
-28
-21
-14
-3
-3
3
-1
2
2
11
13
17
23
23
21
16
17
13
17
24
18
14
-1
-2
-11
-9
-10
-13
-22
-34
-32
-34
-38
-32
-41
-39
-41
-38
-40
-33
-26
-21
-21
-22
-23
-29
-34
-35
-32
-35
-33
-39
-41
-42
-38
-32
-35
-27
-28
-27
-25
-23
-15
-17
-13
-15
-17
-18
-16
-20
-24
-22
-16
-13
-9
-5
-10
-13
-12
-15
-21
-28
-15
-11
0
0
0
-3
-8
-12
-23
-24
-23
-24
-24
-28
-22
-20
-10
-10
-10
-13
-14
-4
-4
4
4
7
-2
-3
-4
-3
-4
-1
-6
-10
2
-2
-9
-16
-7
14
14
18
9
-1
-9
-18
-21
-31
-29
-35
-36
-37
-27
-21
-9
-2
-12
-42
-70
-92
-115
-139
-163
-184
-192
-186
-175
-168
-153
-130
-105
-95
-92
-92
-86
-79
-69
-68
-65
-57
-43
-32
-23
-13
1
6
13
20
24
32
37
34
17
10
7
8
11
11
13
8
14
12
8
8
10
8
-5
-8
-14
-11
-8
-6
-4
-10
-10
-8
-12
-11
-10
-5
-9
-4
-3
-8
-12
-16
-19
-13
1
10
7
3
0
-4
-9
-12
-16
-15
-21
-19
-24
-9
-1
7
10
9
18
24
38
50
61
67
68
66
54
50
42
42
27
22
12
8
8
15
21
23
27
24
19
16
19
26
21
19
15
17
23
27
33
35
42
41
37
30
24
14
5
5
4
5
9
17
22
23
29
25
22
17
30
33
45
49
55
62
58
62
52
51
58
55
47
52
64
66
50
25
8
-1
4
-2
-10
-20
-35
-42
-51
-45
-38
-30
-19
-6
0
-5
-4
-6
-7
-14
-12
-3
5
29
45
61
65
65
53
39
30
27
20
22
19
18
13
11
1
-12
-25
-37
-45
-48
-42
-37
-32
-35
-32
-31
-24
-16
-10
-15
-22
-21
-27
-24
-29
-31
-32
-26
-11
-8
4
15
20
9
-5
-19
-31
-44
-54
-75
-97
-118
-132
-149
-156
-164
-167
-170
-162
-155
-147
-134
-117
-105
-95
-86
-79
-74
-66
-55
-48
-45
-36
-34
-38
-28
-19
-17
-14
-11
-8
-5
-5
-1
-3
-7
-4
-7
-11
-9
-1
2
8
14
17
15
5
-2
-27
-39
-50
-50
-50
-42
-36
-37
-40
-38
-43
-50
-51
-55
-56
-59
-62
-52
-52
-41
-35
-30
-25
-13
2
14
38
56
69
65
50
29
16
15
17
26
31
45
42
31
17
-5
-23
-37
-47
-60
-70
-66
-64
-58
-54
-45
-36
-25
-13
-1
0
-2
-5
-15
-17
-16
-6
-3
1
7
1
2
8
8
10
12
13
12
15
17
16
11
11
16
15
22
24
28
28
37
37
32
31
26
29
19
13
-3
-15
-23
-24
-27
-34
-28
-24
-20
-16
-1
11
17
19
17
19
22
33
33
33
30
17
3
-15
-17
-22
-13
-3
1
5
2
7
-1
-3
-6
-7
-9
-7
1
5
13
27
32
35
29
30
17
16
9
15
8
4
-10
-23
-28
-20
-18
-27
-41
-57
-68
-72
-70
-69
-74
-69
-68
-64
-61
-53
-49
-51
-43
-40
-33
-38
-38
-43
-51
-51
-54
-56
-52
-30
-15
5
18
21
7
-5
-15
-27
-30
-21
-8
5
13
13
3
-1
-8
-20
-29
-34
-29
-27
-26
-18
-10
-20
-25
-25
-29
-33
-38
-35
-40
-35
-41
-45
-46
-42
-39
-34
-30
-22
-23
-21
-13
-11
-17
-20
-32
-36
-38
-36
-33
-44
-42
-45
-48
-40
-30
-24
-28
-22
-17
-9
-2
6
4
2
2
-6
-6
-7
3
6
8
12
15
9
0
-7
-24
-30
-32
-33
-34
-34
-28
-29
-22
-16
-21
-29
-29
-25
-26
-16
-10
3
12
17
13
-15
-58
-104
-142
-175
-185
-194
-189
-168
-146
-126
-121
-113
-113
-115
-111
-103
-91
-83
-68
-58
-51
-52
-47
-51
-52
-49
-50
-49
-43
-40
-38
-41
-45
-46
-56
-64
-64
-67
-51
-38
-23
-16
-10
-1
-5
-6
0
6
11
10
9
-6
-10
-12
-12
-18
-21
-13
-7
0
4
1
-6
-2
6
8
16
22
36
42
54
58
64
71
82
87
85
78
67
50
36
36
40
40
35
32
22
18
22
19
14
10
3
-4
-7
-7
-10
-10
-4
-2
8
15
18
12
9
5
5
6
2
11
8
17
23
21
18
10
15
10
17
24
34
37
33
31
20
15
15
17
15
16
17
16
20
29
37
37
37
31
22
22
21
19
18
21
21
21
23
33
45
50
52
44
34
23
17
-1
-14
-22
-28
-28
-26
-19
-16
-21
-18
-22
-26
-29
-26
-30
-27
-16
-15
-16
-20
-10
1
20
27
29
19
8
6
-10
-17
-19
-15
-19
-15
-10
-1
7
12
11
6
4
-5
-14
-10
-5
0
-18
-12
-19
-14
-28
-30
-29
-33
-25
-24
-31
-36
-43
-51
-58
-59
-66
-70
-70
-54
-42
-33
-18
-11
-2
-3
-11
-47
-90
-128
-158
-172
-184
-176
-167
-148
-131
-124
-125
-127
-122
-119
-110
-103
-97
-95
-92
-87
-88
-82
-72
-68
-60
-49
-32
-20
-12
-1
11
17
21
17
11
5
4
10
0
0
-10
-14
-15
-7
-2
1
8
12
14
14
12
5
3
-1
-8
-11
-17
-16
-16
-11
-15
-10
-22
-19
-14
-2
13
25
37
42
50
65
66
74
73
69
57
37
29
5
3
11
19
25
22
27
18
17
8
7
-11
-17
-18
-25
-5
-2
20
8
1
-4
-14
-10
-3
-5
-11
-17
-18
-20
-16
-15
-12
-19
-18
-16
-7
7
23
39
48
50
37
-8
-50
-74
-75
-59
-41
-39
-39
-40
-34
-26
-15
2
13
21
34
40
51
67
74
73
65
54
47
29
6
-11
-27
-41
-50
-54
-62
-52
-11
17
36
29
-9
-31
-38
-22
-10
-26
-41
-51
-51
-51
-42
-35
-26
-11
2
9
19
27
34
36
39
32
24
10
6
1
2
2
-5
-4
-8
-13
-38
-64
-77
-80
-78
-75
-70
-70
-62
-51
-45
-36
-27
-5
4
21
35
45
52
54
59
51
44
42
32
12
-3
-10
-9
-3
-1
-1
-11
-16
-22
-30
-30
-24
-12
-14
-13
-21
-33
-39
-44
-42
-43
-38
-40
-47
-48
-41
-40
-29
-13
5
24
40
46
42
30
25
21
21
20
23
28
27
21
1
-22
-34
-36
-39
-37
-37
-42
-56
-58
-46
-37
-27
-27
-20
-14
-7
-1
-4
9
17
22
19
12
15
13
23
19
13
2
6
4
-10
-24
-32
-28
-29
-24
-17
-10
-1
7
16
9
13
4
-4
-5
-6
-1
-5
-1
-4
2
9
24
29
25
17
1
-23
-47
-72
-98
-123
-142
-155
-167
-162
-151
-143
-133
-127
-130
-132
-138
-133
-138
-137
-137
-129
-122
-114
-100
-93
-75
-60
-49
-46
-49
-48
-52
-52
-54
-54
-59
-51
-42
-39
-31
-21
-6
-4
7
7
7
3
0
2
-1
8
8
16
27
49
71
85
97
91
80
57
49
35
25
16
0
-6
-7
1
-1
-9
-12
-16
-24
-27
-33
-40
-46
-47
-45
-42
-42
-27
-20
-7
-3
-3
-8
-6
4
9
15
18
15
7
4
3
1
-1
-4
-9
-13
-20
-21
-23
-24
-14
-3
0
-1
5
4
11
12
12
11
18
21
24
25
25
27
23
28
28
26
18
9
5
-2
-2
-10
-13
-15
-1
2
2
4
7
2
8
18
26
34
41
44
50
47
57
55
49
44
27
11
-5
-9
-22
-28
-31
-35
-33
-30
-25
-24
-27
-23
-14
-14
-7
-13
-20
-24
-24
-19
-16
-3
3
5
-1
-1
-3
-12
-19
-32
-47
-56
-59
-56
-60
-57
-61
-63
-56
-43
-30
-28
-24
-26
-24
-20
-2
5
18
27
38
37
39
51
46
36
20
9
10
18
20
7
6
-1
-11
-38
-72
-98
-125
-133
-140
-148
-158
-169
-166
-165
-145
-129
-110
-99
-81
-66
-67
-60
-60
-57
-72
-77
-91
-104
-113
-113
-111
-112
-105
-97
-89
-80
-74
-66
-60
-40
-30
-18
-3
5
10
1
1
-1
-1
-6
-3
0
6
25
33
42
42
43
33
18
3
-18
-39
-58
-60
-74
-75
-70
-70
-64
-66
-58
-52
-36
-26
-27
-33
-35
-25
-18
-8
-1
8
13
19
27
28
27
28
28
21
22
8
-4
-13
-8
2
6
15
11
4
-4
-11
-13
-20
-17
-21
-27
-26
-22
-13
-11
-14
-25
-33
-37
-31
-25
-16
-13
-15
-18
-20
-22
-33
-33
-21
-14
-9
-13
-13
-17
-8
-4
7
9
10
18
19
23
26
20
16
18
24
22
28
34
43
33
35
30
29
32
36
43
45
43
36
20
14
20
22
20
27
24
20
18
16
21
23
27
26
20
14
8
4
-4
2
1
1
4
5
6
2
0
-2
-4
-10
-6
-7
-7
-10
-14
-20
-26
-23
-26
-18
-15
-9
-13
-16
-17
-15
-7
6
15
9
2
-22
-48
-60
-63
-54
-50
-36
-34
-36
-35
-41
-43
-53
-56
-57
-52
-43
-28
-15
-6
7
8
3
1
4
11
6
4
-10
-18
-23
-20
-27
-28
-20
-17
-8
-10
-2
0
-1
0
-3
-3
-9
-12
-24
-20
-16
-15
-11
-20
-16
-31
-38
-43
-43
-46
-44
-42
-40
-36
-26
-22
-29
-28
-31
-37
-38
-36
-38
-42
-42
-47
-49
-45
-37
-26
-27
-16
-21
-18
-26
-46
-72
-111
-133
-147
-164
-171
-176
-167
-156
-136
-119
-103
-89
-86
-92
-98
-96
-92
-87
-88
-80
-83
-81
-82
-85
-93
-96
-96
-105
-108
-107
-97
-91
-87
-71
-61
-43
-32
-20
-19
-17
-9
-11
2
11
13
12
13
16
13
10
11
13
8
6
0
-8
-9
-6
0
4
13
20
29
29
28
24
16
20
18
23
25
31
22
11
9
8
4
2
2
3
10
10
7
0
2
18
20
34
37
46
43
41
36
25
16
14
11
8
12
18
20
21
23
27
33
30
33
31
35
51
63
68
63
46
24
-11
