-34
-22
-9
-6
-6
-6
-14
-11
-9
-14
-17
-20
-37
-50
-68
-76
-80
-84
-77
-67
-56
-43
-36
-33
-25
-12
-1
15
31
44
52
58
62
64
61
59
57
51
42
34
31
33
36
39
49
62
77
84
85
85
86
82
83
82
77
62
44
23
5
-8
-15
-29
-45
-54
-61
-66
-68
-66
-62
-54
-48
-46
-46
-51
-57
-64
-71
-78
-78
-75
-67
-61
-56
-58
-56
-49
-39
-34
-17
-18
-4
-8
-2
-11
-12
-13
-10
-4
6
17
26
35
45
50
59
65
65
62
59
51
43
33
33
30
31
30
29
34
34
37
34
24
8
-17
-38
-60
-76
-86
-93
-91
-81
-64
-44
-21
1
14
25
32
40
43
45
51
54
55
49
44
35
24
15
1
-6
-24
-33
-47
-60
-71
-76
-82
-82
-81
-80
-80
-79
-71
-55
-39
-30
-28
-19
-16
-10
-1
13
23
28
23
17
15
10
10
11
2
6
7
15
24
32
42
49
51
47
40
28
19
13
13
15
20
20
29
36
44
58
65
73
75
76
75
70
69
66
60
54
43
34
28
26
24
20
12
14
15
20
21
26
27
25
29
30
22
22
22
25
20
8
1
-12
-17
-22
-21
-21
-23
-15
-12
1
17
33
42
47
48
44
43
46
42
38
34
26
18
16
10
2
-10
-18
-31
-36
-40
-37
-37
-42
-46
-42
-38
-18
-2
14
28
34
43
53
58
61
53
53
56
58
57
50
42
32
23
20
17
23
25
31
30
29
26
14
4
1
-5
-10
-13
-23
-26
-30
-27
-23
-15
-13
-6
-9
-8
-6
1
-5
-13
-18
-29
-28
-24
-8
11
24
22
21
19
22
32
33
29
22
9
0
-12
-21
-29
-43
-55
-62
-62
-66
-69
-81
-88
-95
-92
-75
-66
-51
-41
-32
-14
-4
4
5
-1
4
-3
-7
-14
-13
-8
-7
-10
-15
-19
-20
-25
-25
-28
-33
-33
-35
-33
-31
-24
-17
-10
-7
-10
-22
-29
-35
-43
-53
-56
-55
-55
-56
-59
-65
-69
-76
-88
-102
-122
-136
-149
-153
-153
-145
-132
-107
-80
-57
-33
-16
3
17
27
37
40
47
49
52
55
61
69
71
80
86
89
87
85
78
69
61
54
40
25
4
-13
-29
-43
-44
-35
-25
-19
-13
-6
1
13
21
33
37
37
27
20
13
0
-6
-14
-18
-26
-42
-57
-78
-101
-124
-154
-180
-198
-201
-188
-162
-131
-99
-71
-48
-29
-20
-19
-14
-15
-15
-18
-22
-27
-39
-47
-44
-37
-35
-26
-16
-9
2
2
-8
-18
-24
-30
-31
-32
-33
-39
-46
-47
-38
-26
-15
-7
-5
-1
5
5
4
5
-4
-15
-23
-36
-44
-44
-43
-40
-40
-39
-41
-45
-48
-42
-31
-18
-4
1
5
12
18
25
33
40
53
58
65
68
68
69
63
59
50
42
32
25
20
15
2
-11
-24
-32
-33
-30
-15
-1
17
30
42
52
58
69
72
73
73
67
67
66
71
76
76
78
78
77
72
65
54
43
32
29
20
17
12
4
0
-17
-24
-36
-44
-43
-46
-46
-50
-59
-60
-59
-57
-62
-60
-57
-53
-49
-43
-33
-30
-16
-15
-9
-7
-3
-2
-2
-16
-22
-25
-23
-23
-38
-45
-52
-53
-51
-50
-33
-23
-4
18
32
43
51
58
63
67
72
82
90
102
108
113
114
113
107
97
87
73
59
41
23
8
-10
-19
-20
-29
-33
-38
-42
-50
-52
-52
-48
-48
-43
-41
-41
-41
-39
-31
-31
-27
-25
-24
-13
-13
-9
0
7
8
8
3
1
0
2
3
6
2
-4
-14
-17
-22
-34
-46
-62
-78
-88
-96
-95
-92
-86
-87
-85
-77
-66
-54
-43
-36
-28
-24
-21
-8
-1
5
6
-2
-1
-5
-12
-14
-18
-19
-17
-8
-9
-4
-9
2
3
12
5
7
-6
-10
-21
-20
-20
-13
-25
-32
-42
-51
-57
-61
-65
-68
-64
-63
-60
-58
-61
-58
-54
-48
-41
-30
-23
-19
-13
-1
6
10
10
10
6
15
23
32
43
49
49
47
42
38
27
18
10
2
-2
-13
-14
-12
-8
-6
-9
-7
-6
1
2
12
23
28
32
38
41
39
32
24
13
5
-4
-16
-28
-34
-38
-39
-38
-35
-41
-43
-48
-51
-58
-68
-77
-84
-84
-76
-61
-44
-17
4
26
48
69
85
90
89
88
86
86
86
83
75
60
42
19
-2
-19
-29
-38
-45
-47
-43
-48
-50
-55
-61
-68
-73
-71
-64
-51
-43
-36
-32
-26
-19
-24
-18
-20
-23
-18
-14
-10
-7
-3
-1
-4
-11
-19
-34
-40
-43
-43
-42
-38
-32
-29
-23
-16
-15
-18
-21
-27
-35
-38
-49
-51
-52
-44
-34
-24
-22
-17
-19
-25
-25
-26
-29
-40
-50
-55
-55
-46
-42
-34
-34
-29
-25
-13
-5
-4
-9
-20
-19
-19
-13
0
12
16
19
20
29
42
53
64
63
63
59
63
74
88
96
94
83
69
52
37
29
17
6
7
7
8
3
-8
-13
-16
-17
-15
-16
-24
-40
-57
-73
-86
-98
-112
-121
-125
-124
-118
-108
-91
-75
-62
-47
-27
-2
16
28
33
34
29
28
25
30
37
46
48
54
53
59
57
54
44
32
20
4
1
3
-3
0
-3
-13
-22
-43
-56
-73
-85
-88
-87
-77
-64
-49
-32
-24
-22
-19
-17
-10
-2
10
15
17
19
17
19
26
24
21
13
5
-2
-7
-11
-14
-9
-3
2
2
6
5
1
1
5
6
6
8
2
0
-3
-4
-3
-8
-13
-16
-17
-6
-2
4
11
14
18
14
11
4
1
-8
-15
-26
-33
-40
-50
-59
-67
-59
-51
-41
-31
-14
0
13
35
53
69
78
88
89
91
90
89
79
68
53
34
17
0
-12
-23
-36
-40
-38
-31
-14
-2
2
6
6
4
2
5
5
-3
-8
-14
-18
-17
-19
-22
-17
-21
-22
-28
-32
-48
-60
-72
-78
-80
-79
-71
-60
-45
-28
-13
-9
-5
-11
-13
-16
-14
-16
-19
-22
-23
-23
-27
-34
-40
-40
-38
-35
-36
-38
-41
-36
-30
-21
-10
4
12
20
27
27
29
29
37
33
40
41
44
48
51
55
56
60
63
64
60
61
58
65
76
88
96
94
86
77
70
65
61
57
53
49
43
34
25
26
20
14
10
1
-3
-12
-15
-15
-8
5
16
15
7
3
-13
-24
-37
-40
-46
-48
-50
-52
-53
-55
-55
-53
-51
-49
-41
-39
-29
-31
-31
-36
-39
-40
-41
-37
-28
-20
-15
-3
-1
0
-4
-6
-8
-7
-1
4
6
6
10
6
1
-6
-19
-27
-34
-35
-37
-34
-45
-52
-62
-69
-71
-74
-72
-72
-68
-64
-56
-45
-37
-35
-32
-32
-36
-37
-43
-58
-66
-83
-90
-95
-90
-79
-71
-60
-48
-32
-18
-3
4
10
10
13
12
17
26
36
39
44
46
49
49
44
34
23
14
4
2
8
17
18
27
37
45
59
67
78
83
81
77
70
61
50
35
22
3
-15
-33
-44
-52
-58
-60
-60
-61
-57
-58
-50
-47
-46
-49
-52
-55
-53
-49
-50
-56
-63
-63
-63
-61
-60
-59
-59
-58
-60
-62
-61
-59
-50
-39
-31
-24
-16
-9
-2
-1
-4
-1
4
-6
-15
-21
-23
-23
-21
-17
-21
-26
-30
-25
-22
-5
10
23
38
51
61
74
82
85
79
68
63
61
59
65
66
62
62
59
60
65
68
71
68
63
62
66
70
72
64
54
48
46
47
48
48
40
30
16
11
12
11
10
8
6
-1
-4
-9
-10
-7
-10
-18
-24
-28
-40
-47
-52
-53
-51
-47
-47
-46
-47
-41
-32
-15
2
18
33
42
53
59
62
59
52
38
25
8
-4
-27
-41
-52
-56
-51
-41
-27
-13
-9
-1
2
8
17
15
12
10
4
2
-4
-9
-13
-21
-22
-24
-21
-14
-15
-11
-9
-7
-6
-10
-15
-17
-17
-16
-19
-30
-45
-57
-68
-78
-91
-106
-124
-137
-145
-141
-137
-128
-113
-101
-86
-73
-68
-68
-75
-75
-69
-59
-45
-34
-26
-23
-16
-14
-10
-7
-10
-11
-5
-2
14
24
33
35
25
13
-4
-17
-29
-46
-62
-84
-104
-121
-138
-146
-143
-134
-126
-112
-99
-82
-64
-48
-34
-26
-17
-9
0
4
15
13
14
12
16
21
27
26
29
30
33
32
22
20
21
25
29
37
40
45
51
61
71
75
72
60
43
26
17
10
2
2
-5
-3
-11
-14
-27
-31
-36
-48
-64
-90
-110
-126
-132
-125
-115
-102
-82
-61
-42
-28
-14
6
11
23
29
28
31
30
25
22
20
20
22
22
25
28
34
46
62
74
90
102
110
104
87
63
37
20
-9
-25
-42
-62
-81
-104
-124
-139
-157
-170
-178
-183
-188
-196
-202
-204
-196
-182
-164
-151
-144
-135
-129
-119
-111
-109
-104
-89
-58
-21
14
51
71
94
109
117
120
120
118
109
103
94
87
78
69
62
51
41
35
30
33
33
38
44
45
44
40
37
35
43
54
63
71
73
70
66
62
60
62
57
41
27
5
-6
-18
-20
-23
-19
-19
-22
-30
-43
-59
-64
-75
-82
-93
-98
-111
-125
-137
-145
-133
-111
-81
-56
-39
-28
-10
-5
7
22
31
38
49
64
77
86
84
78
67
59
52
51
49
49
52
49
47
44
38
35
30
26
30
31
35
34
31
26
26
27
27
27
23
19
11
10
21
32
42
44
41
38
32
39
48
57
59
63
67
73
81
90
89
88
88
84
78
69
62
49
37
29
19
14
12
14
22
24
24
21
17
16
16
14
14
11
12
5
-6
-16
-26
-36
-47
-57
-62
-65
-70
-80
-98
-106
-111
-101
-87
-67
-48
-43
-36
-41
-38
-35
-30
-24
-19
-19
-29
-32
-39
-46
-54
-56
-53
-52
-55
-57
-62
-60
-60
-63
-63
-67
-66
-63
-68
-67
-62
-58
-55
-51
-49
-50
-46
-43
-37
-33
-31
-26
-24
-17
-14
-12
-18
-32
-41
-52
-63
-72
-81
-86
-93
-95
-95
-97
-103
-109
-116
-114
-109
-102
-91
-70
-54
-33
-17
1
6
7
4
-8
-25
-36
-42
-45
-41
-33
-28
-24
-12
-4
7
16
26
29
35
37
38
43
40
40
36
24
14
0
-11
-27
-42
-63
-76
-90
-97
-89
-68
-49
-20
3
35
61
82
92
97
98
102
106
105
96
82
68
55
47
38
34
25
17
11
4
13
21
30
32
36
35
31
30
29
36
40
44
47
49
51
54
53
45
35
27
19
25
22
19
17
15
11
5
-13
-19
-28
-33
-29
-32
-31
-25
-13
-6
-4
-5
-16
-22
-21
-16
-12
-4
-2
8
12
21
22
19
15
10
16
17
22
24
25
21
14
0
-4
-11
-17
-23
-26
-33
-41
-51
-58
-60
-62
-64
-68
-78
-83
-86
-85
-77
-66
-53
-46
-32
-17
-18
-16
-19
-27
-36
-41
-37
-37
-29
-21
-3
12
19
25
25
31
41
48
50
53
53
52
51
50
49
42
36
27
15
6
-5
-17
-26
-35
-43
-48
-50
-46
-38
-26
-12
3
19
28
34
41
49
52
54
44
34
16
1
-9
-18
-29
-40
-50
-59
-66
-71
-72
-68
-67
-66
-66
-68
-67
-59
-54
-45
-37
-29
-20
-10
-3
2
5
-1
-7
-13
-25
-28
-32
-33
-33
-28
-31
-34
-41
-56
-72
-81
-84
-84
-74
-61
-53
-47
-42
-45
-49
-54
-54
-50
-47
-47
-47
-47
-48
-49
-47
-50
-41
-45
-43
-47
-48
-46
-39
-27
-16
-11
-7
-3
-3
-4
-8
0
5
15
16
16
13
11
1
-10
-19
-28
-38
-35
-29
-27
-20
3
11
21
20
21
20
14
12
13
11
18
25
26
22
11
-1
-9
-15
-11
-10
-8
-7
0
11
15
17
11
-1
-13
-22
-32
-37
-37
-40
-36
-29
-27
-23
-24
-28
-21
-17
-10
-3
-10
-12
-6
3
22
37
45
43
44
42
34
21
8
4
8
5
7
15
17
21
24
27
32
33
28
17
10
10
12
14
14
15
13
15
13
11
3
-7
-16
-27
-31
-27
-14
-17
-9
-7
-4
2
6
9
12
14
18
21
21
20
17
7
-4
-16
-25
-23
-28
-32
-38
-46
-45
-44
-44
-48
-51
-47
-37
-30
-27
-19
-12
-15
-7
1
-10
-10
-9
-5
2
11
18
16
24
26
31
37
34
30
12
5
-6
-17
-23
-31
-34
-40
-46
-55
-57
-58
-58
-54
-48
-37
-34
-34
-31
-20
-11
6
22
33
41
40
45
45
47
47
42
35
24
13
-1
-7
-5
-5
3
13
27
34
35
37
37
35
34
33
27
28
27
29
31
35
34
22
13
5
1
-1
4
6
6
7
14
13
9
5
-5
-7
2
12
21
17
10
6
-2
-6
-6
-13
-1
4
13
22
31
49
67
83
94
97
93
85
75
58
44
29
24
11
15
16
17
19
16
14
11
13
20
28
33
36
33
31
28
26
16
10
2
-1
-2
-15
-19
-32
-41
-45
-46
-43
-34
-28
-28
-27
-24
-21
-18
-17
-22
-23
-21
-14
-16
-16
-18
-26
-31
-35
-28
-21
-12
-4
-3
7
15
23
25
22
12
5
-1
6
14
18
24
26
31
25
17
6
-6
-10
-10
-8
-6
-5
-8
-12
-12
-11
-13
-18
-27
-35
-42
-42
-36
-31
-34
-37
-38
-36
-35
-34
-39
-48
-56
-66
-77
-86
-90
-82
-76
-64
-53
-52
-51
-44
-45
-43
-40
-33
-27
-23
-16
-5
6
16
18
14
5
-3
-12
-22
-32
-37
-40
-35
-26
-18
-7
-4
5
9
10
9
7
2
-2
-9
-10
-15
-1
6
17
25
27
23
26
27
23
23
19
14
12
11
11
12
13
7
4
4
11
17
24
27
31
29
25
14
6
-3
-5
-14
-27
-39
-45
-52
-57
-61
-61
-59
-54
-50
-53
-55
-63
-67
-74
-78
-80
-83
-89
-96
-100
-102
-102
-105
-107
-107
-103
-96
-97
-96
-93
-87
-79
-73
-66
-59
-48
-34
-19
-9
-9
-3
-2
3
7
19
25
25
25
26
30
32
35
33
33
35
33
37
40
40
42
38
33
18
8
0
5
13
21
22
24
19
22
13
6
-1
-7
-13
-12
-5
-1
2
7
7
-2
-4
-19
-23
-25
-22
-16
1
15
33
46
52
54
50
47
42
31
23
14
6
3
2
1
4
8
9
8
4
5
-8
-8
-10
-10
-18
-28
-42
-54
-67
-75
-79
-76
-73
-73
-69
-64
-50
-42
-36
-28
-28
-18
-14
-13
-15
-9
-19
-30
-44
-55
-61
-60
-49
-35
-20
-9
-3
6
12
22
23
30
27
30
29
31
34
23
19
20
21
17
12
0
-6
-12
-11
-15
-11
-10
-8
-4
-7
-2
-3
-1
3
11
15
21
24
21
9
-2
-5
-13
-12
-12
-6
-5
1
3
1
-4
-8
-13
-11
-10
-5
-10
-14
-21
-29
-38
-46
-54
-50
-47
-45
-47
-43
-48
-48
-41
-35
-19
-15
-14
-14
-12
-20
-23
-21
-26
-21
-20
-16
-20
-22
-28
-33
-27
-18
-6
-3
7
9
4
5
-4
-10
-13
-12
-9
-15
-16
-17
-20
-20
-18
-19
-26
-41
-51
-61
-59
-53
-47
-45
-41
-28
-14
4
16
21
28
29
42
49
57
65
69
73
75
74
68
62
59
55
46
36
26
16
12
14
17
19
17
22
26
35
41
40
34
27
22
18
18
20
25
31
35
37
29
22
24
27
32
32
30
27
27
23
23
22
16
12
1
0
3
15
16
14
2
-8
-22
-23
-31
-36
-41
-44
-44
-41
-30
-30
-24
-21
-11
-11
-10
-12
-13
-17
-22
-26
-29
-29
-29
-30
-30
-29
-35
-33
-32
-31
-33
-41
-45
-49
-52
-55
-63
-76
-90
-99
-101
-98
-89
-73
-61
-52
-52
-57
-64
-69
-67
-59
-48
-35
-31
-28
-29
-27
-24
-26
-36
-44
-58
-68
-68
-68
-58
-40
-26
-8
8
19
27
23
20
18
21
33
37
40
34
28
21
19
18
16
12
1
-8
-19
-20
-19
-19
-21
-24
-26
-30
-28
-23
-18
-7
-5
6
16
35
53
68
73
76
75
70
61
49
37
26
14
9
4
-1
-6
-12
-20
-23
-27
-33
-34
-37
-45
-53
-62
-72
-84
-88
-87
-80
-70
-65
-57
-56
-50
-44
-39
-29
-20
-6
-2
0
-2
-1
-1
-2
4
1
8
0
-8
-17
-33
-40
-50
-54
-59
-62
-63
-64
-64
-62
-59
-56
-49
-45
-44
-41
-37
-32
-31
-29
-30
-30
-33
-33
-28
-20
-17
-12
-12
-18
-12
-9
4
20
24
26
26
24
22
22
22
27
26
31
34
36
35
28
30
36
42
47
44
38
31
31
30
27
26
25
27
30
27
30
25
22
19
12
10
15
13
17
19
21
18
14
13
17
24
30
40
44
47
53
51
49
44
37
34
31
28
21
21
19
15
2
0
4
7
9
7
10
7
1
-5
-18
-23
-31
-44
-46
-50
-55
-55
-56
-56
-49
-44
-36
-33
-26
-23
-18
-15
-10
3
20
31
29
32
29
27
21
21
22
20
13
5
-1
-9
0
8
17
24
23
18
11
6
4
-3
-7
-15
-11
-13
-11
-14
-9
-12
-3
-7
-10
-15
-22
-34
-43
-49
-59
-66
-77
-85
-89
-89
-91
-93
-97
-103
-110
-112
-107
-97
-84
-73
-57
-42
-30
-19
-12
-4
0
-6
-10
-11
-11
-16
-10
-6
-5
6
11
24
29
30
30
29
23
16
9
-2
-20
-32
-42
-59
-72
-85
-97
-109
-118
-132
-142
-150
-148
-140
-123
-101
-81
-68
-64
-64
-68
-73
-83
-94
-94
-83
-63
-36
-11
12
23
34
34
42
43
60
72
79
83
79
78
73
76
75
78
74
65
60
53
48
37
26
10
-1
-11
-21
-34
-38
-30
-21
-15
-9
-7
0
6
16
17
23
21
24
20
17
13
8
11
3
-6
-14
-14
-12
-12
-8
-14
-19
-22
-21
-23
-13
-15
-13
-9
-11
-8
-6
-13
-18
-20
-27
-29
-27
-13
2
22
43
59
72
79
84
92
98
100
99
99
102
102
98
89
75
58
43
20
-1
-20
-26
-29
-30
-25
-24
-21
-15
-5
12
18
27
27
28
22
20
12
-3
-16
-33
-36
-33
-28
-24
-21
-26
-26
-39
-45
-53
-58
-56
-51
-47
-46
-48
-50
-45
-24
0
25
35
38
30
15
-2
-12
-21
-27
-34
-40
-40
-37
-28
-16
-12
-3
6
13
21
26
24
22
26
34
40
47
56
58
63
64
61
52
46
42
44
40
38
29
15
5
-3
-19
-25
-31
-31
-29
-31
-28
-24
-19
-15
-5
-1
3
9
16
19
27
31
34
39
43
40
34
36
30
25
22
21
18
20
24
28
26
22
21
11
-1
-6
-22
-32
-42
-55
-69
-77
-79
-82
-85
-82
-78
-74
-74
-78
-80
-92
-99
-101
-100
-95
-88
-80
-68
-64
-59
-56
-50
-43
-35
-35
-32
-38
-38
-45
-53
-62
-71
-73
-79
-86
-84
-82
-78
-65
-53
-40
-35
-30
-20
-8
0
9
12
13
7
-4
-16
-27
-25
-19
-15
-3
-5
-7
-8
-11
-23
-32
-32
-25
-21
-27
-34
-35
-39
-29
-26
-20
-13
-9
-2
4
5
7
8
10
12
17
18
25
26
28
29
29
20
17
12
2
-6
0
7
2
-1
-4
-10
-13
-17
-25
-28
-34
-30
-33
-43
-53
-63
-68
-66
-62
-49
-40
-32
-23
-14
-2
7
19
27
32
32
28
27
30
37
35
30
21
15
15
14
13
8
1
-6
-12
-18
-23
-34
-47
-54
-54
-47
-35
-20
-13
1
14
24
29
31
36
40
37
39
43
48
54
54
49
43
41
46
50
53
51
44
33
26
28
34
37
41
34
31
23
15
1
-6
-7
-8
-3
-1
8
16
19
13
5
7
7
4
6
-2
-4
-7
-11
-6
4
16
21
15
11
7
4
-6
-11
-7
3
10
14
21
26
25
21
14
6
5
9
16
22
28
37
33
33
26
22
14
6
2
-10
-25
-43
-54
-63
-64
-68
-75
-81
-92
-103
-105
-97
-79
-51
-20
-1
13
11
15
6
-8
-18
-29
-37
-32
-29
-19
-8
1
7
9
10
19
28
33
40
47
48
46
41
36
26
18
4
-18
-30
-43
-56
-64
-62
-60
-54
-53
-47
-48
-39
-21
-1
21
36
38
41
35
40
36
30
31
33
37
42
43
41
32
26
15
1
-10
-21
-34
-38
-37
-34
-34
-32
-27
-31
-37
-46
-54
-64
-70
-72
-77
-80
-76
-68
-54
-44
-35
-36
-37
-41
-49
-57
-60
-55
-43
-28
-20
-12
-8
-10
-10
-12
-3
10
23
36
42
50
49
51
51
46
37
28
23
12
-2
-18
-34
-43
-53
-64
-75
-77
-76
-72
-74
-77
-78
-77
-73
-64
-60
-54
-40
-29
-20
-14
-7
6
21
28
28
27
24
19
18
11
9
10
8
5
15
19
28
36
36
31
21
17
7
9
7
10
9
6
4
-5
-6
-9
-13
-23
-26
-33
-33
-32
-36
-35
-37
-31
-24
-21
-9
-7
-7
-7
-11
-11
-11
-7
-5
-4
-4
-2
4
9
20
38
57
68
82
95
116
136
149
144
129
112
95
77
63
54
51
49
46
45
39
32
20
5
-15
-27
-37
-43
-47
-48
-45
-38
-31
-28
-30
-34
-35
-28
-13
9
31
42
49
48
51
56
56
56
54
52
53
49
45
34
14
-8
-23
-37
-45
-55
-63
-77
-93
-113
-129
-144
-144
-140
-131
-118
-106
-90
-73
-63
-48
-35
-20
-5
7
21
35
43
55
66
78
88
95
99
101
99
99
101
102
102
102
103
104
96
84
65
44
23
8
-8
-21
-23
-21
-25
-32
-39
-43
-44
-45
-50
-56
-63
-65
-64
-56
-34
