-63
-61
-60
-53
-48
-51
-54
-59
-64
-69
-78
-87
-93
-98
-97
-92
-86
-78
-73
-70
-63
-64
-66
-67
-62
-62
-55
-57
-61
-71
-77
-85
-88
-86
-88
-88
-92
-96
-95
-87
-80
-76
-75
-76
-74
-71
-70
-67
-67
-67
-68
-70
-72
-74
-76
-78
-80
-82
-81
-82
-77
-74
-70
-63
-64
-60
-61
-62
-61
-66
-68
-65
-73
-73
-74
-71
-66
-62
-59
-53
-55
-59
-66
-70
-71
-75
-77
-77
-77
-79
-79
-83
-84
-88
-83
-90
-88
-93
-93
-94
-95
-91
-93
-89
-90
-87
-83
-84
-82
-78
-72
-62
-57
-57
-55
-55
-53
-53
-56
-59
-66
-63
-62
-58
-49
-53
-58
-64
-67
-67
-72
-74
-76
-76
-79
-76
-75
-73
-71
-71
-75
-74
-75
-69
-62
-58
-57
-61
-68
-67
-72
-69
-67
-63
-60
-66
-65
-65
-64
-60
-62
-65
-67
-67
-70
-69
-70
-66
-73
-74
-79
-78
-79
-79
-79
-83
-84
-90
-85
-82
-75
-70
-69
-71
-72
-72
-76
-71
-66
-69
-68
-66
-61
-64
-64
-71
-78
-75
-73
-69
-74
-77
-82
-85
-84
-87
-86
-87
-83
-83
-80
-80
-82
-85
-91
-87
-85
-87
-92
-93
-88
-87
-90
-96
-102
-108
-103
-101
-93
-87
-82
-75
-70
-60
-59
-60
-68
-69
-73
-82
-87
-95
-93
-90
-87
-83
-83
-85
-90
-94
-93
-91
-90
-83
-86
-87
-93
-102
-100
-100
-94
-89
-86
-89
-90
-96
-99
-98
-101
-102
-100
-94
-87
-82
-71
-63
-58
-56
-54
-59
-63
-67
-71
-71
-64
-58
-60
-55
-60
-66
-68
-72
-69
-69
-71
-68
-67
-66
-66
-70
-78
-85
-90
-93
-97
-99
-98
-101
-100
-101
-97
-92
-89
-82
-79
-71
-75
-74
-78
-78
-74
-75
-75
-74
-75
-73
-69
-64
-63
-65
-63
-65
-65
-62
-63
-60
-54
-42
-31
-30
-31
-29
-29
-26
-28
-26
-30
-33
-35
-43
-49
-58
-59
-59
-62
-63
-65
-61
-56
-59
-58
-61
-60
-65
-61
-60
-64
-62
-69
-68
-75
-75
-79
-83
-86
-91
-95
-96
-91
-82
-76
-71
-72
-79
-87
-96
-100
-104
-106
-106
-107
-107
-106
-106
-108
-110
-111
-111
-110
-109
-114
-118
-123
-122
-118
-112
-108
-107
-105
-100
-96
-93
-90
-92
-87
-82
-85
-87
-97
-107
-108
-107
-101
-98
-88
-83
-74
-74
-76
-79
-77
-81
-77
-77
-74
-80
-81
-77
-77
-76
-76
-79
-75
-76
-75
-82
-87
-92
-94
-95
-96
-97
-99
-93
-90
-89
-95
-102
-101
-100
-96
-96
-90
-89
-85
-80
-73
-69
-69
-74
-81
-85
-87
-87
-88
-91
-91
-99
-98
-106
-102
-101
-105
-106
-110
-113
-114
-112
-110
-106
-103
-104
-101
-99
-93
-88
-84
-80
-82
-76
-76
-70
-72
-76
-73
-71
-65
-65
-57
-56
-52
-51
-50
-50
-47
-47
-49
-47
-50
-47
-48
-44
-45
-47
-49
-56
-58
-63
-62
-67
-73
-75
-75
-76
-75
-75
-79
-79
-84
-83
-80
-78
-71
-69
-68
-65
-69
-71
-71
-74
-73
-78
-81
-77
-73
-66
-61
-61
-55
-55
-59
-61
-57
-59
-56
-55
-59
-63
-65
-65
-69
-72
-77
-81
-85
-90
-86
-86
-83
-79
-74
-72
-64
-64
-68
-76
-85
-88
-87
-85
-75
-70
-62
-59
-55
-60
-59
-56
-48
-46
-40
-39
-45
-49
-61
-71
-78
-79
-83
-89
-99
-104
-106
-109
-111
-119
-131
-135
-138
-134
-129
-123
-117
-113
-107
-104
-98
-97
-93
-88
-79
-70
-61
-63
-69
-72
-72
-69
-65
-66
-66
-64
-69
-71
-73
-77
-79
-81
-88
-86
-87
-83
-80
-73
-75
-73
-68
-68
-63
-66
-62
-60
-63
-64
-63
-60
-57
-57
-62
-68
-65
-65
-65
-67
-70
-70
-71
-77
-79
-83
-80
-74
-71
-75
-73
-76
-72
-72
-72
-84
-87
-95
-96
-97
-93
-89
-81
-72
-69
-65
-65
-64
-62
-63
-59
-64
-67
-72
-73
-70
-70
-66
-68
-74
-77
-76
-74
-65
-59
-52
-55
-61
-64
-66
-70
-68
-69
-76
-73
-74
-70
-66
-64
-59
-60
-58
-56
-60
-63
-63
-59
-58
-50
-54
-53
-52
-48
-47
-49
-56
-55
-63
-69
-67
-67
-64
-69
-73
-77
-77
-77
-73
-70
-73
-71
-71
-67
-62
-59
-53
-54
-46
-51
-61
-58
-55
-58
-57
-54
-58
-62
-68
-77
-87
-92
-98
-102
-99
-97
-91
-88
-89
-86
-86
-80
-80
-80
-75
-73
-69
-73
-68
-73
-73
-73
-72
-72
-73
-68
-70
-70
-70
-66
-62
-58
-53
-46
-47
-40
-36
-39
-37
-46
-40
-43
-46
-54
-67
-72
-82
-86
-95
-98
-93
-89
-77
-71
-64
-62
-61
-70
-78
-78
-85
-85
-89
-89
-84
-82
-77
-68
-66
-67
-69
-70
-74
-79
-80
-77
-79
-83
-82
-82
-75
-73
-68
-67
-65
-67
-72
-74
-74
-72
-73
-73
-76
-72
-67
-59
-57
-56
-56
-53
-58
-60
-65
-66
-69
-72
-78
-82
-91
-91
-90
-87
-80
-75
-72
-70
-62
-63
-58
-61
-58
-65
-67
-68
-61
-59
-57
-57
-62
-70
-77
-81
-84
-90
-99
-111
-119
-119
-119
-117
-109
-104
-100
-98
-100
-98
-95
-90
-79
-75
-75
-77
-79
-75
-76
-78
-83
-91
-98
-107
-117
-120
-128
-132
-135
-133
-129
-126
-118
-113
-107
-100
-94
-84
-80
-74
-67
-57
-51
-49
-53
-62
-67
-68
-68
-68
-72
-77
-82
-86
-91
-95
-97
-94
-93
-92
-96
-93
-89
-84
-83
-86
-87
-89
-94
-93
-95
-94
-98
-98
-106
-113
-117
-117
-110
-103
-98
-95
-91
-92
-91
-89
-92
-91
-95
-95
-95
-95
-89
-87
-90
-97
-104
-109
-108
-105
-99
-99
-97
-101
-102
-95
-96
-95
-96
-91
-93
-97
-102
-102
-100
-93
-92
-91
-87
-79
-75
-72
-71
-67
-72
-74
-81
-83
-90
-91
-91
-97
-102
-107
-106
-105
-104
-107
-110
-113
-119
-116
-109
-98
-87
-80
-74
-70
-68
-71
-71
-69
-72
-74
-78
-80
-79
-78
-81
-79
-80
-74
-72
-75
-71
-71
-60
-54
-43
-45
-45
-43
-42
-42
-45
-47
-57
-65
-67
-68
-67
-67
-67
-72
-75
-81
-89
-91
-90
-85
-82
-75
-70
-64
-65
-62
-55
-53
-46
-45
-40
-44
-45
-42
-49
-50
-63
-74
-84
-86
-82
-83
-83
-90
-92
-96
-96
-95
-90
-83
-76
-74
-68
-68
-73
-61
-58
-51
-50
-45
-42
-40
-38
-45
-46
-50
-58
-56
-65
-75
-81
-85
-85
-88
-87
-91
-89
-85
-75
-75
-73
-73
-72
-67
-66
-69
-80
-86
-88
-84
-73
-65
-64
-61
-63
-66
-64
-65
-60
-54
-57
-53
-49
-51
-42
-43
-48
-46
-50
-54
-49
-55
-58
-57
-55
-53
-55
-58
-63
-59
-65
-68
-78
-77
-78
-78
-77
-73
-65
-56
-53
-52
-57
-63
-72
-77
-81
-83
-86
-87
-87
-87
-86
-89
-87
-87
-85
-83
-81
-77
-75
-78
-85
-87
-91
-88
-86
-79
-82
-84
-80
-80
-81
-82
-79
-71
-63
-57
-54
-51
-53
-54
-59
-63
-67
-68
-74
-77
-81
-84
-81
-83
-86
-90
-97
-96
-102
-99
-96
-91
-88
-86
-82
-80
-71
-67
-65
-68
-66
-64
-63
-54
-49
-47
-49
-54
-53
-56
-62
-59
-63
-63
-66
-67
-61
-60
-47
-35
-37
-34
-39
-43
-46
-46
-46
-52
-54
-56
-59
-57
-55
-51
-49
-46
-44
-46
-46
-49
-55
-58
-58
-56
-53
-53
-49
-50
-49
-56
-60
-72
-74
-70
-68
-68
-69
-63
-56
-51
-43
-41
-44
-45
-47
-58
-60
-68
-76
-80
-85
-82
-84
-78
-67
-59
-56
-53
-53
-58
-66
-68
-70
-69
-73
-78
-92
-108
-125
-135
-150
-158
-157
-153
-144
-134
-123
-112
-100
-87
-81
-76
-70
-70
-68
-68
-70
-68
-70
-70
-74
-75
-69
-71
-69
-79
-76
-79
-85
-85
-85
-91
-89
-88
-91
-90
-94
-95
-92
-89
-79
-76
-75
-70
-70
-67
-64
-65
-59
-53
-49
-51
-54
-62
-67
-68
-75
-75
-76
-73
-71
-66
-65
-71
-75
-80
-87
-87
-88
-85
-83
-85
-82
-78
-67
-65
-60
-59
-52
-47
-45
-36
-33
-32
-31
-34
-33
-36
-35
-35
-34
-40
-47
-57
-60
-62
-65
-68
-73
-77
-83
-85
-81
-81
-80
-81
-77
-78
-72
-71
-68
-66
-61
-55
-48
-49
-55
-61
-72
-73
-74
-75
-78
-83
-87
-92
-90
-89
-88
-86
-89
-93
-95
-97
-100
-105
-102
-99
-96
-93
-88
-78
-72
-68
-70
-73
-78
-76
-85
-87
-93
-91
-95
-93
-86
-75
-64
-66
-64
-75
-75
-78
-79
-85
-90
-93
-107
-115
-122
-126
-128
-128
-126
-130
-132
-134
-130
-124
-118
-111
-116
-113
-115
-112
-110
-105
-100
-102
-103
-115
-120
-125
-127
-122
-118
-112
-106
-102
-99
-93
-87
-78
-72
-65
-71
-75
-70
-73
-74
-78
-79
-84
-84
-89
-96
-97
-94
-84
-77
-68
-60
-54
-51
-48
-56
-68
-75
-88
-97
-103
-107
-111
-116
-120
-121
-118
-110
-102
-95
-90
-77
-61
-54
-47
-45
-41
-41
-34
-31
-31
-30
-38
-37
-45
-53
-55
-62
-64
-61
-54
-54
-59
-62
-61
-63
-56
-59
-59
-56
-58
-57
-63
-63
-70
-76
-76
-78
-84
-92
-99
-109
-110
-106
-100
-98
-92
-85
-71
-69
-69
-70
-78
-75
-75
-73
-75
-74
-76
-73
-71
-72
-71
-72
-67
-69
-72
-75
-79
-77
-74
-66
-64
-60
-58
-59
-61
-63
-55
-54
-52
-52
-51
-57
-59
-60
-61
-60
-64
-64
-68
-69
-61
-53
-52
-51
-52
-48
-49
-43
-40
-32
-39
-45
-51
-54
-52
-59
-54
-58
-55
-58
-63
-68
-71
-75
-79
-82
-91
-98
-105
-101
-99
-95
-94
-98
-96
-94
-92
-93
-91
-89
-85
-79
-83
-82
-84
-83
-82
-89
-88
-97
-98
-104
-96
-88
-80
-76
-80
-83
-86
-83
-77
-73
-61
-59
-55
-61
-57
-60
-55
-54
-57
-54
-60
-62
-73
-77
-84
-87
-93
-101
-105
-109
-103
-95
-83
-77
-76
-70
-69
-67
-67
-63
-70
-67
-67
-72
-75
-75
-70
-70
-66
-67
-61
-63
-69
-72
-85
-89
-98
-101
-103
-101
-96
-99
-102
-109
-119
-122
-124
-128
-131
-135
-139
-143
-144
-141
-133
-125
-113
-104
-94
-83
-71
-67
-69
-71
-74
-75
-77
-74
-75
-75
-79
-78
-82
-85
-87
-89
-77
-73
-61
-64
-59
-50
-51
-50
-50
-49
-46
-44
-38
-36
-37
-41
-45
-47
-39
-48
-51
-54
-51
-45
-45
-42
-52
-64
-71
-71
-71
-71
-72
-74
-73
-77
-75
-78
-77
-78
-81
-87
-97
-101
-108
-112
-114
-118
-122
-123
-122
-122
-118
-113
-106
-104
-100
-95
-92
-90
-94
-92
-94
-96
-98
-98
-96
-95
-92
-92
-85
-81
-81
-79
-74
-64
-64
-61
-62
-65
-68
-71
-68
-65
-64
-68
-69
-73
-74
-73
-80
-79
-82
-82
-80
-82
-86
-90
-96
-95
-99
-104
-102
-105
-102
-104
-104
-106
-107
-99
-95
-87
-83
-79
-84
-86
-87
-83
-79
-81
-78
-80
-81
-85
-85
-78
-70
-70
-70
-69
-61
-50
-43
-39
-38
-37
-47
-55
-64
-71
-71
-71
-68
-66
-66
-63
-58
-56
-49
-57
-57
-64
-66
-66
-62
-61
-65
-66
-75
-78
-84
-86
-90
-90
-95
-98
-101
-104
-99
-94
-90
-91
-92
-92
-88
-82
-77
-78
-76
-77
-75
-69
-65
-59
-54
-52
-52
-53
-51
-47
-52
-57
-62
-61
-62
-59
-71
-78
-88
-92
-94
-96
-99
-102
-96
-89
-82
-76
-73
-66
-66
-61
-58
-56
-54
-59
-63
-66
-73
-76
-76
-82
-88
-92
-94
-93
-93
-92
-89
-87
-82
-81
-80
-82
-82
-81
-78
-79
-74
-75
-73
-70
-69
-62
-65
-65
-70
-68
-68
-64
-62
-58
-57
-57
-56
-54
-57
-48
-48
-41
-45
-45
-48
-56
-60
-57
-54
-48
-45
-49
-51
-55
-63
-63
-64
-61
-59
-55
-58
-55
-55
-53
-45
-47
-39
-44
-49
-56
-64
-73
-79
-82
-91
-92
-102
-97
-99
-97
-101
-102
-98
-96
-93
-93
-90
-92
-91
-89
-93
-90
-84
-83
-83
-82
-80
-76
-75
-72
-76
-79
-78
-78
-83
-84
-86
-79
-83
-83
-85
-87
-91
-90
-93
-92
-89
-87
-86
-89
-89
-93
-93
-99
-106
-112
-117
-116
-115
-115
-118
-116
-115
-106
-91
-86
-83
-84
-84
-83
-88
-86
-87
-82
-86
-87
-88
-90
-86
-89
-86
-87
-85
-82
-80
-79
-81
-78
-78
-71
-69
-67
-68
-68
-69
-63
-60
-62
-67
-64
-59
-59
-59
-54
-53
-48
-51
-52
-53
-54
-55
-60
-58
-64
-66
-64
-63
-63
-64
-66
-65
-61
-69
-65
-62
-64
-69
-74
-83
-87
-86
-93
-95
-105
-108
-110
-109
-105
-101
-101
-100
-97
-92
-84
-78
-73
-67
-58
-50
-50
-47
-46
-48
-53
-62
-68
-77
-73
-73
-75
-81
-92
-97
-101
-101
-97
-93
-92
-85
-84
-84
-79
-82
-77
-78
-73
-73
-77
-73
-76
-79
-87
-93
-95
-92
-92
-94
-99
-101
-98
-100
-97
-103
-103
-107
-109
-102
-99
-93
-91
-82
-82
-84
-85
-87
-83
-84
-84
-87
-88
-83
-82
-79
-81
-83
-88
-87
-87
-80
-81
-81
-80
-86
-81
-83
-81
-84
-90
-90
-89
-81
-75
-77
-82
-79
-81
-77
-70
-73
-75
-74
-73
-71
-66
-64
-67
-61
-64
-63
-68
-68
-69
-72
-73
-81
-84
-84
-82
-85
-86
-92
-97
-97
-101
-96
-97
-92
-92
-90
-89
-91
-91
-95
-91
-90
-85
-87
-84
-80
-74
-67
-63
-70
-78
-89
-92
-95
-92
-92
-94
-96
-101
-106
-107
-106
-111
-107
-106
-104
-96
-96
-90
-94
-92
-92
-88
-88
-89
-91
-97
-103
-105
-111
-115
-115
-119
-112
-105
-98
-91
-88
-83
-79
-73
-74
-76
-78
-83
-84
-89
-88
-94
-91
-88
-84
-68
-67
-66
-62
-64
-65
-68
-74
-79
-83
-90
-84
-84
-80
-77
-68
-69
-70
-67
-69
-66
-67
-66
-69
-67
-61
-62
-65
-64
-62
-56
-59
-58
-61
-61
-64
-64
-69
-68
-62
-67
-62
-59
-64
-64
-67
-73
-74
-79
-80
-88
-93
-93
-96
-89
-89
-87
-84
-88
-86
-80
-75
-70
-62
-65
-66
-68
-67
-62
-64
-59
-69
-70
-75
-79
-79
-69
-65
-66
-65
-65
-63
-66
-62
-57
-56
-53
-54
-62
-66
-67
-71
-70
-78
-86
-85
-89
-84
-81
-75
-63
-56
-51
-55
-54
-55
-49
-57
-54
-58
-66
-61
-68
-67
-69
-69
-75
-74
-73
-82
-84
-84
-78
-71
-73
-63
-63
-56
-54
-53
-56
-60
-59
-62
-59
-56
-52
-49
-40
-37
-39
-45
-47
-51
-57
-48
-46
-45
-41
-37
-32
-37
-33
-44
-45
-57
-53
-53
-47
-42
-42
-42
-51
-50
-51
-49
-51
-57
-65
-62
-62
-61
-55
-55
-64
-71
-80
-86
-91
-92
-90
-85
-89
-87
-83
-83
-77
-76
-66
-68
-64
-67
-66
-68
-64
-59
-59
-52
-55
-53
-56
-59
-60
-61
-66
-77
-75
-79
-78
-80
-90
-95
-98
-94
-94
-90
-93
-90
-98
-99
-100
-99
-89
-84
-82
-75
-68
-65
-69
-67
-67
-63
-57
-56
-59
-59
-51
-51
-43
-50
-50
-49
-51
-55
-55
-61
-68
-71
-68
-62
-57
-53
-52
-55
-49
-53
-60
-63
-69
-73
-66
-65
-63
-63
-59
-54
-45
-40
-45
-51
-57
-63
-63
-68
-63
-66
-72
-76
-80
-75
-75
-74
-70
-75
-77
-82
-82
-79
-78
-83
-86
-90
-92
-97
-102
-102
-104
-100
-102
-100
-98
-92
-87
-85
-83
-75
-69
-62
-67
-67
-69
-67
-71
-74
-77
-81
-81
-86
-84
-84
-83
-85
-87
-86
-84
-83
-81
-82
-84
-85
-80
-73
-66
-62
-60
-64
-66
-67
-62
-60
-54
-57
-58
-52
-53
-54
-53
-54
-52
-56
-57
-64
-69
-72
-73
-73
-66
-71
-71
-75
-85
-81
-85
-83
-81
-82
-85
-91
-94
-100
-93
-94
-93
-102
-108
-109
-110
-105
-103
-109
-115
-122
-118
-117
-115
-117
-116
-116
-112
-109
-109
-110
-119
-125
-135
-135
-137
-129
-122
-118
-110
-110
-101
-95
-86
-83
-76
-74
-75
-70
-75
-76
-82
-83
-85
-88
-93
-96
-105
-109
-114
-117
-117
-118
-116
-117
-120
-120
-120
-110
-105
-92
-92
-88
-84
-83
-81
-79
-82
-89
-90
-88
-88
-90
-94
-89
-90
-95
-99
-108
-102
-94
-86
-86
-88
-89
-88
-87
-93
-96
-102
-102
-103
-98
-95
-89
-89
-88
-90
-95
-97
-101
-98
-99
-101
-100
-97
-96
-102
-107
-113
-110
-103
-95
-95
-99
-94
-94
-90
-87
-87
-87
-86
-73
-72
-62
-63
-68
-71
-77
-82
-80
-80
-74
-71
-66
-62
-53
-51
-54
-51
-53
-53
-53
-59
-60
-68
-65
-63
-65
-66
-77
-77
-84
-80
-79
-75
-72
-73
-72
-73
-74
-73
-69
-65
-66
-64
-65
-58
-55
-48
-49
-46
-45
-50
-49
-51
-48
-52
-51
-49
-52
-49
-53
-61
-56
-51
-51
-51
-48
-49
-47
-46
-47
-52
-54
-54
-54
-51
-50
-51
-47
-50
-45
-46
-42
-35
-35
-34
-33
-37
-34
-37
-38
-40
-45
-43
-51
-56
-59
-60
-59
-68
-72
-83
-85
-86
-84
-82
-76
-77
-73
-72
-77
-69
-71
-64
-65
-59
-62
-62
-62
-60
-63
-56
-57
-58
-63
-61
-61
-55
-55
-52
-52
-58
-53
-54
-55
-55
-68
-68
-78
-78
-81
-85
-87
-92
-95
-95
-98
-98
-99
-97
-98
-102
-104
-106
-103
-100
-95
-88
-87
-84
-84
-88
-93
-89
-87
-86
-91
-95
-94
-96
-95
-97
-99
-99
-100
-98
-98
-96
-96
-95
-95
-88
-86
-81
-78
-78
-80
-81
-85
-93
-100
-106
-108
-107
-104
-97
-96
-93
-90
-91
-85
-84
-79
-78
-81
-89
-99
-102
-104
-98
-99
-96
-96
-90
-87
-78
-73
-66
-63
-64
-59
-61
-59
-62
-64
-63
-73
-75
-79
-79
-80
-80
-78
-74
-75
-75
-78
-81
-84
-86
-84
-83
-79
-74
-69
-63
-58
-53
-53
-65
-62
-63
-59
-59
-60
-64
-60
-59
-53
-47
-43
-39
-43
-41
-43
-49
-53
-54
-51
-55
-58
-64
-66
-64
-67
-71
-67
-66
-61
-62
-61
-56
-57
-56
-53
-53
-52
-50
-49
-51
-49
-45
-47
-55
-47
-52
-56
-62
-72
-77
-82
-85
-80
-77
-72
-69
-75
-77
-86
-90
-94
-91
-90
-86
-86
-85
-84
-86
-87
-88
-83
-84
-82
-84
-86
-86
-89
-89
-92
-90
-88
-87
-81
-72
-61
-60
-54
-61
-64
-68
-69
-63
-69
-65
-65
-67
-64
-59
-58
-60
-52
-57
-59
-65
-62
-62
-59
-60
-61
-68
-77
-75
-73
-65
-61
-65
-72
-75
-72
-68
-62
-54
-57
-56
-59
-57
-56
-51
-52
-53
-54
-54
-55
-53
-53
-44
-39
-40
-38
-36
-32
-34
-36
-41
-49
-56
-58
-66
-70
-75
-74
-81
-84
-92
-92
-96
-97
-93
-94
-89
-91
-97
-101
-101
-94
-86
-73
-63
-66
-65
-68
-69
-75
-84
-87
-88
-85
-87
-84
-81
-80
-74
-76
-85
-85
-90
-95
-103
-109
-114
-117
-116
-116
-115
-116
-111
-111
-108
-103
-101
-95
-93
-87
-89
-87
-93
-92
-95
-90
-86
-79
-77
-81
-88
-97
-102
-99
-100
-101
-101
-102
-102
-99
-99
-98
-97
-96
-94
-98
-97
-94
-89
-84
-87
-87
-89
-90
-88
-86
-84
-83
-84
-83
-84
-86
-91
-95
-103
-108
-108
-109
-110
-115
-122
-123
-124
-124
-124
-123
-121
-111
-100
-96
-94
-93
-90
-92
-96
-98
-106
-105
-110
-113
-110
-111
-104
-100
-92
-89
-86
-79
-71
-62
-59
-60
-64
-75
-83
-82
-83
-86
-88
-87
-87
-84
-84
-81
-83
-80
-77
-74
-75
-69
-70
-68
-73
-78
-85
-95
-93
-95
-87
-83
-81
-84
-89
-87
-83
-82
-77
-71
-71
-70
-75
-76
-76
-80
-83
-87
-88
-81
-76
-80
-80
-82
-90
-97
-102
-104
-106
-99
-96
-91
-91
-91
-87
-83
-77
-76
-77
-83
-87
-89
-94
-93
-94
-92
-94
-87
-87
-83
-85
-95
-96
-101
-101
-95
-94
-93
-94
-96
-93
-88
-82
-78
-65
-67
-65
-68
-61
-61
-64
-68
-68
-69
-67
-70
-68
-69
-65
-62
-57
-53
-49
-48
-47
-47
-39
-39
-33
-35
-38
-40
-42
-46
-45
-39
-36
-31
-34
-42
-46
-51
-46
-47
-51
-53
-51
-57
-60
-59
-61
-62
-67
-76
-84
-86
-83
-82
-82
-81
-79
-80
-86
-86
-88
-92
-97
-100
-94
-88
-75
-64
-61
-57
-48
-46
-50
-52
-52
-49
-53
-51
-57
-58
-57
-57
-47
-45
-37
-47
-40
-47
-42
-40
-46
-39
-42
-38
-41
-41
-42
-39
-34
-31
-27
-25
-29
-39
-44
-51
-51
-53
-50
-48
-52
-40
-44
-48
-47
-58
-67
-67
-58
-60
-55
-54
-58
-59
-65
-68
-64
-58
-62
-59
-70
-75
-79
-75
-72
-70
-71
-76
-81
-85
-85
-79
-75
-72
-76
-77
-77
-70
-64
-57
-59
-64
-69
-71
-73
-80
-84
-83
-83
-78
-79
-75
-73
-66
-62
-55
-53
-48
-43
-43
-45
-41
-47
-52
-63
-63
-70
-75
-77
-79
-81
-80
-85
-90
-87
-85
-83
-85
-85
-90
-95
-95
-94
-86
-86
-89
-90
-87
-85
-82
-75
-75
-72
-76
-79
-81
-81
-77
-74
-67
-70
-76
-81
-84
-86
-92
-93
-93
-92
-91
-91
-88
-88
-83
-83
-79
-79
-78
-80
-73
-71
-69
-62
-59
-49
-52
-43
-48
-42
-39
-41
-42
-46
-45
-48
-48
-49
-46
-53
-60
-63
-65
-63
-63
-62
-61
-66
-62
-71
-71
-83
-80
-82
-77
-73
-68
-65
-67
-68
-73
-76
-80
-78
-75
-71
-68
-71
-72
-76
-74
-77
-79
-85
-90
-89
-83
-78
-75
-74
-74
-78
-79
-83
-79
-80
-77
-73
-75
-78
-77
-79
-79
-79
-85
-88
-93
-94
-90
-95
-92
-92
-91
-86
-80
-76
-77
-78
-83
-87
-92
-96
-107
-111
-113
-114
-107
-106
-99
-98
-96
-97
-96
-92
-90
-92
-97
-105
-109
-110
-109
-107
-106
-103
-100
-97
-92
-91
-94
-95
-97
-90
-91
-89
-93
-95
-98
-102
-105
-108
-113
-116
-119
-121
-121
-121
-124
-120
-123
-114
-106
-102
-98
-101
-104
-108
-107
-103
-100
-96
-101
-111
-117
-117
-113
-102
-95
-91
-92
-92
-83
-79
-76
-68
-70
-68
-67
-71
-79
-86
-83
-80
-79
-74
-76
-77
-75
-71
-66
-64
-61
-61
-62
-59
-48
-44
-39
-37
-42
-44
-53
-57
-65
-67
-67
-72
-73
-70
-67
-64
-61
-63
-67
-68
-67
-58
-53
-46
-44
-42
-40
-45
-49
-53
-50
-55
-61
-70
-75
-73
-70
-66
-63
-62
-64
-64
-65
-68
-61
-55
-49
-49
-48
-49
-56
-54
-53
-55
-62
-64
-72
-74
-77
-80
-81
-81
-80
-76
-74
-71
-68
-62
-58
-53
-52
-48
-45
-45
-45
-46
-50
-52
-50
-49
-47
-41
-38
-43
-45
-46
-55
