-69
-75
-80
-80
-83
-83
-85
-81
-76
-70
-57
-47
-38
-22
-8
-2
-2
-10
-13
-25
-39
-51
-64
-75
-83
-89
-100
-104
-109
-108
-110
-106
-105
-107
-105
-110
-119
-129
-131
-130
-125
-117
-117
-117
-121
-129
-134
-138
-134
-126
-119
-118
-117
-109
-109
-107
-105
-110
-116
-121
-117
-118
-115
-116
-111
-102
-100
-94
-92
-89
-84
-85
-85
-88
-81
-75
-69
-61
-51
-46
-39
-32
-29
-33
-34
-35
-41
-44
-49
-54
-55
-55
-55
-53
-52
-50
-51
-53
-48
-49
-53
-57
-61
-64
-67
-66
-70
-72
-70
-72
-75
-78
-73
-75
-75
-72
-78
-87
-102
-109
-118
-119
-119
-119
-126
-130
-131
-135
-137
-138
-133
-136
-132
-129
-132
-136
-139
-143
-150
-154
-157
-157
-153
-141
-128
-114
-100
-86
-75
-60
-47
-28
-17
-10
-10
-16
-24
-33
-34
-44
-46
-45
-40
-34
-25
-20
-13
-18
-15
-19
-23
-16
-21
-19
-21
-18
-19
-26
-34
-42
-48
-45
-43
-41
-41
-36
-33
-20
-11
-1
1
3
6
9
7
12
21
26
33
41
41
35
32
31
29
31
35
40
46
52
62
71
82
86
86
85
88
92
87
89
78
68
55
46
40
32
33
30
23
16
9
2
-3
-5
-1
0
-6
-7
-12
-14
-14
-19
-22
-24
-16
-10
-6
1
-1
-4
-7
-7
-11
-13
-16
-18
-22
-29
-36
-40
-43
-44
-47
-54
-57
-53
-55
-59
-56
-64
-72
-74
-71
-68
-70
-76
-76
-75
-67
-59
-58
-54
-51
-55
-58
-57
-56
-50
-47
-38
-40
-36
-33
-36
-42
-46
-47
-49
-43
-35
-34
-38
-44
-44
-51
-53
-54
-65
-73
-79
-74
-72
-67
-62
-53
-51
-49
-54
-60
-64
-70
-77
-89
-99
-104
-107
-104
-98
-92
-85
-74
-58
-43
-27
-11
1
3
6
5
8
16
21
28
24
15
7
-2
-8
-14
-18
-19
-19
-28
-35
-41
-43
-36
-30
-21
-16
-16
-23
-23
-31
-40
-52
-67
-83
-97
-101
-107
-110
-109
-110
-114
-113
-116
-118
-120
-121
-118
-116
-113
-104
-97
-87
-71
-61
-54
-48
-41
-32
-21
-7
3
18
30
35
32
32
35
39
41
36
32
25
21
14
10
5
6
-1
-12
-23
-24
-25
-20
-19
-20
-23
-29
-25
-22
-20
-4
10
21
25
31
25
9
-4
-18
-27
-30
-27
-27
-28
-32
-29
-25
-20
-8
1
7
10
13
20
30
42
48
47
46
44
36
33
27
23
18
19
24
24
23
16
8
3
1
3
4
8
3
-9
-15
-19
-23
-25
-32
-41
-46
-46
-51
-51
-52
-49
-42
-39
-32
-28
-32
-37
-44
-51
-68
-86
-106
-121
-136
-143
-151
-148
-144
-137
-133
-130
-126
-121
-115
-109
-98
-94
-89
-86
-81
-80
-73
-63
-55
-42
-34
-28
-32
-35
-37
-39
-47
-51
-60
-71
-79
-90
-97
-99
-94
-89
-87
-91
-95
-105
-112
-122
-134
-145
-153
-160
-168
-177
-183
-185
-181
-168
-154
-143
-136
-127
-122
-113
-104
-93
-85
-81
-80
-82
-82
-79
-71
-62
-55
-46
-47
-43
-39
-40
-42
-42
-42
-36
-29
-22
-8
-1
7
5
4
-8
-15
-21
-26
-28
-39
-49
-60
-55
-49
-39
-29
-23
-21
-15
-6
2
10
21
28
34
33
34
29
34
43
51
61
72
90
101
112
121
128
139
147
158
160
160
156
143
125
106
91
70
52
39
29
21
15
7
-6
-13
-13
-12
-14
-16
-22
-28
-42
-57
-67
-76
-78
-77
-70
-66
-50
-33
-22
-10
-5
-2
-2
4
9
9
9
0
-12
-22
-19
-23
-20
-17
-20
-24
-27
-28
-32
-37
-41
-47
-52
-58
-59
-63
-66
-68
-66
-69
-74
-74
-81
-85
-89
-97
-107
-111
-116
-122
-129
-134
-140
-146
-150
-154
-155
-152
-143
-125
-110
-91
-77
-66
-62
-58
-54
-53
-50
-52
-54
-55
-61
-55
-60
-59
-60
-70
-81
-93
-95
-96
-97
-101
-106
-107
-100
-92
-84
-77
-69
-57
-47
-34
-33
-28
-21
-20
-15
-14
-10
-9
-8
-6
-3
-3
-4
-2
-6
-4
-1
4
2
-1
-3
-8
-12
-16
-16
-17
-13
-11
-9
-3
-1
-1
1
6
7
-4
-13
-23
-30
-36
-31
-28
-22
-17
-11
-11
-13
-14
-13
-16
-14
-9
-7
-9
-10
-10
-10
-18
-27
-34
-41
-48
-48
-50
-54
-52
-49
-47
-43
-39
-41
-42
-34
-35
-32
-28
-25
-24
-24
-24
-32
-39
-43
-44
-44
-47
-51
-59
-70
-80
-94
-113
-126
-138
-147
-157
-166
-170
-173
-173
-175
-184
-190
-195
-200
-206
-205
-202
-195
-186
-173
-160
-144
-130
-120
-111
-109
-104
-104
-106
-106
-104
-107
-105
-98
-101
-99
-92
-83
-74
-69
-67
-66
-68
-73
-79
-93
-102
-116
-127
-139
-151
-161
-174
-184
-195
-206
-219
-228
-241
-257
-266
-274
-280
-282
-279
-266
-256
-242
-238
-235
-229
-225
-219
-211
-198
-176
-152
-123
-94
-70
-54
-39
-27
-17
-15
0
9
21
29
33
39
50
59
63
63
61
58
52
42
32
19
7
2
-4
-16
-28
-36
-48
-53
-59
-69
-78
-81
-84
-78
-67
-51
-34
-20
-1
23
39
57
73
90
99
107
109
104
98
95
87
78
73
69
68
70
76
75
78
82
85
87
89
92
94
97
97
92
86
81
78
70
61
53
46
29
21
17
16
19
16
5
-6
-14
-15
-23
-24
-25
-23
-18
-13
-11
-8
-4
-9
-4
-15
-20
-32
-38
-43
-39
-27
-16
-4
8
14
25
37
43
48
55
58
61
61
61
56
47
39
29
16
6
1
-10
-19
-27
-26
-27
-25
-25
-22
-23
-20
-25
-35
-49
-54
-66
-76
-82
-85
-84
-83
-80
-80
-81
-79
-70
-66
-66
-71
-80
-83
-79
-71
-64
-60
-61
-66
-76
-77
-74
-78
-78
-80
-81
-79
-69
-52
-40
-26
-13
0
18
38
55
62
66
72
70
65
56
50
44
43
45
47
49
55
58
65
72
67
60
54
56
57
60
66
66
58
43
28
18
14
17
18
15
9
5
3
-3
-8
-18
-38
-60
-90
-116
-144
-169
-191
-212
-228
-242
-258
-268
-279
-292
-306
-315
-323
-331
-336
-335
-326
-319
-310
-307
-306
-302
-293
-287
-279
-270
-261
-249
-233
-210
-188
-169
-147
-128
-116
-103
-83
-69
-55
-46
-31
-25
-24
-20
-16
-9
2
14
22
31
40
44
50
55
59
60
57
59
62
73
89
104
109
113
110
104
94
83
73
63
68
70
66
63
62
60
55
54
50
50
52
59
64
69
76
81
77
76
77
76
83
90
97
100
103
111
116
119
131
135
130
124
118
108
102
89
77
62
52
49
48
55
59
60
51
44
36
25
14
7
-4
-20
-29
-42
-58
-73
-84
-96
-107
-116
-128
-139
-148
-154
-160
-162
-161
-156
-149
-139
-126
-111
-94
-76
-60
-54
-54
-54
-57
-60
-54
-53
-55
-57
-55
-61
-66
-68
-70
-76
-87
-94
-105
-113
-114
-119
-121
-127
-124
-120
-109
-94
-74
-61
-46
-39
-31
-25
-24
-25
-30
-26
-21
-19
-20
-16
-13
-15
-14
-17
-18
-18
-10
-1
7
18
23
31
37
42
44
49
58
71
78
83
87
89
97
105
113
118
118
118
108
107
101
97
93
88
88
79
73
65
67
64
56
52
45
45
44
36
24
18
14
6
-1
-13
-28
-44
-49
-51
-51
-49
-47
-39
-36
-26
-24
-22
-21
-18
-15
-15
-9
-10
-17
-21
-27
-39
-53
-60
-65
-70
-78
-81
-88
-92
-92
-92
-88
-79
-64
-55
-45
-41
-42
-45
-53
-52
-55
-59
-63
-68
-77
-84
-88
-101
-111
-117
-124
-131
-136
-139
-145
-151
-155
-163
-173
-179
-183
-183
-180
-172
-163
-160
-158
-161
-164
-170
-173
-175
-178
-175
-176
-173
-169
-162
-157
-150
-135
-116
-98
-86
-72
-64
-58
-50
-45
-41
-37
-38
-44
-48
-53
-57
-61
-68
-76
-89
-99
-109
-122
-132
-146
-158
-171
-182
-186
-187
-187
-178
-167
-163
-162
-161
-164
-174
-183
-188
-191
-193
-194
-191
-187
-174
-165
-158
-153
-146
-146
-146
-149
-147
-139
-131
-120
-108
-93
-73
-58
-46
-34
-23
-16
-9
-2
3
8
15
26
31
39
46
43
34
22
11
-2
-11
-15
-25
-36
-42
-40
-38
-31
-27
-21
-13
-8
0
5
12
20
26
31
38
46
49
46
48
42
34
29
24
16
13
11
15
16
16
17
9
5
-2
-7
-12
-14
-14
-10
-12
-7
-3
2
8
15
15
17
25
27
30
28
26
27
29
33
32
35
34
30
23
21
19
23
15
12
6
1
0
1
3
7
12
19
19
16
17
11
11
12
9
-5
-16
-28
-35
-41
-41
-45
-44
-41
-41
-35
-31
-30
-26
-27
-29
-35
-41
-46
-50
-54
-61
-66
-70
-74
-82
-83
-83
-80
-77
-64
-54
-46
-41
-38
-36
-34
-32
-30
-30
-23
-19
-9
-4
-2
-3
-2
2
-4
-5
-5
0
-3
-10
-16
-24
-33
-43
-47
-58
-65
-69
-76
-81
-84
-86
-90
-90
-89
-91
-92
-90
-95
-98
-103
-109
-116
-122
-124
-119
-116
-109
-111
-113
-118
-120
-120
-124
-123
-125
-127
-123
-108
-95
-85
-73
-69
-62
-56
-47
-45
-40
-33
-23
-23
-17
-11
-13
-9
-8
-11
-13
-16
-17
-21
-30
-25
-25
-17
-10
-3
0
9
18
24
26
26
23
27
21
20
17
5
-3
-11
-24
-31
-41
-56
-68
-75
-77
-78
-75
-76
-80
-88
-88
-92
-93
-98
-96
-98
-92
-88
-76
-65
-54
-38
-27
-12
0
13
17
17
16
14
16
17
17
8
2
-9
-20
-32
-38
-41
-44
-43
-45
-44
-48
-45
-39
-30
-15
-4
-1
1
-2
1
-5
-5
-7
-6
-6
-2
0
-2
-1
-8
-18
-23
-21
-29
-33
-35
-41
-54
-68
-76
-84
-95
-101
-108
-119
-130
-137
-141
-140
-138
-137
-138
-138
-129
-125
-118
-104
-93
-91
-91
-91
-98
-97
-98
-98
-101
-106
-111
-118
-129
-131
-134
-128
-122
-115
-110
-104
-93
-80
-72
-60
-66
-74
-81
-81
-83
-87
-92
-104
-121
-140
-149
-155
-158
-157
-160
-163
-169
-169
-167
-162
-151
-145
-139
-135
-130
-128
-123
-116
-109
-104
-94
-76
-56
-32
-8
16
32
39
48
45
40
29
15
5
-1
3
9
14
16
16
14
13
12
13
10
14
19
18
21
16
9
2
3
7
8
14
20
28
39
46
55
57
61
68
72
75
76
71
67
59
50
45
39
38
32
22
17
11
11
10
12
6
4
0
-9
-21
-33
-42
-50
-56
-63
-64
-71
-75
-81
-86
-95
-94
-90
-90
-88
-84
-81
-75
-70
-64
-60
-56
-49
-39
-34
-26
-20
-21
-20
-26
-33
-40
-43
-46
-47
-44
-47
-48
-56
-55
-49
-52
-47
-48
-51
-58
-61
-64
-64
-61
-60
-63
-65
-56
-58
-53
-47
-46
-45
-48
-42
-39
-35
-26
-20
-11
0
11
20
18
22
27
29
30
24
14
1
-13
-22
-40
-49
-54
-60
-59
-60
-61
-69
-68
-71
-73
-73
-68
-61
-50
-32
-25
-13
-12
-7
-4
-3
-2
-5
-14
-27
-35
-32
-29
-20
-11
-1
12
30
49
59
67
69
72
72
79
76
74
73
71
69
62
58
44
28
15
6
3
4
10
24
32
44
52
56
56
50
44
32
24
14
-1
-12
-26
-39
-56
-65
-78
-90
-96
-102
-110
-116
-119
-125
-128
-128
-127
-130
-132
-130
-131
-134
-138
-141
-143
-146
-144
-144
-143
-142
-139
-144
-142
-135
-129
-122
-111
-103
-97
-96
-89
-82
-72
-63
-50
-53
-53
-51
-56
-64
-72
-79
-82
-83
-86
-82
-76
-65
-58
-55
-54
-61
-67
-65
-56
-37
-26
-15
-10
-3
-5
-5
-2
-6
-7
-9
-9
-3
3
13
16
22
28
34
41
43
41
42
49
53
56
54
56
52
46
40
31
19
11
1
-12
-20
-21
-16
-6
-3
0
6
13
18
21
23
18
13
-1
-18
-31
-36
-38
-39
-35
-36
-38
-36
-37
-44
-50
-50
-49
-49
-48
-53
-58
-57
-55
-53
-58
-62
-69
-79
-81
-89
-97
-109
-107
-98
-87
-79
-80
-87
-93
-94
-98
-98
-91
-88
-84
-80
-72
-71
-66
-62
-63
-65
-73
-75
-82
-90
-92
-93
-89
-89
-90
-87
-92
-89
-85
-80
-74
-74
-72
-70
-63
-45
-42
-35
-29
-24
-26
-29
-30
-39
-38
-44
-48
-54
-57
-57
-59
-51
-50
-42
-41
-40
-40
-48
-50
-52
-50
-46
-42
-40
-44
-43
-48
-51
-53
-46
-48
-45
-45
-49
-48
-41
-28
-19
-7
0
10
16
21
22
21
19
16
12
-1
-16
-24
-37
-50
-52
-56
-63
-57
-58
-58
-55
-49
-47
-45
-37
-30
-20
-10
-1
9
15
16
14
6
-10
-20
-34
-47
-56
-62
-71
-77
-73
-72
-74
-78
-87
-92
-97
-93
-94
-86
-82
-71
-69
-70
-67
-65
-64
-66
-66
-71
-69
-68
-65
-60
-55
-56
-54
-53
-52
-52
-53
-48
-43
-39
-31
-24
-23
-16
-10
-9
-13
-18
-23
-29
-34
-34
-31
-27
-22
-22
-26
-30
-36
-34
-40
-39
-39
-36
-34
-32
-27
-26
-23
-25
-29
-32
-27
-32
-30
-30
-31
-34
-41
-42
-46
-47
-44
-50
-59
-68
-71
-70
-66
-61
-58
-61
-67
-69
-77
-84
-82
-75
-72
-61
-44
-26
-10
3
8
4
3
1
-5
-5
-7
-6
-9
-8
-13
-21
-26
-25
-23
-20
-16
-16
-14
-11
-15
-18
-23
-25
-26
-23
-24
-20
-17
-16
-20
-29
-38
-52
-62
-81
-93
-105
-112
-121
-125
-127
-131
-133
-125
-115
-110
-108
-107
-107
-112
-111
-107
-100
-89
-82
-79
-84
-88
-98
-103
-104
-108
-107
-104
-99
-95
-92
-87
-78
-74
-66
-59
-62
-61
-54
-45
-38
-35
-35
-38
-48
-52
-59
-70
-78
-83
-89
-92
-88
-81
-77
-72
-65
-69
-72
-76
-87
-101
-118
-126
-131
-126
-118
-111
-109
-108
-107
-104
-99
-95
-95
-89
-82
-73
-71
-73
-73
-75
-77
-77
-79
-81
-81
-82
-74
-72
-61
-53
-45
-37
-26
-17
-14
-13
-20
-26
-32
-32
-25
-19
-17
-21
-32
-43
-48
-44
-43
-44
-48
-56
-63
-61
-61
-59
-53
-54
-51
-50
-43
-44
-39
-36
-31
-33
-35
-29
-26
-14
-10
-8
-16
-17
-13
-11
-1
3
10
14
19
27
30
33
36
34
26
18
12
4
7
14
23
30
37
43
44
50
55
57
54
53
49
47
44
38
33
25
24
25
26
24
28
28
31
30
28
28
24
24
19
14
10
2
-12
-21
-26
-34
-43
-49
-54
-61
-66
-70
-75
-81
-81
-79
-77
-72
-59
-47
-30
-14
1
8
16
23
24
28
27
26
18
12
7
8
1
-1
-12
-31
-43
-52
-63
-68
-69
-71
-73
-72
-69
-62
-53
-36
-26
-16
-11
-11
-13
-9
-9
-19
-27
-28
-29
-31
-38
-42
-45
-43
-42
-37
-36
-31
-29
-23
-14
-4
7
18
15
12
1
-11
-20
-31
-46
-60
-63
-64
-60
-52
-42
-34
-25
-20
-18
-21
-25
-32
-48
-58
-73
-91
-109
-121
-134
-142
-144
-146
-150
-150
-145
-138
-132
-127
-121
-123
-122
-119
-118
-118
-117
-118
-127
-138
-148
-160
-165
-162
-151
-139
-127
-107
-96
-80
-70
-62
-57
-54
-52
-59
-60
-53
-44
-40
-37
-38
-40
-41
-40
-32
-34
-30
-32
-33
-32
-31
-24
-16
-5
3
8
8
8
4
-5
-9
-20
-30
-36
-41
-38
-38
-29
-23
-19
-19
-13
-14
-12
-8
-6
-6
-13
-13
-14
-11
5
26
45
59
79
88
95
98
103
101
96
87
71
63
56
50
46
44
39
32
22
21
17
16
19
19
20
21
26
35
37
43
47
46
41
38
38
35
31
22
10
5
10
14
22
21
24
25
27
36
42
44
55
63
63
61
58
50
43
36
29
20
3
-4
-19
-32
-39
-41
-41
-39
-39
-43
-42
-44
-43
-45
-48
-42
-46
-50
-54
-54
-61
-64
-69
-74
-77
-77
-75
-76
-77
-78
-82
-85
-84
-81
-85
-82
-78
-80
-80
-80
-79
-86
-94
-101
-103
-113
-121
-136
-151
-160
-170
-182
-190
-190
-190
-191
-189
-188
-183
-178
-165
-153
-139
-127
-122
-119
-110
-105
-106
-109
-108
-105
-103
-101
-102
-103
-109
-116
-124
-137
-141
-139
-135
-128
-121
-111
-101
-89
-85
-86
-90
-88
-85
-80
-74
-67
-60
-54
-47
-40
-30
-18
-6
-1
0
5
8
12
16
20
31
37
45
47
48
48
43
33
23
23
15
14
9
0
-8
-14
-19
-30
-29
-26
-20
-9
-12
-13
-21
-23
-26
-29
-30
-35
-38
-40
-42
-40
-37
-36
-37
-39
-52
-66
-75
-76
-72
-60
-37
-16
8
22
32
28
29
26
26
24
22
20
6
-7
-26
-41
-57
-68
-79
-87
-85
-89
-88
-91
-92
-101
-107
-110
-108
-108
-107
-106
-111
-112
-113
-113
-116
-120
-123
-128
-129
-127
-124
-127
-132
-134
-145
-153
-159
-162
-169
-175
-180
-184
-182
-175
-170
-167
-161
-157
-150
-141
-127
-112
-97
-82
-74
-72
-70
-61
-57
-60
-60
-62
-66
-72
-75
-75
-74
-72
-70
-71
-71
-64
-50
-43
-24
-10
0
11
17
12
7
6
4
6
10
11
14
17
23
31
38
44
55
59
66
80
92
96
92
81
64
49
37
29
16
6
-7
-18
-29
-36
-41
-52
-58
-61
-61
-58
-47
-35
-27
-17
-13
-13
-18
-15
-13
-13
-7
-6
-6
-9
-11
-21
-28
-31
-33
-30
-30
-27
-28
-34
-35
-34
-39
-39
-39
-34
-32
-23
-18
-21
-23
-28
-36
-40
-45
-50
-53
-63
-67
-79
-85
-88
-88
-87
-86
-82
-84
-82
-83
-85
-88
-81
-63
-47
-37
-30
-26
-34
-36
-43
-52
-56
-55
-52
-57
-58
-57
-58
-59
-62
-64
-62
-57
-54
-52
-55
-57
-59
-61
-66
-68
-73
-79
-80
-85
-91
-95
-102
-106
-110
-108
-107
-103
-98
-96
-101
-105
-103
-99
-98
-98
-99
-107
-114
-121
-128
-128
-124
-115
-110
-104
-95
-90
-85
-79
-71
-60
-48
-36
-22
-10
4
11
13
21
27
28
33
43
45
47
47
48
51
53
56
45
38
28
17
7
-2
-1
7
12
19
24
22
19
22
26
26
26
18
9
-6
-18
-31
-42
-50
-49
-62
-76
-92
-109
-123
-136
-148
-160
-165
-170
-173
-175
-171
-164
-162
-159
-159
-158
-152
-147
-136
-131
-121
-118
-117
-122
-126
-144
-157
-165
-170
-164
-157
-146
-139
-133
-120
-106
-90
-73
-58
-42
-29
-12
7
21
30
44
51
56
63
62
60
60
72
75
78
74
74
71
68
63
51
41
36
38
38
45
50
53
56
60
61
56
56
51
45
40
37
32
24
19
13
17
20
30
39
46
55
57
59
61
64
73
74
77
72
58
38
28
17
10
10
11
3
7
11
21
25
34
42
50
49
45
26
15
3
-9
-22
-35
-44
-60
-73
-82
-89
-86
-81
-72
-68
-59
-48
-43
-43
-42
-42
-43
-42
-42
-42
-49
-56
-62
-68
-74
-80
-88
-93
-96
-88
-83
-72
-59
-46
-38
-25
-20
-13
-12
-15
-23
-28
-29
-34
-34
-29
-18
-13
-10
-11
-17
-22
-28
-27
-24
-15
-3
8
14
16
15
9
7
5
5
-4
-12
-17
-24
-33
-44
-46
-57
-67
-76
-84
-92
-96
-110
-121
-124
-127
-127
-125
-124
-121
-121
-112
-103
-95
-88
-83
-87
-90
-92
-95
-100
-104
-105
-106
-104
-95
-91
-87
-83
-70
-69
-66
-58
-55
-54
-57
-52
-56
-58
-68
-77
-85
-94
-94
-95
-94
-92
-88
-89
-92
-90
-92
-89
-82
-75
-72
-61
-54
-44
-32
-14
8
21
34
41
38
38
32
26
17
16
10
4
0
2
4
6
12
10
5
-4
-19
-33
-47
-55
-64
-69
-75
-79
-79
-85
-84
-92
-93
-91
-86
-83
-78
-74
-63
-53
-42
-25
-9
9
23
34
45
52
67
71
74
68
60
47
39
34
35
40
47
55
54
47
38
22
11
0
-3
-4
6
11
21
25
31
30
21
19
12
8
-1
-7
-22
-34
-39
-46
-54
-60
-62
-65
-67
-70
-74
-78
-84
-90
-98
-101
-102
-103
-100
-98
-85
-77
-69
-65
-62
-66
-72
-74
-80
-76
-71
-68
-65
-61
-54
-50
-47
-48
-53
-63
-68
-77
-81
-86
-88
-92
-102
-106
-112
-119
-126
-129
-128
-129
-123
-129
-135
-144
-153
-161
-165
-157
-142
-123
-106
-89
-71
-52
-35
-22
-10
8
19
27
24
23
22
21
22
26
23
21
15
11
1
-1
-2
-9
-21
-28
-39
-43
-51
-55
-53
-60
-66
-57
-53
-44
-41
-41
-39
-33
-23
-20
-15
-16
-13
-10
-12
-9
-12
-7
-10
-9
-20
-23
-24
-24
-19
-10
-9
-12
-10
-10
-8
-5
-14
-20
-30
-33
-37
-38
-38
-37
-42
-50
-50
-62
-66
-75
-84
-99
-115
-125
-139
-141
-136
-126
-119
-117
-115
-122
-121
-115
-108
-107
-107
-105
-106
-100
-80
-61
-37
-18
0
11
18
23
24
18
8
1
-8
-20
-25
-26
-27
-24
-20
-23
-28
-39
-49
-56
-57
-50
-34
-27
-13
-3
3
7
10
7
-4
-8
-18
-26
-25
-24
-24
-32
-43
-51
-61
-72
-80
-87
-93
-95
-97
-90
-83
-74
-74
-74
-74
-76
-75
-74
-66
-65
-57
-52
-39
-33
-27
-22
-22
-15
-11
-6
-9
-12
-12
-13
-5
-3
-5
-11
-18
-21
-22
-19
-19
-21
-23
-19
-13
-11
-7
-2
2
3
2
-6
-18
-24
-30
-36
-40
-40
-43
-38
-32
-22
-22
-21
-13
-3
11
22
32
38
40
44
47
53
60
67
74
80
86
85
86
83
84
76
73
67
62
60
57
55
41
37
23
12
-5
-19
-32
-50
-59
-71
-86
-98
-107
-116
-130
-135
-145
-154
-159
-155
-150
-140
-131
-121
-113
-108
-96
-93
-88
-81
-76
-70
-67
-68
-69
-72
-70
-65
-61
-52
-41
-28
-22
-15
-7
-3
-7
-4
-5
1
5
7
4
1
-8
-22
-33
-44
-55
-69
-77
-80
-76
-81
-86
-95
-104
-107
-106
-103
-96
-84
-75
-66
-61
-57
-58
-63
-66
-72
-14
