-37
-44
-48
-46
-45
-47
-47
-53
-58
-67
-73
-82
-90
-86
-81
-78
-74
-72
-74
-79
-79
-75
-68
-61
-51
-47
-38
-27
-25
-31
-32
-34
-38
-46
-42
-44
-45
-41
-32
-34
-30
-31
-18
-22
-22
-24
-34
-36
-32
-33
-33
-29
-24
-35
-41
-51
-41
-43
-32
-25
-23
-20
-27
-31
-35
-18
-9
0
0
1
-3
-16
-18
-20
-17
-13
-12
-20
-25
-22
-23
-25
-32
-30
-27
-27
-17
-9
-10
-14
-8
-6
1
1
2
1
2
4
-5
-11
-9
-7
-4
-9
-1
-1
0
-4
-10
-8
-8
-1
-1
-4
-7
-18
-20
-19
-10
-12
-10
-8
0
-1
3
-1
-2
-11
-20
-28
-35
-29
-25
-29
-33
-33
-28
-25
-24
-31
-36
-31
-23
-15
-18
-15
-14
-22
-31
-33
-33
-23
-15
-8
-5
-5
0
-2
-5
-7
-15
-20
-23
-24
-24
-22
-19
-12
-21
-23
-22
-26
-30
-35
-36
-42
-39
-32
-24
-9
-6
-11
-21
-21
-21
-16
-16
-21
-30
-37
-38
-39
-38
-30
-29
-31
-33
-35
-27
-14
-8
3
12
13
17
13
15
15
19
13
-2
-20
-41
-51
-51
-44
-39
-37
-32
-30
-30
-25
-18
-26
-26
-24
-16
-11
-10
-6
-4
4
10
18
17
22
40
40
46
47
53
58
65
68
75
79
85
88
83
82
72
65
52
43
37
21
18
16
16
21
26
20
13
8
14
13
13
2
-11
-20
-17
-15
-11
-8
-1
2
-1
-3
-10
-21
-26
-20
-15
-5
5
12
16
18
21
14
18
17
18
13
7
6
-6
-9
-13
-23
-27
-26
-10
-3
3
7
2
-1
1
0
-3
-4
-8
-11
-16
-26
-25
-26
-18
-6
-2
-3
-8
-13
-21
-19
-17
-19
-27
-29
-38
-40
-50
-49
-45
-49
-43
-48
-47
-50
-41
-38
-39
-39
-44
-48
-44
-36
-26
-22
-20
-11
-4
-3
1
3
14
19
14
1
-3
5
14
21
25
33
33
38
41
44
46
53
50
43
27
24
16
12
14
15
12
5
6
-2
-8
-11
-15
-24
-27
-30
-35
-36
-37
-39
-49
-59
-59
-53
-32
-7
11
9
11
11
22
28
37
38
39
44
44
39
39
48
56
68
75
79
80
77
72
58
48
39
31
28
20
27
24
27
27
24
19
20
20
15
23
27
32
32
29
23
11
9
4
5
2
1
1
4
12
22
23
17
7
0
-6
-12
-5
-8
-12
-7
-12
-15
-28
-43
-57
-71
-78
-85
-96
-105
-111
-123
-132
-136
-135
-137
-126
-113
-105
-103
-104
-105
-97
-100
-102
-106
-101
-91
-93
-99
-98
-95
-95
-95
-95
-83
-72
-61
-61
-66
-64
-57
-41
-40
-37
-39
-39
-35
-27
-20
-15
-4
-6
-16
-27
-33
-34
-38
-31
-28
-28
-32
-31
-24
-15
-7
-7
-1
6
25
31
37
45
46
54
48
52
53
46
41
43
34
35
29
20
13
19
25
31
36
40
36
38
44
46
45
44
57
59
65
69
66
65
65
69
72
74
77
72
57
44
37
31
28
33
32
26
15
10
-1
2
2
3
1
11
29
40
55
63
75
76
74
65
51
34
26
13
13
18
20
23
26
29
27
31
35
41
36
32
35
32
26
18
2
-8
-18
-16
-20
-18
-23
-30
-42
-55
-64
-75
-76
-69
-59
-46
-27
-6
6
13
24
27
25
25
19
8
-10
-22
-22
-25
-19
-19
-21
-24
-27
-37
-42
-40
-32
-22
-19
-11
-19
-24
-28
-31
-23
-12
0
2
-1
-2
-8
-12
-22
-17
-20
-22
-27
-25
-23
-24
-20
-32
-29
-27
-25
-21
-13
-10
-18
-20
-19
-14
-17
-29
-34
-45
-46
-51
-48
-54
-59
-60
-61
-62
-64
-68
-73
-66
-63
-61
-61
-66
-73
-84
-91
-96
-104
-104
-98
-91
-83
-73
-58
-57
-61
-59
-61
-66
-68
-71
-65
-48
-31
-12
-12
-11
-17
-18
-18
-18
-21
-31
-40
-50
-56
-59
-58
-61
-58
-63
-66
-74
-67
-49
-38
-25
-18
-7
-1
2
10
5
3
-2
-6
-11
-12
-8
-3
-1
3
-3
-15
-18
-18
-22
-31
-39
-41
-44
-40
-42
-43
-42
-32
-19
-16
-7
-6
-5
-9
-10
-9
-16
-21
-30
-35
-36
-33
-38
-45
-42
-40
-39
-33
-29
-30
-35
-36
-38
-45
-48
-50
-45
-44
-41
-42
-42
-36
-32
-33
-30
-28
-24
-21
-11
6
10
21
26
27
10
-4
-17
-18
-19
-19
-26
-37
-45
-51
-58
-54
-51
-45
-38
-26
-10
-3
12
24
28
34
36
41
37
36
32
22
5
-4
-11
-19
-22
-21
-19
-19
-13
-10
-4
2
16
27
31
31
31
27
23
21
13
5
2
1
-5
-1
-3
-7
0
10
22
27
38
49
61
67
69
70
63
67
66
64
59
54
53
54
53
50
40
35
32
25
13
10
4
-5
-13
-19
-25
-35
-40
-49
-48
-29
-2
23
34
39
30
24
14
9
3
2
9
12
13
4
3
-4
-14
-21
-48
-64
-77
-81
-87
-98
-109
-119
-127
-123
-112
-101
-91
-76
-64
-59
-55
-53
-53
-50
-51
-55
-62
-66
-59
-57
-54
-45
-43
-42
-35
-33
-38
-40
-47
-46
-48
-48
-52
-56
-49
-41
-33
-32
-21
-8
7
15
23
21
12
12
6
1
2
1
-5
-12
-18
-26
-34
-32
-22
-12
-12
-10
-10
-11
-12
-12
-23
-23
-29
-39
-51
-60
-61
-62
-54
-42
-31
-31
-35
-32
-30
-25
-22
-26
-19
-4
12
22
21
20
14
6
4
1
2
3
7
11
4
3
-11
-11
-16
-21
-25
-36
-44
-50
-50
-52
-50
-60
-60
-58
-52
-56
-62
-64
-70
-71
-68
-65
-64
-57
-49
-48
-49
-48
-44
-35
-30
-27
-28
-20
-15
-5
-4
-10
-10
-14
-18
-13
-6
-7
-5
-7
-11
-18
-28
-34
-42
-41
-36
-32
-27
-29
-30
-41
-39
-43
-41
-29
-12
-1
-5
-6
-20
-25
-33
-31
-30
-36
-35
-35
-30
-35
-32
-36
-28
-21
-21
-22
-29
-28
-32
-33
-33
-35
-35
-29
-15
-10
-9
-3
-2
-4
-4
-4
-12
-15
-13
-13
-13
-16
-3
3
6
13
10
3
6
16
28
36
41
29
18
9
6
1
-3
1
-2
-3
-1
7
8
9
3
0
-2
-5
-9
-15
-13
-2
4
13
31
34
33
27
28
29
31
34
44
48
59
67
72
73
75
67
55
43
41
43
51
52
53
45
43
51
41
43
34
33
28
28
34
26
27
22
20
8
5
8
5
9
10
8
1
-1
-13
-25
-26
-22
-19
-18
-22
-31
-37
-41
-39
-46
-53
-52
-48
-44
-46
-46
-46
-43
-45
-54
-62
-69
-69
-69
-67
-58
-45
-46
-43
-40
-32
-27
-24
-25
-26
-21
-14
-17
-15
-13
-13
-8
-4
-2
-7
-4
1
3
3
10
7
16
14
18
11
-1
-4
-3
-3
3
11
14
5
2
-12
-17
-19
-21
-14
-21
-22
-32
-38
-37
-27
-25
-26
-27
-21
-22
-22
-20
-25
-28
-30
-34
-35
-45
-36
-38
-36
-35
-37
-34
-25
-19
-23
-27
-31
-33
-31
-27
-26
-33
-37
-34
-35
-35
-33
-30
-24
-18
-5
-4
-3
4
19
30
36
40
41
40
34
27
17
10
3
9
12
19
11
-2
-9
-12
-9
-6
0
-4
-7
-20
-14
-16
-10
-2
3
6
7
9
-1
-5
-5
-5
1
2
-3
-23
-30
-29
-26
-21
-17
-5
-7
-9
-13
-20
-23
-20
-5
3
7
3
3
-2
1
4
3
3
2
5
11
24
26
27
17
15
5
-3
-10
-3
2
4
9
4
1
-2
-1
5
3
7
7
5
7
3
-5
-8
-7
-3
-8
-13
-19
-28
-36
-36
-39
-34
-28
-28
-27
-23
-5
0
12
12
10
7
8
3
-5
-8
-3
0
7
14
31
33
33
24
19
6
2
-3
-10
-13
-16
-13
-16
-14
-18
-14
-11
-2
0
-5
-1
-6
-8
-7
-3
-1
-9
-19
-22
-26
-27
-30
-22
-20
-19
-23
-24
-27
-28
-31
-39
-39
-44
-45
-40
-33
-27
-26
-28
-32
-39
-43
-38
-44
-39
-42
-43
-45
-43
-40
-38
-36
-33
-27
-32
-35
-46
-48
-39
-33
-22
-18
-8
4
12
17
24
27
29
25
18
7
3
1
2
4
18
23
20
13
11
10
1
-3
-10
-19
-24
-23
-27
-30
-23
-26
-26
-26
-21
-20
-28
-33
-35
-43
-46
-47
-55
-59
-53
-43
-31
-19
-18
-23
-23
-27
-32
-47
-59
-70
-78
-88
-91
-99
-100
-96
-81
-66
-55
-44
-45
-48
-41
-28
-21
-14
-7
-3
-5
-3
-3
-7
-6
-6
-2
-6
0
-11
-21
-33
-41
-46
-45
-32
-15
-16
-18
-13
-13
-5
-1
-1
-8
-14
-16
-17
-17
-12
-9
-2
0
3
-3
-3
-4
-5
-10
-9
-8
-14
-12
-2
4
14
15
17
11
8
11
19
25
29
30
19
9
7
4
0
3
1
-4
-2
6
8
6
5
8
8
9
6
6
-1
2
-6
0
1
6
11
8
14
10
7
11
2
-3
4
5
7
7
10
14
11
4
0
11
19
21
27
31
41
51
55
50
48
48
42
49
53
57
52
45
37
23
4
-9
-18
-24
-22
-28
-27
-28
-27
-33
-36
-24
-17
-15
-16
-15
-11
-13
-3
-5
-3
-5
-1
-5
-10
-21
-23
-35
-36
-27
-21
-6
2
13
14
15
23
26
29
30
27
23
20
17
4
-1
-12
-17
-24
-26
-27
-31
-30
-26
-23
-17
-17
-10
-7
-1
5
7
2
6
-2
3
7
15
29
25
26
22
20
14
10
7
7
9
10
7
7
13
21
17
15
19
24
26
26
19
14
16
20
13
15
7
13
12
9
8
-9
-20
-28
-35
-32
-31
-24
-30
-34
-34
-35
-31
-29
-29
-35
-38
-38
-41
-35
-25
-27
-23
-33
-29
-40
-45
-61
-68
-77
-78
-75
-83
-80
-71
-56
-49
-40
-36
-31
-24
-13
-11
-10
-6
-7
-8
-8
-13
-27
-38
-38
-35
-36
-37
-36
-39
-40
-38
-35
-36
-46
-46
-48
-50
-56
-66
-73
-72
-63
-63
-53
-46
-41
-46
-54
-50
-48
-44
-38
-38
-39
-36
-38
-39
-35
-29
-27
-26
-25
-22
-17
-16
-14
-15
-18
-13
-11
-14
-22
-25
-22
-25
-30
-34
-40
-36
-24
-12
-5
1
7
13
17
17
8
4
4
3
12
12
17
20
16
19
15
13
17
27
31
30
18
8
-6
-17
-19
-21
-18
-12
-12
-12
-4
3
4
4
10
22
31
32
25
13
4
0
1
-1
-4
-5
-11
2
7
11
-2
-13
-8
-5
-11
-18
-22
-19
-7
-2
-3
-2
9
10
9
9
4
2
2
0
-8
-25
-34
-32
-24
-17
0
0
-7
-15
-17
-17
-18
-11
-12
-1
12
28
37
43
49
51
51
51
49
36
28
22
17
16
14
15
10
8
3
-1
-7
-1
-3
-3
-8
-16
-26
-32
-35
-42
-47
-50
-50
-48
-48
-44
-45
-49
-41
-36
-31
-30
-21
-15
-17
-21
-25
-24
-14
-7
-13
-20
-18
-22
-24
-30
-28
-28
-28
-22
-24
-26
-30
-16
-9
-9
-7
-12
-19
-17
-20
-18
-12
-9
-7
-5
3
13
13
12
10
-1
-16
-25
-28
-29
-29
-38
-42
-40
-37
-26
-24
-27
-29
-34
-41
-35
-31
-26
-17
-12
-8
-13
-16
-15
-13
-6
2
-1
-8
-5
-4
3
3
1
2
3
13
20
25
25
28
22
18
19
16
14
9
2
1
4
13
19
25
16
14
3
-5
-10
-25
-29
-20
-11
-8
-13
-19
-21
-22
-24
-18
-23
-15
-9
-8
-22
-30
-33
-31
-34
-27
-26
-21
-26
-34
-43
-38
-38
-40
-53
-50
-50
-53
-62
-69
-78
-82
-78
-70
-63
-52
-46
-40
-46
-53
-61
-61
-53
-42
-39
-29
-25
-18
-22
-22
-15
-15
-10
-13
-11
-9
-10
0
-4
1
3
10
1
-1
-8
-13
-16
-11
-6
-6
-2
8
12
20
27
30
26
17
16
6
3
-2
-3
-3
2
7
10
10
17
16
6
2
-14
-19
-31
-33
-33
-28
-15
-11
-16
-25
-29
-25
-27
-25
-20
-24
-22
-13
-6
-1
1
7
10
23
31
26
22
11
2
-2
-5
-4
-6
-5
-7
-8
-20
-30
-36
-39
-41
-45
-44
-54
-55
-59
-60
-56
-54
-50
-53
-51
-46
-43
-37
-21
-15
-14
-17
-11
-9
-9
-3
-6
-6
-14
-13
-13
-12
-6
2
4
6
3
-5
1
6
3
0
-2
-7
-15
-21
-20
-24
-25
-29
-34
-41
-42
-35
-28
-24
-24
-17
-14
-9
2
4
5
9
11
9
12
10
3
0
-10
-16
-20
-16
-10
-5
-5
-11
-15
-27
-25
-24
-14
-7
0
-1
-4
-7
-9
-5
-14
-24
-39
-49
-50
-49
-51
-51
-51
-52
-52
-42
-38
-39
-37
-39
-39
-37
-29
-18
-10
-3
17
22
31
38
34
31
25
22
15
21
26
28
28
25
28
33
29
31
20
11
8
5
2
5
-3
-9
-22
-31
-27
-27
-26
-30
-39
-51
-59
-71
-87
-99
-94
-84
-77
-62
-63
-64
-69
-64
-54
-51
-49
-54
-62
-64
-57
-51
-41
-34
-26
-18
-17
-4
5
16
23
27
20
21
28
26
30
28
30
27
31
36
32
26
19
18
14
11
12
3
7
9
18
20
23
30
31
36
37
30
18
6
-5
-18
-21
-14
-5
-11
-18
-28
-35
-31
-26
-22
-24
-25
-31
-36
-42
-38
-37
-37
-32
-36
-35
-35
-22
-13
-11
-10
-12
-16
-25
-32
-31
-30
-18
-16
-22
-14
-9
5
13
23
28
31
34
44
45
51
47
50
42
37
40
31
27
22
17
18
24
37
37
29
20
5
-2
-6
-7
-8
-3
10
22
37
45
52
50
44
32
18
-2
-8
-20
-39
-41
-38
-31
-25
-22
-20
-20
-30
-32
-35
-30
-23
-25
-29
-33
-41
-38
-36
-26
-19
-19
-17
-10
-10
-6
-1
-3
-8
-13
-15
-18
-10
1
7
5
9
16
22
27
31
23
9
-3
-16
-28
-37
-33
-28
-23
-16
-11
-6
-2
-8
-17
-24
-21
-25
-33
-36
-29
-21
-20
-9
-3
3
7
5
-3
-11
-10
-6
-2
1
16
21
18
11
-10
-31
-45
-52
-61
-64
-61
-56
-46
-41
-31
-32
-34
-35
-40
-39
-41
-34
-29
-22
-15
-13
-12
-7
1
4
13
12
0
-15
-20
-15
-8
4
4
1
-5
-9
-5
-1
0
7
13
19
23
19
22
20
22
17
6
1
-4
-13
-22
-23
-24
-29
-34
-45
-48
-48
-37
-41
-45
-48
-51
-57
-64
-69
-76
-77
-79
-85
-91
-92
-87
-79
-75
-69
-61
-60
-61
-61
-68
-70
-75
-80
-88
-84
-80
-83
-76
-69
-58
-61
-62
-57
-47
-28
-21
-11
-9
6
19
35
42
47
43
38
33
29
26
23
25
14
-5
-12
-15
-15
-13
-11
-11
-20
-23
-33
-36
-41
-33
-28
-29
-31
-42
-52
-59
-63
-67
-70
-67
-71
-77
-85
-83
-82
-76
-67
-56
-56
-53
-48
-44
-35
-33
-28
-29
-28
-23
-22
-15
-7
-15
-27
-34
-29
-27
-16
-12
-9
-11
-10
-13
-10
-7
8
15
20
21
11
-1
-9
-12
-6
-4
-6
-7
-16
-23
-25
-21
-17
1
22
33
47
59
58
63
58
48
32
22
29
41
45
50
47
40
36
26
11
2
2
7
9
11
11
13
12
18
22
19
12
5
-13
-25
-35
-45
-55
-55
-52
-46
-41
-32
-32
-31
-23
-24
-21
-20
-14
-12
-14
-17
-20
-25
-18
-8
-5
-3
-3
2
-7
-10
-13
-30
-36
-43
-37
-23
-15
-5
-11
-8
3
9
12
19
28
33
38
40
39
39
42
48
42
32
14
7
-6
-13
-11
-22
-19
-13
-11
-10
-2
5
18
27
40
43
35
31
34
39
45
46
41
36
38
35
24
17
18
17
10
13
13
22
27
29
23
8
3
-14
-22
-30
-27
-29
-25
-18
-15
-17
-13
-10
-14
-12
-4
7
10
16
22
21
15
9
-4
-11
-18
-19
-19
-14
-6
0
5
7
3
0
-1
5
2
-4
-6
-3
-2
3
11
14
20
23
24
23
14
8
4
-2
5
3
11
21
33
39
39
37
30
19
15
16
9
7
3
1
-3
-5
-1
2
5
3
-2
-11
-18
-11
-7
-3
2
5
13
16
21
20
19
21
17
12
11
12
7
10
15
15
7
-2
-7
-20
-25
-33
-32
-38
-35
-28
-17
-5
0
-1
-7
-13
-18
-21
-18
-13
-14
-14
-20
-23
-34
-39
-39
-47
-50
-49
-51
-54
-59
-52
-51
-53
-49
-52
-51
-46
-31
-17
3
17
23
22
14
13
13
17
20
19
15
16
23
19
22
18
9
-3
-9
-6
-5
-1
-10
-16
-23
-25
-25
-35
-42
-44
-43
-44
-40
-46
-50
-50
-42
-33
-28
-21
-26
-27
-26
-21
-30
-36
-37
-36
-41
-50
-53
-57
-63
-62
-61
-61
-57
-54
-51
-50
-46
-43
-43
-43
-45
-42
-42
-32
-30
-29
-33
-28
-32
-24
-29
-28
-34
-32
-27
-24
-20
-16
-5
-5
-4
-3
-13
-23
-33
-40
-42
-37
-30
-32
-33
-39
-42
-46
-40
-37
-42
-40
-43
-39
-48
-44
-37
-33
-24
-21
-18
-21
-23
-20
-20
-13
-7
-6
-6
-17
-19
-21
-14
3
13
17
20
15
9
5
2
-9
-14
-11
-3
1
-1
-2
-15
-22
-36
-48
-57
-61
-58
-64
-65
-67
-67
-69
-68
-66
-73
-78
-82
-79
-80
-75
-68
-67
-56
-46
-42
-44
-41
-41
-32
-28
-22
-22
-23
-23
-26
-35
-47
-51
-62
-81
-95
-106
-111
-109
-101
-94
-88
-81
-71
-58
-39
-21
-17
-16
-14
-9
-12
-7
4
12
12
10
7
1
8
12
17
20
17
21
17
15
15
14
17
18
9
14
16
22
10
4
15
22
24
19
15
21
26
28
25
13
3
-7
-10
-14
-18
-23
-26
-21
-12
-8
-10
-6
-9
-13
-15
-20
-30
-33
-29
-29
-27
-27
-21
-17
-13
-10
-7
-5
2
5
6
13
19
13
13
0
-11
-16
-19
-4
-8
-2
-2
-2
-8
-15
-23
-29
-30
-31
-33
-29
-20
-10
-6
-9
-6
-8
-7
-7
2
2
3
9
12
17
18
12
8
-2
-8
-13
-19
-12
-14
-16
-16
-18
-15
-19
-17
-20
-28
-29
-20
-14
-9
-9
-9
-10
-6
4
8
10
13
15
11
6
8
7
8
7
12
9
-1
-8
-21
-26
-26
-24
-24
-22
-23
-13
-13
-2
-2
2
5
5
-1
5
11
13
8
9
7
6
7
5
3
-5
-4
5
2
-5
-6
-10
-15
-22
-24
-25
-30
-28
-29
-34
-36
-35
-45
-50
-54
-60
-61
-61
-59
-53
-48
-34
-25
-24
-24
-27
-31
-26
-15
-7
3
21
31
34
35
30
27
30
31
32
35
33
45
43
42
46
43
34
36
31
31
28
26
19
13
8
4
11
14
20
19
11
4
-2
-7
-8
-4
-1
-4
-10
-21
-23
-23
-16
-8
2
11
23
20
24
25
25
27
34
31
23
14
11
4
-1
-14
-12
-18
-12
-3
-7
-2
-4
-5
-7
-5
0
-4
-8
-10
-16
-19
-18
-18
-24
-23
-24
-20
-26
-28
-27
-29
-20
-18
-15
-20
-22
-26
-30
-40
-44
-52
-50
-43
-35
-29
-25
-14
-19
-21
-27
-39
-45
-51
-43
-34
-30
-25
-25
-26
-27
-24
-27
-25
-22
-20
-27
-30
-28
-31
-26
-22
-24
-29
-34
-30
-28
-27
-33
-37
-43
-39
-31
-31
-32
-36
-35
-34
-24
-17
-14
-17
-12
-8
-12
-9
-10
-13
-14
-13
-24
-26
-22
-20
-7
-1
6
10
13
16
15
10
1
4
5
2
1
1
2
10
24
27
28
32
15
8
0
5
10
15
8
2
-7
-7
-1
3
4
8
5
4
5
10
4
5
-1
0
-9
-6
-3
-1
11
13
19
17
12
13
-1
-8
-11
-11
-11
-4
-3
0
0
-2
-6
-7
-2
-10
-18
-24
-25
-23
-22
-10
-6
-1
-11
-7
-16
-26
-27
-28
-23
-23
-14
-14
-6
-6
-1
-4
-1
7
-1
0
6
4
0
5
12
19
27
32
30
27
27
26
22
10
5
-11
-23
-24
-21
-16
-9
-3
-1
-3
-5
-6
-4
3
1
2
-9
-17
-17
-14
-6
-3
-5
-17
-19
-24
-31
-37
-39
-45
-50
-52
-53
-53
-52
-53
-55
-57
-56
-53
-57
-57
-43
-34
-27
-29
-34
-35
-29
-25
-28
-29
-30
-31
-27
-24
-18
-15
-15
-17
-18
-25
-18
-6
8
22
25
25
18
20
16
11
19
28
42
45
39
33
21
14
13
8
3
8
14
12
9
8
9
-2
-6
-7
-11
-16
-18
-20
-23
-22
-30
-33
-37
-30
-25
-27
-27
-31
-33
-30
-21
-19
-8
1
3
9
4
2
-3
-12
-14
-16
-15
-11
-3
0
-4
3
-1
-3
-5
-5
5
8
4
3
-1
9
5
3
-7
-11
-15
-20
-18
-21
-31
-33
-34
-37
-38
-38
-32
-25
-14
-3
-1
-1
-4
-18
-22
-21
-14
-13
-13
-6
2
10
15
23
22
25
30
24
22
25
36
42
38
33
26
23
23
23
18
7
3
-4
-14
-12
-6
1
11
13
6
-10
-18
-19
-19
-13
-5
-3
-6
-8
-9
-4
2
13
22
24
21
11
-7
-24
-35
-48
-66
-82
-97
-101
-103
-96
-101
-103
-104
-105
-108
-106
-102
-101
-103
-103
-103
-100
-90
-75
-68
-71
-76
-80
-81
-82
-80
-80
-77
-68
-73
-77
-73
-55
-41
-27
-23
-21
-25
-20
-12
-16
-13
-7
4
11
8
6
-3
-7
-9
-10
-15
-16
-19
-14
-5
8
15
18
18
18
15
10
10
1
-2
3
7
6
-1
-6
-3
-5
-2
-4
-4
-3
0
-6
-20
-23
-27
-25
-17
-4
1
-4
-4
-9
-19
-17
-22
-20
-23
-25
-17
-15
-11
-7
1
5
9
13
9
3
-1
-17
-19
-23
-21
25
