-11
-9
-11
-8
-4
0
-3
-4
-2
-5
-5
-3
1
-1
5
10
10
12
16
22
23
20
22
16
12
6
13
15
13
21
22
23
22
31
30
26
26
19
14
13
15
11
7
3
-6
-12
-15
-11
-12
-13
-9
-15
-21
-25
-27
-25
-20
-12
-7
-6
-4
0
-10
-9
-9
-4
-3
1
2
7
9
10
8
-1
0
6
7
16
21
21
18
21
17
17
17
16
18
12
13
12
7
13
16
17
16
18
11
7
0
-2
-6
-16
-20
-27
-31
-34
-31
-33
-36
-34
-33
-39
-41
-39
-50
-50
-51
-50
-53
-56
-52
-55
-49
-49
-44
-42
-35
-28
-28
-21
-5
-1
4
5
1
3
-1
5
7
10
14
13
6
-1
-4
-4
-8
-6
-8
-11
-10
-7
-5
-10
-10
-13
-17
-22
-19
-15
-10
-5
3
-5
-8
-6
-13
-9
-4
-8
-12
-18
-17
-22
-20
-17
-15
-18
-20
-16
-19
-17
-14
-16
-22
-25
-26
-26
-25
-25
-22
-32
-30
-32
-29
-23
-14
-8
-5
-5
-5
-8
-1
0
10
10
21
28
27
27
28
27
16
16
12
9
19
17
21
15
16
13
6
3
-1
-6
-13
-17
-19
-26
-32
-29
-28
-25
-19
-20
-20
-22
-15
-22
-21
-19
-22
-21
-16
-10
-9
-3
6
10
6
6
3
3
-2
3
-2
-6
-5
-2
-8
-6
-6
-8
-15
-15
-19
-24
-21
-17
-24
-30
-28
-34
-36
-37
-36
-37
-37
-37
-41
-42
-42
-31
-29
-18
-14
-10
-10
-4
4
8
14
19
19
15
13
14
13
13
16
18
15
16
17
8
5
6
4
-5
-6
-8
-13
-17
-22
-26
-36
-37
-37
-40
-38
-40
-39
-46
-45
-42
-39
-31
-21
-16
-4
-4
-6
-5
-9
-13
-13
-18
-16
-19
-19
-24
-20
-18
-23
-23
-24
-26
-22
-16
-13
-10
-9
-7
-6
-1
9
11
11
14
21
25
26
27
23
16
16
11
2
-3
-3
-9
-10
-1
2
1
-3
-1
-8
-8
-11
-15
-23
-28
-35
-42
-46
-49
-54
-62
-65
-67
-70
-69
-62
-56
-51
-43
-39
-35
-34
-31
-36
-40
-40
-41
-42
-39
-32
-26
-22
-13
-6
-2
-3
1
-7
-5
-10
-6
-3
0
3
-4
-3
-6
-9
-13
-11
-5
-8
-6
-4
-3
-9
-13
-8
-14
-11
-9
-5
-5
-8
-6
-10
-10
-11
-10
-16
-18
-22
-31
-31
-29
-29
-34
-35
-35
-38
-41
-41
-45
-47
-42
-38
-40
-37
-31
-30
-27
-20
-17
-18
-13
-11
-16
-19
-21
-22
-22
-12
-8
-5
-5
-8
-18
-22
-27
-27
-34
-36
-37
-36
-46
-45
-40
-34
-32
-26
-25
-28
-28
-26
-32
-30
-27
-30
-30
-25
-20
-19
-17
-12
-6
-7
0
2
3
4
7
7
6
10
10
12
13
19
14
12
14
9
6
6
13
10
12
12
13
7
6
8
6
6
2
-6
-14
-18
-15
-19
-18
-14
-16
-22
-21
-17
-23
-27
-29
-30
-33
-27
-25
-26
-26
-26
-26
-29
-28
-30
-34
-29
-28
-17
-17
-3
-2
-6
-7
-3
-1
0
2
6
4
7
17
13
14
13
10
9
6
9
13
14
24
27
23
25
25
20
15
5
5
0
1
12
14
20
22
24
22
24
32
35
41
44
42
33
27
26
21
20
21
12
1
-12
-21
-34
-40
-45
-56
-71
-72
-76
-78
-84
-78
-73
-69
-60
-55
-50
-47
-42
-40
-40
-29
-28
-28
-29
-29
-28
-32
-32
-36
-39
-41
-39
-40
-38
-37
-33
-29
-28
-24
-23
-16
-12
-3
-5
-1
2
2
1
1
5
3
8
13
14
19
23
21
13
6
8
-4
-5
-4
-9
-9
-5
-5
-15
-22
-25
-28
-33
-32
-26
-32
-29
-30
-32
-41
-39
-44
-43
-49
-44
-39
-35
-26
-21
-16
-11
-9
-6
-12
-8
-6
-5
-5
0
1
-7
-7
-9
-18
-20
-19
-17
-15
-11
-3
0
0
0
-7
-5
-6
-1
4
4
16
13
21
18
19
9
11
11
10
17
24
28
25
30
31
31
33
37
38
36
35
26
23
19
20
14
6
5
2
-2
-4
1
4
-4
-1
1
-5
-5
-1
7
9
9
3
-3
-3
0
4
7
17
17
9
2
-7
-15
-29
-36
-44
-52
-51
-47
-49
-45
-40
-34
-35
-32
-31
-31
-34
-27
-24
-28
-30
-29
-32
-27
-20
-13
-9
-1
3
4
9
19
25
27
34
38
43
43
47
45
40
42
41
40
41
37
33
21
15
11
2
-2
2
-1
3
9
14
9
7
1
-11
-15
-29
-33
-47
-52
-55
-65
-68
-69
-71
-75
-76
-76
-76
-70
-62
-55
-56
-52
-46
-42
-35
-28
-23
-23
-18
-14
-6
1
7
16
15
22
21
25
25
32
30
23
26
28
27
23
21
19
12
7
-1
-8
-1
7
12
15
24
27
35
39
45
38
32
33
30
23
21
21
17
14
19
12
2
0
-1
-2
-4
-11
-24
-37
-47
-44
-51
-41
-33
-19
-21
-22
-24
-27
-18
-13
-11
-11
-5
-10
-7
-9
-3
-7
-16
-17
-24
-28
-35
-36
-39
-45
-41
-41
-42
-41
-36
-35
-36
-30
-28
-27
-24
-16
-9
3
14
20
19
19
19
17
15
11
9
2
-1
-6
-10
-13
-17
-19
-21
-23
-12
-16
-14
-13
-8
-10
-9
-5
-9
-5
-1
-2
-1
-2
-1
-4
-8
-9
-8
-14
-9
-9
-14
-17
-17
-14
-16
-15
-20
-29
-35
-37
-40
-42
-43
-52
-62
-72
-71
-73
-76
-77
-79
-84
-83
-77
-81
-79
-76
-71
-69
-64
-55
-52
-45
-39
-35
-35
-32
-26
-25
-23
-17
-19
-18
-18
-18
-23
-27
-23
-24
-26
-35
-39
-41
-42
-41
-37
-38
-40
-44
-52
-52
-47
-43
-40
-33
-26
-19
-17
-12
-14
-21
-26
-32
-34
-28
-23
-24
-31
-36
-36
-36
-33
-21
-12
0
11
25
29
33
35
29
26
25
22
17
13
17
12
10
2
-5
-22
-34
-49
-57
-55
-45
-36
-34
-27
-23
-15
-14
-4
5
7
9
12
17
24
24
17
8
-4
-10
-19
-30
-29
-31
-35
-31
-33
-31
-30
-22
-12
-10
2
6
14
19
28
34
42
53
54
56
58
63
63
56
59
54
49
40
35
20
10
5
-4
-8
-16
-18
-29
-31
-32
-32
-33
-34
-35
-39
-39
-32
-25
-30
-29
-29
-28
-25
-21
-11
-11
-1
-7
0
1
11
16
20
25
27
26
24
27
26
25
22
21
20
18
19
19
17
13
6
-5
-10
-9
-10
-16
-20
-18
-18
-17
-11
-15
-13
-7
-9
-6
-6
-2
-1
1
-2
-3
-8
-15
-17
-20
-24
-24
-27
-28
-28
-25
-26
-21
-21
-18
-21
-22
-19
-21
-22
-14
-10
-8
-2
-1
-4
-7
1
7
3
12
1
2
1
7
10
4
-2
-6
-13
-13
-6
-8
-14
-14
-16
-23
-28
-25
-28
-32
-29
-22
-25
-21
-20
-19
-19
-13
-7
-4
0
8
11
16
21
24
22
20
18
13
9
13
11
10
13
16
17
19
24
28
26
30
31
32
32
37
35
27
25
21
21
22
26
29
30
36
39
38
38
37
33
25
21
15
11
9
19
24
24
31
21
13
11
11
13
7
9
12
11
14
26
29
37
40
45
41
39
37
32
31
29
28
26
30
32
28
27
25
22
16
14
12
5
5
0
-6
-21
-35
-53
-68
-76
-78
-80
-86
-83
-82
-78
-69
-58
-47
-39
-29
-28
-21
-16
-13
-16
-22
-20
-26
-29
-28
-29
-29
-28
-28
-24
-35
-35
-39
-41
-50
-46
-51
-60
-62
-64
-67
-62
-58
-54
-53
-54
-51
-50
-48
-40
-37
-37
-33
-29
-31
-30
-28
-26
-30
-25
-21
-14
-3
9
19
23
32
28
26
21
22
19
12
8
-1
-6
-9
-9
-14
-13
-7
1
6
8
14
15
18
20
21
22
24
30
25
29
29
28
21
19
22
14
9
-1
-9
-18
-24
-23
-29
-31
-32
-34
-40
-41
-38
-41
-37
-30
-27
-24
-18
-16
-17
-13
-5
-1
1
5
7
4
7
11
11
8
9
5
0
-1
3
6
5
9
11
15
20
29
33
33
37
36
33
31
33
29
23
21
15
9
2
6
5
6
9
7
-5
-10
-21
-25
-30
-30
-36
-44
-44
-43
-47
-51
-53
-59
-66
-68
-69
-70
-65
-58
-54
-58
-51
-50
-47
-41
-32
-24
-24
-20
-26
-27
-27
-23
-21
-23
-15
-14
-9
-7
-3
-2
3
7
7
-2
-5
3
9
14
17
13
4
3
5
1
-7
-1
3
1
7
13
12
14
14
12
-4
-8
-14
-22
-28
-28
-35
-42
-43
-38
-37
-30
-24
-20
-21
-11
-4
-1
1
10
16
14
14
11
6
6
9
12
10
11
12
4
8
12
15
12
14
11
9
12
22
25
26
32
26
24
17
19
7
3
-3
-10
-27
-37
-38
-41
-43
-42
-40
-43
-47
-45
-49
-50
-47
-47
-51
-51
-49
-53
-56
-58
-57
-58
-52
-43
-42
-37
-35
-35
-38
-38
-34
-35
-33
-24
-21
-21
-18
-17
-16
-18
-13
-13
-14
-11
-19
-22
-26
-25
-23
-23
-15
-13
-13
-8
-1
-2
5
13
12
13
17
29
32
38
40
39
36
35
35
30
29
27
25
20
17
23
16
14
13
6
-4
-10
-13
-11
-8
-1
-2
-6
-5
-3
1
2
11
17
22
31
35
43
44
46
42
29
30
21
15
13
17
17
13
13
6
1
1
1
3
2
5
4
0
-6
-4
-6
-8
-4
-2
-7
-8
-5
-12
-14
-14
-11
-14
-14
-17
-18
-14
-11
-10
-9
-8
-2
-13
-8
-11
-12
-19
-19
-14
-18
-21
-18
-18
-22
-27
-29
-34
-42
-46
-50
-59
-59
-62
-63
-65
-61
-60
-62
-61
-66
-74
-79
-81
-88
-97
-102
-109
-115
-111
-106
-97
-94
-83
-76
-72
-63
-55
-51
-54
-53
-53
-58
-58
-49
-51
-48
-41
-34
-30
-20
-11
-5
2
15
27
34
41
48
48
55
60
61
59
64
71
70
72
73
71
64
62
58
52
43
46
43
37
36
25
19
8
11
8
7
11
7
1
-3
0
-1
-8
-7
-10
-13
-17
-19
-30
-38
-39
-47
-55
-62
-57
-57
-49
-39
-32
-29
-25
-18
-21
-16
-19
-21
-31
-37
-36
-42
-41
-46
-45
-51
-40
-29
-23
-16
-11
-1
1
2
7
4
5
6
4
-4
-3
-16
-15
-20
-19
-20
-27
-27
-30
-38
-41
-40
-42
-48
-47
-49
-48
-43
-34
-32
-32
-24
-22
-23
-20
-10
-6
-5
-1
-5
-10
-17
-18
-23
-30
-34
-41
-48
-48
-42
-44
-38
-29
-19
-18
-19
-9
-4
5
14
18
16
19
21
15
12
6
4
-1
-1
-2
-4
-8
-1
4
-2
-3
-1
-5
-8
-6
-8
-16
-23
-32
-40
-40
-38
-41
-47
-48
-51
-54
-50
-44
-41
-39
-38
-38
-37
-36
-25
-19
-13
-6
-1
2
11
23
32
39
41
45
39
38
37
29
24
19
17
15
15
16
11
6
3
0
-4
0
1
0
3
11
16
15
18
20
13
11
13
15
6
9
4
3
-1
4
-4
-13
-13
-17
-19
-24
-20
-21
-23
-20
-19
-18
-17
-16
-17
-17
-13
-9
-12
-5
3
6
14
18
21
23
27
31
30
29
32
32
29
31
36
36
41
43
47
47
51
59
56
56
52
50
39
37
35
33
30
32
31
21
19
16
10
5
6
2
-1
9
10
11
6
6
-2
-9
-11
-21
-28
-39
-41
-45
-49
-48
-48
-51
-51
-47
-48
-49
-48
-46
-47
-51
-45
-43
-38
-31
-27
-27
-28
-27
-28
-25
-18
-16
-18
-21
-22
-29
-32
-32
-35
-41
-45
-47
-47
-44
-37
-33
-36
-32
-33
-36
-34
-27
-27
-33
-29
-32
-42
-43
-37
-30
-26
-20
-14
-10
-5
1
11
18
28
28
26
23
19
16
10
6
5
-4
-12
-15
-26
-29
-28
-29
-35
-43
-43
-42
-45
-40
-43
-46
-44
-42
-42
-39
-35
-32
-31
-35
-28
-24
-18
-11
-5
-6
-1
-1
-3
-7
-4
-8
-12
-14
-12
-15
-7
-5
-5
-7
-3
-4
-4
-9
-11
-8
-11
-18
-17
-30
-38
-42
-47
-48
-48
-49
-57
-65
-69
-73
-73
-69
-69
-68
-59
-45
-32
-13
1
13
14
21
26
25
27
26
27
17
15
12
4
4
-3
2
-4
-6
-5
-9
-8
-4
2
1
2
-2
0
-4
4
6
3
5
4
-11
-15
-17
-23
-30
-27
-29
-30
-30
-27
-24
-27
-29
-29
-37
-39
-33
-34
-26
-16
-12
-15
-18
-24
-31
-33
-32
-31
-38
-37
-29
-31
-27
-22
-25
-28
-24
-25
-19
-9
-7
-2
-12
-13
-17
-17
-18
-17
-15
-15
-12
-7
-9
-10
-9
-14
-13
-7
-2
4
14
21
30
31
40
36
33
28
27
24
16
15
4
-5
-13
-18
-22
-26
-24
-31
-41
-46
-47
-49
-44
-37
-29
-31
-28
-23
-21
-19
-17
-21
-23
-29
-19
-22
-19
-10
-12
-12
-17
-25
-28
-31
-29
-25
-34
-37
-39
-46
-45
-43
-37
-38
-37
-39
-45
-43
-37
-31
-32
-34
-33
-35
-35
-30
-32
-36
-35
-41
-49
-53
-54
-54
-51
-46
-45
-45
-44
-39
-37
-35
-32
-34
-37
-37
-36
-37
-35
-31
-27
-21
-17
-8
-3
2
9
11
7
5
3
-4
-10
-7
-4
-8
-3
-1
-10
-12
-13
-16
-18
-13
-12
-8
-5
-1
-2
-6
-3
-8
-10
-4
0
4
5
4
4
-3
-3
-5
-5
-10
-8
-8
-6
-5
2
-1
-9
-8
-14
-26
-37
-34
-33
-25
-20
-15
-11
-15
-14
-18
-19
-17
-13
-13
-11
-5
0
7
8
4
-5
-9
-11
-12
-9
-1
5
3
8
14
16
12
19
20
16
18
10
6
3
1
-1
-8
-17
-31
-39
-37
-33
-27
-20
-6
5
9
9
15
16
14
16
14
8
-1
-4
-9
-14
-14
-12
-16
-16
-19
-23
-18
-16
-7
-10
-5
3
5
15
18
22
19
24
31
30
35
37
37
35
33
34
29
22
24
21
14
17
20
25
30
35
40
38
46
37
40
36
47
46
42
43
43
43
41
41
40
35
39
35
25
22
22
27
29
33
34
29
24
23
12
6
0
-1
-12
-11
-4
-1
2
6
7
6
8
10
2
-1
5
13
10
14
13
14
16
18
13
3
0
-3
-5
-3
4
6
-1
-6
-11
-19
-24
-19
-21
-34
-37
-42
-44
-45
-39
-35
-39
-29
-30
-31
-31
-35
-31
-32
-24
-22
-16
-13
-3
1
3
7
6
2
-2
-2
-5
-2
-5
-7
-10
-4
6
7
9
9
9
5
1
-1
-8
-8
-9
-2
-6
-6
-2
2
3
9
10
5
6
1
-3
-8
-8
-8
-16
-12
-16
-18
-20
-16
-16
-22
-19
-20
-24
-23
-20
-22
-28
-29
-33
-42
-47
-43
-49
-52
-56
-57
-60
-51
-38
-31
-24
-16
-9
-4
0
2
3
9
12
15
7
7
10
6
11
17
7
9
2
2
2
-2
3
-2
-5
0
-3
-3
-2
3
-2
-6
-9
-4
-7
-10
-9
-9
-11
-4
-1
1
2
7
11
7
14
16
17
18
24
25
25
29
25
17
7
2
-4
-8
-11
-19
-26
-19
-15
-18
-22
-27
-39
-55
-59
-58
-60
-57
-57
-60
-71
-78
-81
-84
-83
-80
-77
-81
-77
-72
-68
-62
-59
-63
-73
-75
-75
-77
-71
-61
-49
-50
-44
-40
-41
-41
-40
-40
-41
-37
-33
-31
-27
-24
-27
-29
-28
-30
-35
-37
-37
-40
-45
-47
-55
-64
-69
-61
-56
-45
-32
-20
-18
-12
-6
-7
-3
-3
-11
-16
-17
-11
-13
-14
-18
-19
-24
-22
-15
-16
-12
-3
5
6
3
3
3
2
2
0
-7
-9
-14
-19
-13
-7
3
-3
-1
-11
-20
-25
-25
-25
-28
-27
-26
-27
-24
-23
-26
-23
-24
-23
-28
-25
-23
-24
-23
-18
-12
-12
-11
-7
-7
-7
-5
-6
-10
-18
-13
-15
-12
-10
-5
-11
-6
-7
-11
-8
-1
3
6
8
12
15
12
8
8
0
-2
-8
-13
-9
-7
-5
-14
-18
-23
-25
-28
-23
-19
-19
-14
-18
-18
-14
-6
-2
4
11
12
11
11
11
8
7
12
18
19
14
15
13
12
21
29
32
30
39
32
36
34
34
30
31
34
32
36
39
42
41
41
41
33
31
28
27
26
30
33
35
30
27
17
12
11
9
0
-1
-1
-13
-29
-27
-31
-32
-31
-24
-23
-23
-21
-20
-22
-18
-10
-6
-2
5
5
4
4
10
10
10
14
9
5
-1
1
-3
-5
0
-1
-9
-16
-18
-24
-26
-26
-27
-32
-33
-33
-39
-39
-42
-45
-53
-55
-54
-54
-51
-48
-45
-48
-44
-35
-31
-25
-22
-20
-20
-16
-12
-18
-20
-17
-15
-17
-22
-30
-35
-38
-38
-39
-39
-33
-27
-21
-14
-5
-4
-3
-5
-4
-8
-10
-4
-8
-4
-6
-5
-18
-25
-25
-29
-25
-17
-10
-18
-14
-14
-11
-5
-1
3
2
-2
-10
-13
-19
-15
-14
-17
-15
-8
-3
3
14
18
18
25
29
33
38
49
53
51
48
35
22
9
3
-3
-6
-9
-12
-22
-19
-22
-24
-28
-19
-16
-8
-3
7
9
11
17
16
10
7
7
-1
-8
-17
-22
-27
-27
-14
-9
-2
9
15
10
14
14
13
12
18
21
16
17
14
8
4
7
8
6
4
0
-8
-10
-5
-6
-7
-4
-6
-4
3
9
11
7
8
5
-3
-3
-1
-2
-9
-9
-19
-21
-25
-20
-22
-20
-21
-26
-32
-36
-34
-39
-36
-27
-25
-24
-27
-23
-27
-30
-27
-25
-28
-30
-31
-38
-43
-43
-40
-40
-32
-27
-20
-13
-6
4
8
15
20
19
21
21
23
20
18
12
7
7
14
20
18
18
15
12
7
8
6
1
13
11
9
3
3
0
-3
-4
-18
-24
-27
-24
-18
-12
-2
3
5
8
15
12
11
19
19
18
17
17
12
13
17
20
16
11
13
4
3
6
5
1
1
-2
-7
-9
-5
-1
-5
-6
-12
-18
-25
-25
-21
-22
-18
-20
-25
-25
-23
-17
-12
1
6
9
9
11
12
2
6
2
-2
2
4
4
6
9
7
4
-3
-5
-15
-22
-27
-30
-32
-31
-24
-25
-22
-15
-12
-15
-17
-20
-19
-20
-20
-22
-27
-28
-32
-41
-42
-40
-37
-40
-37
-37
-37
-35
-35
-34
-30
-23
-18
-13
-13
-10
-4
-3
5
12
15
14
14
12
4
0
-7
-16
-20
-16
-17
-19
-17
-20
-23
-20
-18
-24
-24
-30
-27
-26
-28
-23
-27
-27
-25
-28
-34
-31
-29
-32
-27
-16
-12
-13
-17
-11
-19
-19
-13
-17
-27
-26
-31
-32
-27
-25
-21
-26
-20
-18
-16
-12
-4
-1
0
1
0
2
-3
-1
-10
-12
-11
-16
-16
-18
-13
-14
-12
-11
-9
-10
-9
-6
-8
-15
-17
-18
-27
-31
-29
-32
-31
-28
-29
-34
-36
-32
-35
-29
-25
-26
-33
-32
-27
-28
-23
-25
-28
-34
-32
-25
-26
-23
-24
-28
-43
-46
-45
-41
-28
-21
-17
-25
-28
-30
-31
-24
-21
-16
-23
-24
-29
-37
-45
-44
-47
-51
-49
-47
-49
-49
-47
-51
-57
-56
-67
-69
-70
-64
-61
-55
-46
-39
-34
-27
-16
-14
-3
-5
-3
-5
-6
-5
-9
-9
-7
-5
-14
-18
-11
-19
-17
-12
-11
-14
-8
-8
-13
-7
1
3
-1
4
9
8
12
18
14
16
18
18
16
18
18
16
12
15
14
19
21
27
26
23
18
11
4
5
17
17
19
21
17
9
6
5
-3
-5
-5
-2
2
5
16
16
17
19
21
20
22
20
16
17
13
10
7
0
1
0
3
5
5
1
2
8
14
21
33
42
46
51
50
45
41
40
41
37
38
35
31
24
22
16
9
9
8
4
5
10
11
9
10
10
3
-6
5
4
7
11
6
5
3
7
2
8
10
5
-3
-10
-11
-19
-23
-22
-23
-28
-27
-31
-36
-38
-35
-32
-37
-39
-38
-36
-29
-22
-18
-22
-19
-20
-24
-27
-24
-25
-24
-18
-12
-4
3
11
11
9
15
16
6
5
6
12
12
12
8
7
-1
0
1
-1
0
-1
-4
-9
-4
-9
-18
-19
-22
-24
-25
-27
-35
-37
-37
-37
-37
-37
-25
-21
-13
-13
-15
-15
-13
-10
-13
-20
-16
-13
-17
-17
-13
-14
-11
-17
-18
-22
-17
-13
-13
-15
-12
-8
-6
-1
2
2
0
1
2
-3
4
11
21
30
42
48
48
52
51
49
47
50
49
47
47
42
33
28
29
27
29
30
33
30
26
34
23
24
21
18
14
19
24
19
19
21
20
14
14
10
8
7
7
8
3
5
7
9
10
9
5
-2
-3
-7
-12
-10
-6
-9
-18
-15
-16
-17
-13
-4
-2
-9
-12
-17
-21
-23
-20
-22
-31
-32
-34
-35
-30
-27
-24
-26
-18
-19
-25
-19
-13
-21
-27
-35
-44
-57
-63
-61
-64
-59
-51
-40
-37
-30
-27
-24
-24
-23
-17
-22
-21
-25
-25
-23
-24
-24
-34
-33
-35
-37
-36
-35
-38
-39
-38
-33
-38
-37
-40
-43
-48
-48
-57
-64
-68
-65
-63
-67
-61
-64
-71
-72
-65
-64
-56
-52
-47
-51
-55
-59
-67
-73
-76
-84
-93
-96
-93
-91
-84
-75
-67
-63
-52
-40
-29
-16
-1
8
9
7
3
-11
-16
-22
-24
-28
-28
-29
-28
-24
-22
-9
-8
-3
5
18
32
48
54
48
43
35
26
20
17
14
3
-2
-12
-14
-10
0
1
0
2
3
7
7
17
21
24
29
30
27
27
31
30
32
26
19
7
1
1
5
8
18
20
17
16
22
23
27
31
31
23
22
17
9
9
11
12
8
4
3
1
0
5
3
1
-2
-1
8
9
13
14
9
13
-1
