133
129
124
102
99
106
110
114
99
83
65
57
68
80
85
86
73
52
39
24
14
26
37
53
56
55
69
83
91
91
98
85
82
53
32
20
6
-15
-27
-20
-33
-37
-63
-69
-89
-89
-84
-74
-65
-53
-45
-42
-49
-63
-65
-87
-101
-104
-114
-108
-123
-132
-148
-158
-155
-169
-183
-187
-198
-217
-254
-268
-284
-282
-274
-263
-254
-250
-235
-213
-181
-127
-77
-47
-27
-24
-8
-4
8
28
25
30
-1
-19
-30
-44
-57
-71
-71
-71
-43
-13
17
41
35
23
8
0
-12
-23
-22
-1
0
12
26
23
31
37
43
58
73
98
109
119
131
125
131
116
102
71
39
11
-15
-37
-53
-68
-83
-97
-87
-87
-67
-59
-43
-32
-20
-4
5
5
1
-11
-39
-41
-44
-48
-48
-42
-45
-55
-55
-58
-43
-33
-3
5
4
-4
-10
-9
1
23
15
2
-34
-48
-59
-60
-63
-85
-103
-117
-115
-107
-98
-82
-65
-45
-15
14
35
51
65
80
100
108
113
101
88
87
84
79
74
71
62
65
61
61
70
73
83
74
80
94
110
116
111
93
46
20
1
-10
-2
-14
-17
-46
-56
-60
-60
-58
-47
-45
-33
-16
1
6
12
21
24
29
24
9
-1
-16
-21
-52
-80
-118
-142
-160
-174
-167
-178
-183
-167
-148
-134
-125
-90
-55
-8
32
52
52
42
30
7
-21
-50
-83
-106
-115
-108
-107
-103
-94
-71
-65
-35
-1
42
81
105
114
84
55
23
3
12
29
31
15
-6
-26
-29
-19
-1
6
3
8
5
10
22
40
49
39
21
-6
-31
-41
-46
-50
-52
-46
-45
-41
-51
-51
-56
-62
-73
-61
-80
-68
-63
-60
-46
-40
-43
-49
-37
-43
-35
-45
-31
-37
-54
-68
-66
-60
-58
-63
-90
-119
-154
-164
-163
-160
-146
-147
-146
-132
-114
-93
-72
-45
-36
-11
6
35
67
95
121
131
140
152
161
149
147
153
169
176
190
205
212
206
201
189
197
202
204
196
177
164
156
147
151
136
112
76
71
55
58
69
93
99
118
129
124
134
139
130
112
81
75
50
67
67
72
76
59
64
49
57
51
57
20
13
8
17
37
63
78
98
85
79
62
60
68
67
60
30
2
-38
-70
-82
-102
-103
-109
-106
-114
-108
-89
-80
-76
-62
-60
-38
-19
5
26
37
35
19
-20
-15
-26
-20
-11
-34
-34
-66
-81
-75
-75
-63
-60
-55
-68
-59
-65
-55
-49
-49
-58
-80
-97
-110
-114
-112
-106
-97
-98
-91
-107
-111
-116
-103
-92
-85
-70
-58
-54
-48
-40
-39
-40
-34
-16
-9
14
45
60
64
36
0
-25
-49
-51
-59
-55
-60
-60
-79
-87
-77
-44
-15
17
18
7
10
13
21
27
26
14
-12
-33
-38
-67
-87
-109
-108
-115
-96
-65
-31
15
60
95
114
133
126
122
113
114
105
93
82
69
55
46
49
31
17
6
-7
-18
-34
-42
-63
-80
-87
-91
-109
-105
-100
-91
-84
-63
-50
-36
-20
20
34
45
34
35
15
0
-10
-33
-25
-29
-15
-20
-24
-26
-17
-8
8
26
32
64
96
126
145
158
153
139
125
108
109
110
125
128
142
139
141
127
121
123
107
70
26
-10
-52
-64
-55
-53
-28
-31
-20
-20
-17
10
22
36
29
15
-8
-24
-18
-27
-29
-31
-40
-55
-65
-82
-89
-91
-95
-82
-80
-67
-41
-23
-3
14
29
19
3
-15
-37
-55
-76
-84
-119
-139
-176
-197
-211
-206
-203
-203
-203
-190
-183
-177
-175
-168
-173
-167
-173
-183
-167
-179
-194
-215
-253
-265
-260
-243
-193
-161
-112
-60
-32
-5
15
39
59
65
68
69
75
67
56
46
28
21
2
-11
-26
-20
-10
6
15
20
-10
-11
-14
-20
-11
-7
-12
-28
-60
-76
-99
-117
-130
-135
-144
-125
-114
-87
-68
-28
-14
0
24
21
29
28
47
47
51
53
58
64
69
87
104
104
104
91
92
104
137
168
185
202
203
190
173
160
136
123
109
98
81
66
68
72
79
80
81
91
99
109
111
124
134
137
121
117
101
79
55
32
39
39
42
40
43
41
56
58
55
47
43
50
60
71
75
59
45
29
10
-4
-25
-38
-67
-73
-88
-106
-119
-125
-130
-137
-145
-149
-170
-184
-178
-172
-148
-133
-121
-105
-88
-71
-61
-39
-27
-11
-21
-20
-17
-32
-49
-80
-95
-109
-117
-115
-123
-113
-114
-111
-122
-108
-93
-80
-79
-61
-54
-55
-40
-32
-9
3
9
-4
-12
-15
-12
-9
-11
-17
-24
-40
-44
-56
-55
-46
-26
-13
-29
-25
-29
-15
-8
25
46
55
36
25
2
-36
0
-16
-1
-38
-65
-87
-113
-118
-128
-118
-116
-109
-118
-122
-126
-126
-110
-86
-58
-37
-11
12
11
16
9
3
-20
-33
-42
-34
-17
-5
-7
-13
-8
8
4
11
9
9
2
9
-7
-10
-2
26
45
38
34
29
34
52
66
54
37
11
5
-11
4
22
25
22
20
17
15
10
7
0
-9
-14
-22
-37
-36
-20
-10
5
7
8
12
33
56
74
88
94
108
106
101
107
118
117
125
126
101
89
72
66
43
37
10
-16
-36
-64
-77
-87
-73
-57
-56
-49
-50
-50
-38
-24
-19
-19
-31
-43
-48
-47
-43
-38
-40
-53
-73
-91
-104
-93
-101
-116
-129
-148
-154
-161
-144
-148
-146
-150
-145
-138
-120
-88
-56
-20
13
31
35
40
63
60
74
69
84
66
49
20
0
-11
-16
-33
-66
-94
-126
-149
-154
-148
-153
-154
-171
-147
-151
-111
-78
-57
-52
-57
-40
-28
-18
-9
-25
-31
-44
-45
-49
-53
-31
4
36
49
53
46
51
84
110
128
131
124
90
63
64
55
63
60
76
65
70
65
79
85
98
100
99
91
104
102
102
96
79
53
39
33
17
13
15
24
24
20
23
19
47
76
99
100
86
91
91
107
119
118
121
112
98
71
49
42
36
22
6
-3
-23
-36
-34
-46
-41
-36
-35
-35
-28
-15
2
-2
4
-2
-11
-20
-22
-31
-36
-49
-49
-69
-75
-80
-83
-63
-61
-48
-49
-31
-13
12
13
18
25
25
34
29
18
19
19
10
-4
-15
-28
-48
-67
-64
-67
-70
-81
-96
-119
-114
-109
-79
-83
-58
-55
-37
-18
-4
-2
-6
-15
-45
-75
-87
-71
-61
-72
-96
-104
-111
-96
-75
-59
-48
-30
-12
7
26
58
73
83
94
99
93
83
69
64
50
62
72
73
81
74
70
76
87
97
79
77
75
72
84
104
123
134
147
143
126
105
72
50
17
-14
-32
-43
-49
-52
-69
-79
-79
-67
-64
-58
-49
-44
-41
-40
-36
-53
-65
-79
-101
-121
-144
-157
-181
-175
-161
-129
-109
-91
-76
-65
-44
-10
9
33
47
50
34
22
19
28
40
56
51
41
30
14
-9
-28
-27
-35
-46
-62
-85
-110
-123
-128
-120
-114
-103
-104
-95
-87
-73
-67
-67
-70
-71
-74
-80
-66
-67
-67
-66
-54
-43
-7
25
54
80
100
114
110
106
102
90
82
68
51
27
8
-1
-10
-12
-16
-9
-19
-13
-13
7
14
52
63
65
58
63
68
76
100
108
105
107
101
103
92
73
40
9
6
-2
1
0
4
5
4
16
17
23
15
10
-6
-23
-39
-44
-50
-37
-29
-27
-29
-29
-15
-4
24
54
74
86
85
72
50
36
22
34
75
112
150
137
146
145
148
138
118
103
86
77
90
101
118
121
117
107
112
123
134
153
168
167
142
113
87
60
57
55
59
44
31
11
-26
-57
-82
-96
-98
-85
-65
-44
-34
-10
-10
-14
-25
-37
-65
-80
-91
-106
-127
-158
-205
-226
-215
-196
-175
-170
-143
-93
-68
-24
47
69
128
126
129
111
88
67
40
33
34
42
25
38
39
49
30
12
-5
-18
-25
-26
-27
-10
8
18
14
-3
-22
-37
-33
-23
-10
-1
-3
-12
-21
-37
-31
-21
-28
-22
-31
-44
-46
-38
-30
-30
-24
-15
-11
-7
-10
-25
-32
-14
6
14
15
20
17
18
15
6
2
-23
-15
-16
-11
-8
-19
-43
-50
-48
-45
-38
-34
-26
-28
-16
-24
-19
-4
14
33
53
66
72
71
62
60
31
9
-17
-43
-72
-128
-141
-167
-163
-170
-183
-197
-180
-147
-118
-78
-48
-17
2
21
30
28
29
31
26
2
-34
-39
-56
-52
-60
-69
-68
-77
-63
-62
-60
-69
-86
-102
-110
-84
-81
-59
-56
-60
-76
-78
-73
-57
-40
-25
-9
-12
-2
12
7
19
22
29
22
6
1
-28
-37
-35
-35
-45
-64
-105
-140
-157
-157
-147
-153
-147
-126
-112
-83
-56
-41
-40
-38
-34
-47
-41
-40
-42
-49
-56
-77
-105
-110
-103
-89
-80
-81
-98
-113
-124
-106
-85
-59
-30
-14
-3
-1
8
19
21
29
25
28
25
27
21
5
-9
-18
-40
-53
-70
-77
-94
-77
-68
-39
-1
12
12
6
11
10
0
-24
-35
-57
-66
-81
-112
-123
-149
-156
-137
-107
-57
-38
-33
-30
-36
-39
-37
-45
-37
-38
-31
-33
-43
-46
-61
-66
-71
-52
-28
-22
-16
0
6
4
11
14
11
17
17
13
-5
-21
-53
-79
-98
-103
-99
-81
-56
-61
-67
-111
-112
-120
-98
-77
-60
-73
-88
-97
-118
-108
-100
-97
-91
-109
-122
-134
-137
-107
-95
-67
-54
-40
-31
-19
7
22
46
68
87
97
105
114
121
135
148
143
116
86
68
59
55
59
46
25
-1
-8
-16
-12
6
9
-4
-8
-7
5
14
36
40
36
46
47
69
85
111
115
103
95
92
92
99
90
96
87
95
96
99
90
88
82
61
43
3
-17
-31
-23
3
3
14
15
17
34
57
83
100
124
128
129
128
119
107
77
59
44
22
5
2
6
13
22
33
40
64
76
102
104
132
135
131
123
103
97
76
71
60
40
28
5
-7
-20
-13
-4
7
17
33
52
74
115
119
112
91
64
31
10
-11
-16
-26
-36
-39
-38
-29
-19
-16
-6
19
24
13
-21
-51
-91
-106
-102
-89
-65
-46
-28
-17
-15
-15
0
14
47
66
78
90
96
66
53
30
11
-4
-9
-13
-26
-43
-41
-38
-35
-34
-41
-35
-34
-21
-17
-17
-32
-34
-47
-54
-47
-52
-51
-50
-54
-67
-77
-78
-85
-99
-121
-138
-152
-166
-145
-141
-119
-107
-91
-75
-50
-11
4
20
22
22
22
34
54
74
90
92
80
55
44
26
16
1
-13
-33
-49
-65
-69
-62
-51
-19
4
12
31
40
41
37
25
13
-7
-11
-21
-29
-34
-26
-31
-41
-68
-72
-79
-66
-55
-41
-34
-13
-19
-17
-25
-14
-1
8
15
7
-4
-14
-8
-21
-21
-25
-30
-40
-27
-18
-13
10
28
46
48
52
50
39
22
-1
-20
-38
-42
-40
-37
-48
-40
-44
-33
-34
-2
4
27
18
18
26
19
32
19
4
15
3
13
24
36
25
29
30
24
18
17
19
23
20
45
57
87
85
81
58
46
25
21
17
6
9
-10
-12
-14
-19
-1
11
22
20
23
28
28
26
23
17
6
3
0
-6
-9
7
4
0
-3
13
5
15
16
18
-5
-14
-34
-40
-53
-54
-48
-44
-27
-30
-13
-9
0
-1
5
-4
-13
-30
-50
-59
-69
-78
-87
-102
-111
-123
-113
-107
-95
-84
-76
-69
-62
-53
-42
-39
-33
-56
-97
-122
-122
-112
-94
-80
-64
-58
-48
-34
-19
-6
-2
4
1
4
2
1
-12
-18
-44
-67
-87
-114
-133
-143
-132
-127
-113
-96
-72
-24
1
52
58
53
49
45
48
47
51
43
41
46
46
44
38
44
36
14
-1
-10
-34
-42
-61
-58
-45
-25
-10
-16
-17
-8
-4
7
21
25
30
47
76
103
120
122
117
91
77
55
57
51
60
54
40
31
23
28
33
40
34
15
-8
-34
-71
-95
-108
-119
-110
-111
-104
-97
-83
-57
-37
-16
11
20
39
61
92
114
131
131
123
111
98
103
114
124
121
99
60
36
27
29
42
53
50
27
12
1
0
6
9
25
23
39
51
59
62
54
56
32
35
22
18
17
19
23
11
-2
-19
-11
-14
-3
23
26
44
33
27
30
50
85
117
143
152
156
142
143
117
87
66
57
30
20
31
27
45
34
13
4
8
25
31
29
22
12
-7
-15
-21
-7
8
9
0
-36
-46
-55
-54
-55
-34
-7
2
10
10
24
33
57
50
33
16
-8
-19
-35
-41
-37
-33
-32
-40
-43
-51
-45
-36
-26
2
25
55
77
110
114
131
136
139
127
103
91
68
51
37
28
9
-2
2
-8
-28
-57
-77
-85
-84
-65
-56
-35
-40
-59
-107
-134
-140
-143
-127
-127
-143
-175
-203
-220
-232
-211
-203
-173
-171
-132
-99
-56
-22
17
46
70
70
67
54
46
32
4
-34
-49
-72
-69
-59
-51
-46
-48
-33
-36
-29
-13
2
14
4
4
-6
-18
-16
-10
-25
-49
-84
-114
-149
-174
-168
-162
-153
-144
-123
-117
-92
-79
-69
-66
-75
-70
-85
-72
-76
-71
-67
-43
-22
-12
-10
-5
-20
-32
-54
-71
-81
-72
-65
-58
-50
-53
-54
-73
-71
-84
-86
-83
-69
-60
-50
-53
-52
-48
-43
-27
-24
-16
-14
-12
-27
-49
-67
-87
-107
-120
-116
-104
-74
-46
-31
-23
-15
-3
0
25
43
53
68
80
86
73
60
54
51
50
60
51
30
2
-6
-20
-19
-18
-24
-45
-44
-31
-4
18
46
50
51
61
65
50
37
20
12
-9
-8
-14
-2
-1
6
-2
-12
-32
-43
-58
-57
-65
-79
-90
-101
-101
-103
-93
-79
-76
-78
-82
-78
-77
-61
-34
-13
3
4
7
2
31
59
77
74
49
12
-22
-51
-61
-75
-73
-66
-81
-91
-109
-113
-97
-82
-54
-43
-36
-40
-23
-11
-8
3
10
6
14
3
-1
6
21
40
52
79
87
101
109
122
134
120
113
95
76
54
31
6
-20
-58
-89
-118
-114
-76
-34
4
50
82
95
111
139
146
154
147
143
130
131
112
80
40
-3
-35
-39
-36
-25
-13
-3
8
0
-17
-15
-32
-25
-20
-3
1
-15
-35
-51
-70
-80
-86
-100
-106
-102
-118
-104
-117
-78
-85
-64
-65
-52
-11
24
67
90
94
94
87
75
67
68
61
68
60
54
22
3
-18
-25
-22
-25
-12
-14
11
29
53
55
55
41
31
22
19
14
0
0
2
-4
-6
-5
-16
-12
-17
-14
-22
-20
-22
-16
-20
-6
-13
-8
-13
-16
-38
-45
-48
-53
-68
-64
-74
-66
-51
-31
-31
-35
-37
-46
-51
-51
-39
-24
-24
-19
-33
-44
-48
-48
-44
-39
-26
-12
8
25
39
40
42
23
15
-12
-22
-31
-25
-24
-21
-34
-55
-68
-75
-73
-73
-59
-57
-54
-51
-34
-13
25
53
71
66
64
54
50
53
59
48
41
36
36
46
39
36
16
-11
-19
-29
-30
-5
10
39
45
61
57
36
23
36
56
91
105
101
96
82
74
70
58
63
54
36
20
-10
-29
-43
-62
-79
-101
-117
-122
-130
-117
-87
-55
-46
-41
-31
-21
-11
1
7
-4
-7
-5
14
39
72
91
94
102
118
132
129
126
116
114
116
107
99
84
73
41
17
-11
-25
-40
-46
-22
-13
2
-12
-30
-65
-68
-46
-40
-34
-61
-69
-76
-70
-62
-46
-45
-34
-29
-40
-58
-66
-73
-62
-38
-20
-16
-5
-6
2
3
19
42
47
62
71
79
85
73
61
40
28
24
38
44
60
60
55
69
62
57
45
44
31
19
18
27
43
62
88
94
92
74
56
37
20
14
-20
-8
-24
-13
-24
-31
-24
-21
-3
4
21
11
18
26
25
36
28
37
12
6
-19
-41
-73
-94
-112
-142
-135
-118
-78
-36
2
31
36
37
22
7
-4
-6
9
5
-5
-29
-52
-64
-67
-63
-71
-74
-74
-76
-76
-60
-50
-60
-79
-98
-101
-91
-58
-34
-31
-28
-37
-52
-31
-21
5
8
10
28
13
12
22
0
-2
-15
-45
-47
-39
-19
-2
-3
-15
-6
-6
11
39
61
75
92
94
85
84
71
60
45
33
10
-5
-19
-33
-26
-33
-26
-39
-37
-32
-20
4
27
57
70
78
79
76
70
53
64
62
57
63
48
38
21
8
-22
-46
-79
-114
-156
-176
-179
-170
-155
-130
-104
-75
-51
-40
-24
-20
-26
-27
-55
-69
-83
-107
-112
-123
-124
-153
-165
-186
-202
-222
-249
-260
-273
-267
-274
-288
-283
-269
-227
-199
-154
-124
-101
-84
-58
-40
-52
-71
-106
-128
-142
-126
-123
-105
-85
-72
-66
-46
-17
28
63
84
93
94
109
133
149
155
167
161
164
164
166
162
160
158
149
137
123
128
135
142
155
161
150
142
128
120
124
118
107
65
42
12
30
33
62
77
92
117
118
125
118
117
112
83
64
28
15
3
24
21
17
3
-15
-24
-24
-13
-8
-9
4
8
25
25
35
16
10
-17
-45
-71
-81
-69
-54
-35
-27
-30
-45
-52
-37
-19
2
22
45
36
33
7
9
8
19
18
17
9
9
-26
-36
-40
-56
-48
-49
-41
-19
-6
7
21
21
17
0
-2
1
21
39
11
-1
-21
-25
-22
3
7
18
8
1
-14
-16
-8
6
10
0
-8
-27
-30
-28
-35
-51
-58
-61
-57
-41
-26
-10
-1
17
22
10
-1
-2
-20
-46
-60
-82
-103
-112
-120
-97
-80
-76
-80
-117
-121
-111
-91
-71
-58
-44
-49
-40
-33
-15
2
21
32
14
13
-9
-4
-15
-18
-34
-51
-52
-44
-12
3
32
37
38
21
-2
-19
-28
-27
-30
-42
-47
-57
-73
-74
-83
-78
-60
-40
-25
-23
-22
8
17
21
32
39
43
54
66
53
29
-4
-24
-45
-57
-60
-75
-67
-60
-45
-57
-55
-53
-48
-28
-13
21
30
43
46
50
64
65
79
61
53
48
23
15
-10
-32
-56
-70
-71
-71
-62
-36
8
26
51
53
50
52
67
49
45
23
0
-31
-60
-77
-94
-107
-129
-158
-192
-199
-189
-164
-137
-114
-87
-77
-56
-28
-12
13
17
20
-3
-17
-31
-37
-53
-66
-83
-117
-115
-119
-101
-99
-94
-94
-94
-102
-106
-98
-82
-70
-77
-98
-91
-97
-95
-101
-97
-97
-106
-105
-98
-86
-88
-80
-89
-83
-64
-57
-42
-37
-40
-45
-67
-76
-86
-91
-101
-90
-81
-64
-55
-50
-67
-73
-86
-96
-101
-99
-93
-80
-66
-55
-46
-28
-3
31
29
39
29
25
22
32
47
47
57
31
23
2
0
-6
-15
-5
-5
9
6
17
17
1
9
9
44
52
80
73
57
65
54
65
51
54
64
51
69
64
73
64
52
56
48
49
40
11
9
5
-19
-36
-48
-43
-42
-46
-35
-27
-7
14
43
64
111
134
160
174
181
183
172
163
158
149
135
110
78
30
-2
-37
-49
-70
-65
-61
-48
-26
-17
-4
14
31
32
49
51
70
79
82
98
83
60
41
21
8
-14
-26
-57
-53
-61
-46
-44
-25
-4
9
13
15
13
15
11
20
14
14
14
6
-10
-16
-19
-16
-1
-4
0
-5
14
30
46
59
61
67
55
60
56
40
20
8
-9
-23
-17
-13
0
26
68
88
85
89
98
124
144
168
173
173
163
134
105
77
87
83
91
92
113
121
136
137
157
163
171
166
135
135
105
93
72
61
52
54
41
68
80
79
83
65
39
26
24
20
4
-20
-65
-123
-172
-235
-267
-279
-244
-199
-169
-129
-122
-109
-94
-70
-38
-30
-21
-30
-34
-57
-65
-104
-136
-191
-224
-271
-270
-253
-201
-153
-86
-39
-2
26
49
65
46
28
0
-26
-45
-41
-51
-55
-61
-72
-76
-73
-70
-66
-67
-70
-59
-56
-45
-11
5
18
15
7
-2
-6
-12
-6
-4
3
10
6
28
33
65
80
106
120
113
114
99
104
95
95
92
82
92
94
115
116
146
156
168
171
175
168
143
114
74
26
-17
-52
-102
-123
-136
-137
-118
-116
-99
-80
-56
-34
-35
-28
-27
-35
-51
-66
-69
-73
-75
-92
-110
-127
-132
-123
-112
-91
-75
-59
-77
-87
-105
-112
-104
-101
-103
-113
-116
-116
-109
-81
-54
-31
-27
-15
-1
13
39
61
75
67
47
28
17
10
12
-2
-19
-29
-45
-71
-104
-98
-111
-95
-95
-93
-95
-114
-99
-119
-110
-138
-150
-165
-177
-155
-152
-157
-158
-159
-161
-157
-158
-162
-147
-120
-88
-69
-54
-37
-24
-26
-29
-20
-23
-19
-4
16
37
49
52
34
27
14
10
-4
11
16
6
11
4
-2
-15
-24
-48
-65
-71
-73
-87
-86
-86
-83
-72
-87
-84
-99
-91
-69
-52
-30
-22
-14
-32
-26
-21
-4
14
26
31
17
9
15
23
43
55
63
43
30
14
18
15
23
37
28
21
8
2
6
20
37
45
60
72
79
79
92
90
90
91
102
115
131
135
139
123
121
106
93
81
63
39
9
-29
-51
-69
-78
-78
-76
-89
-94
-110
-122
-130
-116
-109
-85
-75
-52
-45
-41
-31
-29
-21
-12
-14
-33
-31
-35
-25
-34
-61
-90
-130
-147
-150
-154
-159
-129
-103
-71
-21
22
39
72
81
108
115
121
126
120
107
85
65
29
10
-26
-43
-41
-26
-17
-6
-7
-9
-39
-37
-18
-5
-8
0
-9
8
29
58
80
94
106
109
94
73
97
102
110
97
75
61
53
58
61
73
88
89
86
89
90
100
105
96
94
73
65
48
56
54
62
61
58
57
49
40
23
18
13
7
10
21
36
41
59
36
3
-39
-75
-91
-94
-77
-75
-71
-67
-56
-52
-44
-32
-15
-25
-17
-26
-41
-38
-21
-32
-37
-50
-64
-66
-73
-82
-83
-65
-24
4
26
37
25
