-82
-82
-83
-82
-79
-75
-68
-68
-64
-66
-62
-66
-60
-58
-61
-58
-55
-57
-55
-50
-52
-52
-53
-58
-53
-57
-48
-50
-43
-40
-41
-46
-52
-50
-50
-52
-53
-54
-63
-63
-72
-75
-82
-86
-87
-89
-87
-84
-85
-87
-91
-98
-104
-107
-105
-99
-93
-86
-76
-69
-63
-67
-69
-70
-69
-68
-76
-81
-80
-82
-87
-91
-100
-104
-107
-105
-105
-100
-96
-88
-82
-81
-75
-82
-82
-78
-85
-80
-79
-79
-85
-88
-86
-83
-81
-78
-77
-76
-73
-72
-77
-73
-76
-72
-75
-77
-79
-86
-84
-85
-80
-83
-86
-86
-84
-84
-86
-84
-86
-88
-87
-77
-67
-56
-53
-53
-57
-56
-67
-66
-67
-67
-73
-76
-81
-75
-74
-74
-82
-90
-93
-89
-83
-79
-72
-69
-63
-59
-57
-55
-54
-51
-52
-44
-50
-46
-52
-56
-61
-66
-65
-61
-55
-55
-56
-50
-53
-57
-58
-60
-58
-58
-59
-58
-53
-58
-56
-59
-57
-53
-52
-52
-60
-62
-74
-78
-83
-82
-86
-87
-91
-96
-101
-102
-103
-100
-97
-97
-96
-97
-101
-100
-103
-99
-98
-103
-106
-111
-113
-106
-104
-97
-93
-86
-82
-80
-84
-84
-87
-80
-70
-66
-64
-69
-71
-70
-67
-64
-61
-63
-66
-67
-72
-74
-75
-78
-77
-72
-70
-71
-72
-80
-83
-85
-81
-79
-76
-65
-60
-57
-59
-59
-59
-57
-51
-49
-49
-51
-59
-61
-66
-68
-68
-73
-77
-78
-79
-82
-83
-84
-88
-96
-99
-104
-108
-108
-109
-106
-105
-108
-110
-111
-111
-106
-100
-98
-101
-109
-115
-118
-118
-114
-108
-100
-96
-95
-88
-81
-71
-64
-61
-57
-55
-51
-43
-41
-39
-41
-46
-49
-50
-49
-47
-35
-29
-24
-29
-35
-37
-38
-39
-46
-43
-52
-51
-57
-60
-64
-66
-74
-80
-88
-92
-90
-91
-86
-81
-78
-77
-78
-83
-81
-77
-76
-76
-84
-89
-92
-101
-96
-93
-87
-84
-82
-77
-75
-76
-78
-77
-73
-74
-79
-83
-83
-78
-75
-73
-76
-81
-83
-83
-83
-84
-83
-82
-83
-78
-81
-81
-80
-81
-77
-78
-73
-69
-65
-61
-63
-64
-74
-81
-93
-95
-98
-98
-100
-104
-106
-102
-100
-95
-92
-89
-89
-88
-87
-86
-85
-80
-74
-66
-63
-64
-65
-66
-70
-77
-80
-90
-94
-102
-109
-105
-105
-97
-92
-84
-83
-83
-81
-76
-70
-70
-71
-74
-69
-69
-69
-70
-67
-67
-66
-71
-75
-78
-83
-87
-87
-91
-90
-82
-75
-62
-47
-37
-37
-34
-39
-45
-58
-66
-76
-94
-101
-111
-122
-129
-137
-144
-151
-149
-144
-135
-129
-118
-113
-108
-105
-102
-107
-111
-114
-121
-128
-137
-144
-147
-154
-158
-162
-160
-159
-149
-147
-138
-131
-119
-109
-101
-90
-85
-80
-75
-67
-65
-56
-51
-51
-55
-61
-72
-81
-85
-96
-101
-93
-86
-78
-69
-64
-55
-49
-47
-47
-43
-43
-34
-31
-25
-25
-30
-29
-31
-29
-33
-33
-36
-39
-44
-47
-50
-53
-44
-36
-33
-30
-28
-24
-23
-17
-10
-3
-1
-4
-9
-11
-9
-15
-13
-18
-23
-22
-25
-26
-28
-30
-37
-46
-48
-48
-49
-48
-53
-60
-66
-77
-84
-87
-86
-83
-83
-78
-75
-72
-72
-67
-57
-57
-54
-61
-68
-73
-77
-81
-79
-80
-80
-82
-79
-77
-75
-67
-61
-53
-55
-54
-47
-48
-40
-44
-48
-53
-63
-60
-60
-59
-61
-69
-77
-87
-91
-93
-92
-89
-87
-88
-82
-73
-66
-55
-52
-42
-44
-43
-48
-44
-50
-51
-52
-53
-52
-56
-57
-59
-58
-52
-50
-50
-47
-45
-42
-39
-44
-45
-54
-57
-57
-55
-49
-53
-54
-60
-62
-62
-63
-61
-68
-61
-61
-62
-66
-69
-67
-67
-60
-55
-56
-59
-69
-69
-75
-77
-78
-80
-81
-83
-80
-77
-72
-71
-74
-73
-73
-74
-71
-63
-66
-64
-67
-67
-79
-84
-88
-84
-84
-88
-91
-97
-101
-104
-104
-102
-100
-93
-94
-94
-102
-100
-102
-104
-105
-107
-109
-110
-105
-102
-97
-95
-95
-93
-95
-90
-91
-90
-91
-91
-94
-93
-91
-91
-85
-88
-89
-90
-89
-83
-81
-79
-77
-76
-74
-75
-72
-76
-74
-70
-63
-66
-72
-76
-76
-77
-77
-78
-85
-90
-92
-96
-100
-101
-104
-104
-104
-105
-105
-109
-104
-98
-96
-90
-90
-89
-84
-79
-70
-65
-62
-62
-62
-66
-61
-62
-54
-53
-48
-48
-51
-56
-65
-73
-79
-90
-92
-93
-94
-95
-101
-105
-109
-109
-111
-108
-109
-106
-103
-98
-94
-90
-85
-80
-76
-72
-69
-68
-72
-71
-78
-81
-84
-88
-90
-89
-88
-91
-94
-96
-93
-94
-89
-89
-90
-89
-87
-86
-91
-95
-94
-88
-89
-86
-87
-84
-80
-82
-79
-77
-73
-68
-67
-65
-65
-71
-78
-79
-81
-82
-84
-81
-83
-82
-83
-88
-94
-97
-102
-102
-103
-99
-92
-86
-79
-74
-73
-76
-81
-82
-84
-87
-83
-86
-84
-83
-85
-87
-90
-92
-95
-97
-102
-106
-109
-109
-105
-105
-101
-100
-103
-104
-106
-110
-119
-126
-133
-138
-137
-130
-125
-122
-124
-129
-127
-126
-118
-118
-115
-118
-114
-111
-106
-104
-106
-100
-92
-81
-75
-64
-53
-51
-48
-50
-46
-50
-51
-53
-49
-43
-36
-28
-24
-22
-17
-22
-23
-24
-27
-36
-42
-47
-54
-58
-63
-62
-64
-60
-62
-59
-67
-69
-71
-74
-71
-71
-61
-58
-52
-54
-54
-55
-59
-57
-56
-52
-49
-50
-47
-51
-57
-61
-58
-61
-57
-60
-61
-64
-67
-69
-73
-72
-75
-74
-76
-71
-64
-64
-63
-73
-69
-71
-72
-72
-71
-76
-70
-64
-72
-74
-74
-70
-68
-66
-65
-71
-71
-75
-78
-79
-78
-73
-75
-73
-80
-82
-87
-89
-88
-88
-91
-95
-98
-99
-93
-86
-80
-78
-75
-80
-86
-87
-85
-83
-80
-83
-85
-86
-81
-77
-69
-70
-67
-71
-71
-67
-71
-65
-68
-74
-77
-79
-72
-67
-64
-69
-74
-74
-77
-73
-69
-68
-69
-69
-71
-76
-80
-82
-83
-84
-87
-89
-86
-85
-85
-85
-83
-82
-82
-77
-76
-73
-72
-72
-68
-64
-60
-54
-57
-60
-64
-67
-76
-79
-76
-73
-73
-70
-72
-70
-72
-72
-72
-70
-68
-66
-71
-71
-70
-72
-78
-80
-79
-79
-84
-85
-88
-87
-84
-86
-87
-86
-84
-86
-86
-85
-80
-77
-76
-76
-78
-78
-78
-78
-77
-80
-83
-84
-88
-92
-93
-93
-92
-91
-90
-87
-80
-73
-71
-65
-65
-71
-73
-74
-78
-75
-72
-72
-76
-79
-85
-85
-88
-91
-96
-95
-91
-90
-90
-95
-92
-97
-94
-96
-93
-96
-103
-104
-107
-109
-111
-111
-113
-113
-114
-110
-109
-107
-104
-103
-98
-89
-84
-82
-82
-82
-81
-81
-78
-77
-79
-80
-86
-89
-91
-91
-90
-91
-88
-81
-79
-78
-83
-89
-86
-82
-79
-76
-71
-70
-70
-68
-64
-67
-68
-69
-69
-73
-73
-71
-72
-74
-74
-71
-78
-75
-68
-72
-69
-71
-73
-76
-81
-70
-67
-64
-63
-67
-69
-74
-77
-82
-82
-83
-78
-77
-73
-78
-77
-75
-74
-70
-70
-70
-70
-73
-77
-76
-70
-70
-66
-70
-74
-68
-69
-68
-66
-65
-69
-61
-63
-61
-56
-57
-54
-59
-62
-70
-72
-75
-71
-68
-67
-67
-65
-67
-65
-62
-64
-67
-69
-72
-66
-64
-70
-71
-71
-75
-70
-65
-60
-64
-65
-66
-72
-79
-81
-81
-76
-69
-66
-64
-71
-65
-59
-58
-47
-47
-44
-45
-47
-50
-52
-54
-53
-45
-45
-48
-51
-53
-52
-46
-44
-42
-44
-46
-51
-57
-61
-57
-54
-55
-49
-47
-51
-51
-58
-65
-74
-76
-87
-85
-92
-97
-102
-107
-110
-105
-100
-90
-80
-79
-79
-84
-85
-81
-81
-76
-77
-79
-81
-86
-86
-83
-84
-77
-75
-74
-77
-82
-85
-88
-90
-91
-95
-94
-91
-83
-78
-71
-65
-62
-59
-57
-57
-50
-52
-51
-56
-60
-66
-71
-71
-69
-72
-73
-80
-82
-86
-87
-86
-89
-90
-99
-105
-111
-113
-110
-106
-99
-94
-89
-89
-94
-93
-96
-94
-98
-98
-104
-108
-109
-114
-112
-108
-102
-104
-105
-105
-105
-98
-92
-93
-93
-91
-88
-85
-86
-84
-83
-80
-78
-76
-75
-75
-72
-71
-74
-72
-77
-72
-72
-69
-67
-66
-62
-61
-55
-54
-50
-48
-42
-43
-43
-47
-53
-56
-60
-64
-67
-66
-67
-70
-63
-62
-61
-63
-63
-70
-72
-71
-72
-73
-73
-75
-77
-79
-83
-86
-85
-87
-85
-90
-90
-91
-90
-87
-82
-75
-74
-71
-70
-72
-75
-75
-72
-76
-79
-85
-89
-88
-82
-82
-81
-83
-86
-91
-93
-92
-95
-93
-89
-85
-84
-84
-85
-88
-95
-96
-97
-95
-88
-81
-76
-73
-72
-67
-63
-58
-52
-51
-52
-54
-59
-60
-64
-63
-67
-69
-76
-79
-86
-89
-89
-84
-77
-70
-60
-58
-57
-52
-57
-56
-62
-63
-65
-64
-70
-77
-82
-82
-84
-89
-90
-94
-96
-97
-97
-91
-92
-90
-89
-87
-87
-82
-81
-81
-79
-80
-79
-82
-76
-78
-80
-84
-89
-91
-94
-92
-93
-93
-95
-93
-99
-95
-94
-91
-85
-80
-74
-71
-68
-64
-65
-63
-58
-55
-59
-61
-62
-59
-61
-59
-62
-60
-64
-62
-64
-57
-55
-54
-56
-56
-58
-58
-64
-66
-68
-77
-81
-91
-95
-102
-107
-110
-111
-108
-113
-119
-126
-126
-128
-128
-126
-128
-122
-120
-112
-108
-101
-95
-89
-90
-87
-79
-74
-67
-68
-67
-66
-73
-73
-76
-80
-76
-71
-77
-78
-81
-77
-72
-73
-65
-67
-65
-70
-67
-72
-71
-80
-87
-85
-83
-79
-78
-83
-88
-93
-92
-90
-81
-81
-73
-63
-59
-55
-58
-60
-55
-51
-50
-45
-55
-54
-56
-62
-60
-68
-70
-80
-86
-93
-99
-99
-99
-97
-95
-97
-99
-101
-91
-84
-77
-74
-64
-57
-53
-54
-57
-56
-57
-54
-58
-62
-62
-62
-60
-60
-64
-63
-61
-60
-60
-56
-54
-51
-55
-57
-59
-60
-56
-50
-48
-47
-57
-63
-63
-66
-69
-75
-79
-73
-74
-77
-80
-77
-69
-59
-59
-56
-54
-58
-48
-52
-39
-41
-41
-44
-51
-54
-57
-57
-52
-58
-61
-79
-78
-82
-77
-79
-80
-85
-89
-94
-102
-108
-112
-115
-116
-113
-106
-100
-90
-82
-72
-67
-65
-65
-58
-56
-52
-51
-45
-43
-47
-45
-52
-52
-60
-62
-60
-61
-61
-59
-53
-48
-46
-47
-49
-53
-57
-59
-60
-61
-59
-65
-72
-79
-81
-81
-78
-75
-75
-76
-71
-64
-62
-59
-57
-50
-47
-49
-45
-50
-57
-54
-55
-53
-54
-52
-54
-52
-48
-51
-49
-50
-50
-53
-55
-56
-60
-62
-69
-74
-80
-85
-87
-88
-90
-94
-96
-93
-90
-83
-77
-75
-73
-70
-73
-78
-80
-82
-79
-77
-76
-78
-80
-78
-79
-87
-90
-92
-95
-98
-93
-86
-80
-73
-72
-73
-72
-76
-80
-86
-89
-85
-83
-82
-80
-84
-84
-84
-78
-84
-89
-94
-96
-99
-98
-97
-102
-104
-105
-102
-101
-100
-96
-99
-92
-92
-91
-91
-87
-78
-75
-72
-64
-60
-53
-51
-60
-68
-69
-74
-77
-83
-86
-89
-85
-88
-89
-90
-90
-86
-86
-82
-83
-86
-90
-93
-94
-92
-93
-92
-91
-96
-98
-97
-96
-92
-89
-89
-93
-96
-100
-102
-105
-109
-110
-112
-111
-108
-111
-110
-109
-103
-101
-95
-98
-98
-95
-88
-83
-83
-80
-81
-78
-77
-76
-74
-81
-83
-86
-84
-83
-81
-83
-88
-90
-95
-101
-107
-111
-115
-117
-118
-116
-114
-113
-112
-112
-115
-117
-123
-128
-130
-130
-119
-109
-97
-86
-78
-69
-64
-61
-66
-69
-79
-83
-85
-79
-76
-74
-74
-74
-78
-77
-75
-69
-65
-65
-59
-61
-56
-55
-50
-48
-46
-52
-57
-61
-64
-61
-63
-57
-56
-54
-53
-56
-57
-59
-59
-60
-63
-59
-67
-71
-79
-77
-78
-78
-81
-83
-90
-95
-93
-94
-94
-91
-88
-83
-82
-77
-70
-65
-62
-57
-61
-59
-48
-42
-42
-36
-42
-48
-56
-59
-64
-69
-75
-85
-94
-102
-104
-100
-98
-88
-84
-83
-83
-85
-84
-83
-81
-83
-84
-79
-82
-87
-97
-98
-101
-99
-102
-101
-97
-90
-90
-91
-90
-91
-88
-91
-92
-89
-83
-79
-73
-76
-81
-90
-89
-93
-94
-92
-95
-98
-104
-106
-104
-101
-99
-99
-99
-98
-89
-81
-71
-66
-65
-63
-61
-58
-62
-56
-53
-50
-52
-57
-59
-64
-67
-64
-64
-66
-64
-66
-66
-67
-68
-67
-72
-74
-78
-76
-73
-66
-69
-69
-75
-86
-96
-100
-99
-95
-96
-100
-100
-97
-94
-83
-79
-75
-75
-67
-64
-60
-51
-47
-40
-36
-32
-35
-40
-39
-46
-50
-58
-69
-80
-85
-88
-88
-91
-94
-91
-87
-83
-75
-72
-64
-57
-53
-60
-59
-65
-65
-65
-66
-64
-71
-76
-84
-87
-85
-83
-78
-78
-79
-82
-80
-71
-59
-56
-53
-52
-51
-43
-51
-51
-55
-57
-58
-56
-57
-59
-61
-64
-72
-76
-80
-86
-96
-94
-92
-80
-80
-73
-66
-64
-58
-52
-46
-49
-44
-44
-46
-43
-46
-50
-57
-70
-81
-88
-86
-86
-85
-82
-74
-71
-65
-65
-64
-63
-55
-59
-56
-51
-55
-57
-55
-54
-58
-63
-67
-74
-75
-76
-70
-70
-68
-72
-73
-73
-71
-63
-63
-62
-63
-64
-65
-67
-64
-67
-62
-59
-58
-59
-71
-77
-87
-85
-85
-86
-88
-89
-86
-83
-77
-73
-72
-69
-70
-63
-64
-60
-60
-62
-68
-67
-69
-74
-76
-75
-74
-74
-74
-77
-76
-71
-67
-63
-59
-63
-61
-68
-73
-79
-82
-85
-86
-90
-92
-95
-98
-99
-98
-96
-95
-94
-89
-84
-78
-73
-68
-61
-65
-68
-64
-67
-61
-59
-59
-63
-66
-62
-68
-67
-66
-66
-67
-67
-67
-67
-62
-60
-54
-63
-64
-68
-69
-74
-73
-71
-73
-74
-78
-79
-80
-78
-78
-78
-76
-79
-82
-85
-79
-78
-75
-80
-83
-85
-87
-83
-83
-85
-87
-90
-92
-93
-95
-102
-111
-120
-125
-133
-135
-130
-126
-115
-108
-103
-95
-93
-87
-87
-84
-83
-79
-73
-69
-60
-60
-56
-56
-56
-55
-57
-51
-46
-44
-42
-45
-51
-52
-58
-62
-62
-61
-64
-66
-68
-72
-73
-71
-69
-68
-68
-67
-66
-63
-64
-63
-68
-74
-81
-84
-86
-84
-81
-80
-79
-77
-77
-76
-80
-84
-89
-92
-91
-98
-100
-102
-93
-88
-80
-76
-76
-80
-87
-93
-99
-97
-99
-99
-100
-102
-98
-97
-89
-83
-78
-73
-68
-68
-60
-58
-56
-58
-64
-66
-71
-71
-72
-78
-85
-90
-92
-90
-87
-82
-79
-81
-82
-78
-79
-78
-77
-71
-68
-71
-71
-77
-84
-94
-96
-100
-106
-112
-113
-118
-117
-115
-113
-111
-109
-107
-106
-104
-102
-101
-97
-100
-105
-110
-113
-116
-120
-121
-120
-115
-114
-112
-113
-109
-104
-99
-97
-102
-99
-92
-86
-82
-76
-71
-74
-68
-68
-67
-71
-74
-80
-92
-97
-104
-111
-109
-110
-107
-109
-107
-109
-106
-101
-88
-80
-76
-72
-71
-68
-67
-60
-55
-56
-58
-62
-65
-68
-69
-77
-73
-74
-71
-72
-70
-63
-55
-49
-45
-47
-51
-52
-45
-43
-35
-33
-37
-42
-47
-47
-55
-56
-62
-67
-78
-84
-86
-89
-91
-94
-96
-99
-106
-101
-90
-84
-77
-72
-64
-55
-56
-48
-47
-38
-39
-43
-53
-60
-60
-60
-60
-59
-56
-55
-58
-66
-69
-71
-75
-77
-77
-84
-88
-91
-87
-78
-66
-66
-68
-77
-81
-82
-86
-85
-85
-82
-84
-84
-82
-84
-79
-75
-67
-61
-58
-52
-49
-48
-44
-43
-47
-55
-55
-62
-65
-64
-69
-71
-68
-73
-76
-78
-82
-84
-89
-91
-96
-98
-100
-99
-94
-99
-98
-98
-96
-92
-91
-90
-85
-78
-78
-77
-76
-77
-74
-69
-71
-66
-69
-65
-60
-59
-58
-62
-60
-63
-72
-70
-67
-59
-55
-57
-61
-66
-67
-73
-75
-75
-71
-69
-68
-67
-63
-65
-65
-69
-74
-77
-73
-77
-76
-80
-73
-77
-72
-76
-76
-76
-76
-76
-76
-75
-78
-73
-71
-68
-74
-76
-82
-87
-92
-89
-87
-82
-83
-88
-88
-89
-92
-91
-99
-98
-98
-95
-95
-95
-88
-84
-77
-72
-70
-74
-77
-76
-76
-80
-84
-87
-89
-91
-88
-90
-87
-90
-91
-92
-92
-88
-87
-87
-83
-78
-79
-76
-80
-83
-88
-92
-95
-102
-106
-114
-112
-114
-111
-105
-103
-97
-97
-92
-88
-76
-70
-70
-73
-73
-69
-74
-68
-59
-63
-66
-76
-79
-88
-88
-94
-99
-99
-95
-92
-92
-85
-86
-81
-80
-74
-72
-69
-62
-62
-59
-59
-58
-61
-56
-59
-56
-59
-60
-61
-69
-70
-75
-81
-85
-89
-92
-96
-101
-107
-108
-112
-112
-111
-113
-112
-113
-111
-109
-101
-96
-92
-88
-80
-74
-63
-65
-59
-61
-63
-67
-65
-71
-75
-83
-86
-89
-91
-93
-98
-98
-97
-96
-95
-97
-99
-100
-93
-88
-84
-82
-78
-79
-78
-83
-90
-93
-96
-96
-98
-95
-91
-91
-82
-78
-75
-77
-82
-83
-78
-70
-57
-49
-51
-43
-47
-43
-41
-36
-32
-30
-33
-34
-39
-40
-40
-40
-45
-47
-46
-43
-43
-40
-39
-48
-47
-53
-53
-60
-62
-59
-61
-63
-64
-72
-79
-77
-82
-82
-89
-93
-97
-97
-94
-89
-86
-83
-79
-77
-77
-70
-65
-63
-60
-66
-72
-80
-80
-79
-72
-71
-68
-71
-74
-72
-67
-66
-69
-68
-68
-62
-64
-71
-75
-75
-80
-81
-92
-91
-97
-102
-98
-99
-98
-90
-90
-89
-86
-79
-74
-66
-63
-61
-57
-56
-49
-45
-41
-42
-38
-45
-48
-54
-58
-65
-71
-71
-75
-79
-79
-81
-79
-82
-89
-99
-99
-94
-87
-76
-72
-66
-67
-64
-65
-61
-56
-65
-62
-69
-68
-66
-64
-67
-68
-71
-76
-83
-92
-97
-103
-103
-103
-103
-99
-98
-94
-92
-84
-80
-77
-73
-71
-69
-68
-64
-62
-55
-53
-49
-52
-51
-45
-43
-46
-46
-48
-52
-55
-54
-60
-64
-68
-67
-68
-69
-67
-67
-65
-61
-60
-60
-64
-63
-66
-63
-63
-61
-69
-72
-73
-68
-73
-76
-82
-85
-90
-86
-84
-78
-71
-67
-64
-60
-56
-48
-46
-39
-39
-38
-38
-48
-53
-61
-66
-70
-81
-84
-91
-95
-102
-109
-115
-119
-123
-123
-118
-115
-104
-104
-100
-99
-94
-92
-87
-80
-78
-71
-69
-66
-69
-75
-76
-80
-81
-85
-88
-91
-86
-83
-85
-87
-93
-96
-95
-94
-89
-87
-85
-82
-82
-81
-75
-68
-63
-60
-61
-66
-80
-83
-89
-87
-86
-83
-78
-74
-59
-58
-56
-55
-55
-53
-53
-55
-56
-59
-67
-69
-71
-72
-78
-75
-77
-74
-73
-74
-73
-71
-68
-69
-63
-59
-57
-57
-58
-57
-59
-63
-59
-64
-69
-71
-75
-83
-89
-92
-100
-98
-97
-97
-107
-112
-117
-116
-112
-105
-100
-97
-96
-100
-102
-102
-101
-100
-98
-94
-90
-86
-89
-91
-97
-101
-104
-99
-92
-90
-88
-89
-88
-83
-80
-79
-77
-72
-68
-66
-62
-68
-68
-70
-60
-60
-56
-59
-60
-63
-65
-65
-68
-67
-72
-70
-71
-72
-76
-86
-88
-88
-87
-85
-83
-83
-87
-87
-93
-93
-103
-103
-103
-102
-101
-100
-95
-93
-96
-96
-100
-96
-92
-90
-91
-89
-89
-91
-89
-87
-81
-76
-68
-67
-63
-74
-74
-81
-87
-91
-90
-93
-94
-87
-90
-84
-85
-84
-88
-89
-88
-88
-79
-75
-64
-59
-53
-44
-45
-45
-46
-47
-46
-50
-47
-48
-43
-45
-37
-38
-37
-36
-41
-48
-49
-54
-57
-54
-57
-49
-50
-50
-45
-55
-54
-60
-68
-71
-73
-76
-80
-80
-82
-83
-84
-81
-81
-86
-89
-93
-101
-107
-107
-111
-108
-110
-112
-111
-109
-99
-96
-90
-90
-85
-86
-85
-83
-91
-93
-101
-103
-104
-100
-90
-86
-76
-69
-66
-65
-64
-59
-54
-48
-41
-45
-47
-51
-58
-61
-59
-58
-48
-51
-43
-35
-33
-27
-32
-32
-30
-31
-34
-41
-42
-38
-34
-38
-33
-37
-33
-40
-38
-47
-52
-51
-55
-59
-62
-58
-57
-55
-59
-60
-67
-75
-76
-83
-84
-87
-85
-82
-78
-71
-66
-59
-58
-62
-69
-79
-82
-87
-85
-92
-90
-95
-92
-96
-96
-91
-83
-69
-56
-52
-53
-48
-48
-45
-42
-44
-49
-51
-48
-57
-62
-68
-73
-72
-77
-81
-86
-88
-86
-94
-94
-95
-94
-91
-85
-82
-80
-78
-77
-75
-72
-67
-66
-69
-70
-75
-82
-89
-96
-104
-111
-115
-117
-115
-114
-108
-106
-102
-98
-93
-89
-82
-76
-74
-70
-68
-69
-66
-70
-76
-79
-82
-85
-89
-94
-104
-111
-116
-119
-113
-107
-104
-102
-100
-94
-89
-86
-83
-83
-79
-74
-64
-69
-56
-54
-57
-59
-64
-63
-66
-65
-67
-73
-69
-70
-67
-74
-70
-72
-63
-69
-73
-78
-82
-79
-79
-76
-79
-83
-90
-87
-80
-74
-70
-69
-69
-66
-68
-67
-71
-75
-77
-75
-78
-81
-79
-82
-81
-77
-76
-78
-79
-82
-88
-98
-104
-108
-113
-113
-114
-104
-103
-97
-95
-95
-89
-88
-82
-78
-69
-69
-69
-63
-70
-76
-87
-94
-98
-96
-97
-96
-96
-96
-93
-91
-85
-83
-82
-86
-86
-82
-76
-71
-67
-64
-64
-69
-75
-84
-88
-95
-101
-108
-107
-104
-99
-98
-101
-103
-110
-113
-112
-109
-99
-89
-77
-72
-61
-54
-54
-54
-58
-60
-69
-74
-80
-80
-82
-85
-86
-88
-87
-84
-81
-81
-78
-72
-73
-65
-68
-73
-76
-69
-66
-69
-75
-82
-90
-94
-93
-93
-93
-92
-95
-100
-102
-99
-99
-97
-101
-102
-103
-105
-104
-104
-101
-98
-96
-95
-93
-88
-83
-79
-75
-69
-71
-68
-70
-68
-66
-62
-61
-53
-52
-55
-55
-58
-53
-53
-56
-59
-61
-56
-53
-43
-44
-46
-50
-51
-52
-54
-51
-54
-57
-57
-62
-66
-62
-65
-67
-67
-68
-72
-73
-73
-66
-60
-55
-59
-59
-63
-60
-58
-59
-62
-63
-65
-75
-78
-83
-86
-83
-80
-80
-84
-84
-85
-84
-82
-75
-69
-63
-56
-59
-54
-56
-58
-64
-71
-74
-79
-85
-88
-92
-97
-99
-101
-102
-105
-105
-104
-104
-102
-98
-96
-92
-89
-78
-71
-67
-65
-69
-70
-64
-62
-58
-63
-70
-81
-89
-93
-94
-92
-94
-97
-99
-102
-103
-103
-101
-99
-99
-99
-100
-92
-81
-76
-73
-72
-71
-69
-63
-62
-64
-58
-61
-66
-70
-74
-72
-70
-70
-65
-59
-63
-58
-62
-59
-55
-55
-50
-52
-48
-48
-43
-47
-46
-46
-50
-52
-60
-62
-65
-60
-62
-59
-65
-71
-82
-91
-94
-96
-98
-107
-111
-115
-113
-112
-114
-105
-101
-91
-88
-86
-84
-86
-83
-86
-86
-87
-87
-83
-84
-78
-78
-76
-79
-78
-72
-73
-65
-66
