-11
-23
-22
-31
-30
-38
-31
-29
-32
-36
-27
-24
-25
-42
-48
-68
-60
-59
-69
-74
-95
-103
-96
-92
-70
-65
-53
-40
-28
-18
-8
4
26
24
19
15
13
22
21
40
17
18
27
21
43
42
38
32
28
8
7
4
23
34
38
41
45
23
11
-17
-30
-33
-39
-23
-11
-27
-33
-53
-69
-40
-38
-12
-3
12
15
28
39
64
69
66
59
47
40
34
27
27
28
16
-2
-25
-40
-70
-106
-126
-151
-156
-159
-151
-145
-132
-131
-109
-111
-105
-92
-66
-56
-40
-54
-47
-51
-24
1
23
29
31
34
20
28
16
28
23
9
-5
2
-11
-24
-62
-78
-64
-60
-52
-44
-31
-35
-37
-37
-69
-85
-96
-68
-71
-66
-86
-92
-98
-100
-115
-129
-122
-97
-86
-64
-57
-42
-51
-60
-66
-49
-45
-25
-12
-11
-10
-19
-6
6
35
50
59
67
75
72
54
33
20
14
28
18
25
15
9
8
-4
-16
-8
-3
-8
-19
-39
-55
-61
-75
-86
-80
-71
-71
-74
-86
-62
-34
-14
3
2
3
8
1
3
-9
-23
-25
-7
11
41
23
10
-28
-52
-39
-60
-64
-107
-158
-174
-147
-146
-130
-120
-103
-86
-92
-129
-127
-96
-69
-71
-79
-88
-74
-71
-71
-74
-82
-86
-74
-34
9
62
107
152
179
200
206
192
172
154
149
156
152
157
152
132
127
88
81
67
51
39
6
-40
-67
-124
-128
-159
-141
-123
-107
-103
-128
-121
-158
-161
-174
-161
-132
-115
-116
-99
-98
-63
-48
-27
-10
2
35
41
47
11
-23
-32
-42
-8
1
14
-13
-33
-65
-81
-102
-104
-100
-103
-86
-79
-73
-77
-96
-101
-92
-120
-105
-117
-110
-124
-152
-179
-183
-170
-152
-129
-135
-112
-114
-109
-104
-90
-77
-69
-69
-44
-26
-12
8
-6
11
-8
-29
-37
-49
-58
-56
-65
-58
-82
-79
-68
-46
-31
-32
-44
-62
-79
-108
-126
-137
-128
-100
-72
-53
-25
-17
-12
-10
-10
-9
4
29
35
45
42
49
47
43
43
40
49
49
39
32
20
24
8
-7
-4
-5
3
-2
3
6
15
4
12
16
20
27
21
38
35
32
8
-9
-5
-14
-21
-25
-30
-13
6
8
-14
-24
-21
0
9
-7
-11
-18
-8
6
19
30
41
40
40
40
45
39
25
19
17
20
24
23
13
8
-16
-18
-14
-12
-14
-24
-41
-50
-45
-58
-69
-81
-86
-98
-114
-121
-112
-72
-60
-71
-91
-100
-102
-96
-100
-108
-116
-126
-141
-129
-156
-163
-177
-177
-170
-158
-142
-136
-125
-118
-118
-112
-109
-96
-86
-90
-88
-94
-96
-76
-59
-39
-30
-11
0
6
-3
-14
-23
-30
-43
-52
-55
-42
-45
-50
-69
-67
-92
-103
-107
-103
-75
-58
-32
-25
-20
-21
-18
-24
-13
-5
0
-16
-19
-53
-54
-70
-63
-47
-36
-30
-19
-21
-21
-23
-31
-34
-26
-37
-49
-59
-80
-97
-87
-70
-40
-22
-25
-9
-4
7
20
15
19
22
17
3
-13
-31
-51
-62
-76
-66
-48
-46
-44
-62
-83
-78
-72
-53
-49
-37
-38
-40
-18
6
33
51
46
36
26
19
18
17
18
22
40
28
24
26
23
28
24
19
7
18
14
27
38
54
46
47
41
26
31
34
40
31
20
11
-6
-3
-15
-17
-21
-22
-15
-22
-45
-84
-98
-103
-80
-85
-83
-84
-65
-60
-47
-62
-89
-99
-97
-104
-90
-104
-95
-68
-52
-35
-21
-10
2
20
37
51
63
74
92
103
119
116
101
105
88
69
49
26
31
24
11
-9
-36
-62
-82
-107
-124
-140
-121
-122
-107
-124
-112
-102
-70
-38
-8
8
6
-22
-53
-68
-67
-63
-53
-50
-38
-9
-15
-10
-31
-45
-39
-45
-36
-41
-43
-56
-50
-28
-18
-15
0
17
40
35
21
7
-3
-12
-28
-25
-15
17
26
20
7
-9
-38
-52
-78
-73
-82
-41
-10
23
32
22
7
-16
-14
-14
-5
5
12
-5
4
5
17
12
-19
-33
-25
-2
20
20
1
-20
-23
-41
-50
-55
-54
-52
-58
-57
-65
-63
-63
-55
-56
-37
-13
-5
-1
10
27
39
30
23
30
35
33
17
-8
-15
-19
-26
-17
-21
-17
-5
9
27
21
4
-3
-16
-31
-35
-39
-32
-27
-17
-3
7
6
0
-12
-21
-40
-52
-62
-69
-73
-76
-64
-57
-49
-52
-51
-42
-27
-11
-17
-15
-19
4
3
17
22
24
17
11
5
1
-11
-27
-23
-12
-6
9
7
8
0
-2
1
4
5
7
3
7
-1
-8
-17
-21
-40
-43
-54
-48
-41
-34
-20
-14
-15
-4
-5
-11
-33
-49
-81
-89
-110
-105
-101
-87
-96
-88
-90
-66
-44
-23
-13
1
-8
-30
-54
-74
-79
-75
-74
-58
-38
-9
11
10
2
-7
-8
-8
-17
-47
-78
-93
-93
-89
-88
-69
-52
-40
-38
-42
-34
-35
-36
-34
-48
-24
-18
0
14
1
6
-22
-34
-48
-76
-84
-100
-117
-131
-146
-135
-143
-138
-136
-136
-136
-143
-153
-133
-119
-95
-80
-90
-117
-141
-167
-157
-150
-144
-128
-101
-78
-79
-82
-80
-56
-34
-22
-28
-33
-43
-26
-20
-13
-27
-22
-35
-31
-49
-75
-75
-73
-54
-68
-77
-79
-78
-81
-87
-88
-92
-106
-129
-139
-126
-94
-85
-77
-56
-53
-47
-38
-39
-16
-24
-33
-27
-54
-42
-49
-47
-43
-40
-29
-23
-34
-48
-66
-67
-48
-7
16
49
42
16
-26
-74
-87
-117
-117
-104
-88
-52
-25
-10
12
27
17
13
-15
-41
-56
-57
-54
-36
-38
-37
-38
-36
-33
-32
-44
-53
-81
-72
-69
-51
-33
-22
-16
-21
-21
-35
-41
-61
-81
-83
-100
-91
-86
-56
-40
-31
-38
-44
-46
-57
-52
-41
-20
-11
-5
4
8
13
-5
-5
-10
3
29
48
65
86
82
72
54
44
36
28
33
27
-1
-8
-27
-18
2
11
9
-18
-45
-56
-38
-15
4
11
-6
-14
-21
-10
-4
6
26
50
62
67
57
59
68
81
87
83
69
46
38
28
27
18
4
-13
-17
-26
-30
-41
-35
-40
-20
-36
-24
-16
-4
-7
-10
-17
-13
-17
-4
-11
-4
7
12
21
13
11
5
21
42
59
80
71
78
67
55
38
12
5
-21
-37
-61
-79
-83
-95
-100
-96
-103
-117
-126
-144
-150
-150
-129
-96
-69
-66
-63
-46
-32
-29
-33
-40
-24
5
33
58
65
59
59
70
91
108
100
81
60
19
-12
-12
-15
6
18
30
53
75
78
53
17
3
12
17
4
-4
10
24
29
41
45
74
74
49
50
48
52
27
3
-11
-12
-20
-18
-29
-28
-24
-22
-13
-7
-6
6
4
2
4
23
35
45
33
10
-37
-67
-100
-94
-97
-113
-116
-129
-118
-122
-134
-139
-149
-142
-129
-118
-119
-109
-118
-127
-142
-130
-115
-79
-68
-53
-51
-58
-55
-63
-48
-35
-26
-33
-32
-36
-29
-35
-41
-42
-55
-45
-40
-37
-23
-41
-40
-40
-36
-33
-25
-36
-43
-67
-68
-61
-40
-10
-26
-26
-43
-49
-38
-18
-25
-44
-51
-62
-75
-90
-127
-124
-118
-95
-69
-64
-53
-45
-32
-34
-35
-40
-27
-18
-7
-10
4
26
48
40
41
44
39
57
45
39
29
13
7
22
7
30
26
19
9
-11
-26
-38
-42
-60
-64
-78
-47
-43
-49
-59
-71
-76
-71
-71
-72
-48
-23
23
54
90
100
117
141
147
164
165
177
178
158
140
124
115
104
88
90
56
47
-13
-59
-115
-136
-140
-156
-174
-193
-196
-178
-178
-169
-169
-173
-176
-187
-190
-176
-152
-159
-155
-155
-165
-171
-176
-188
-174
-163
-148
-127
-124
-105
-104
-106
-111
-121
-119
-105
-100
-86
-96
-88
-77
-55
-40
-31
-21
-11
-12
-2
-11
-11
11
13
26
32
46
36
31
7
-7
-12
-15
-25
-18
-19
-7
-7
-10
-27
-23
-36
-47
-50
-69
-54
-73
-80
-101
-113
-107
-121
-111
-120
-106
-106
-96
-94
-76
-77
-56
-42
-44
-32
-41
-41
-51
-52
-54
-53
-48
-43
-24
-7
-1
0
-10
-16
-26
-32
-34
-33
-37
-42
-55
-57
-46
-31
-24
-30
-52
-50
-56
-62
-60
-77
-79
-78
-81
-72
-91
-96
-97
-95
-80
-73
-58
-60
-64
-64
-75
-93
-100
-114
-110
-95
-100
-92
-85
-91
-85
-76
-66
-46
-52
-40
-23
18
44
63
59
60
65
58
59
44
49
42
26
19
10
13
-11
-47
-41
-64
-58
-58
-39
-22
-28
-38
-52
-55
-60
-57
-56
-52
-56
-67
-53
-44
-25
-3
-1
-13
-14
-21
0
9
5
10
28
22
38
43
33
18
4
-6
7
1
9
10
3
-2
-15
-35
-41
-60
-71
-84
-79
-73
-77
-83
-81
-81
-72
-63
-63
-72
-77
-94
-98
-80
-80
-52
-44
-15
-1
-8
-12
-26
-27
-16
-11
5
12
18
34
30
31
40
35
37
23
4
-12
-31
-39
-26
-18
-4
4
10
-2
14
-9
-16
-23
-34
-66
-86
-109
-97
-77
-49
-25
-20
-40
-46
-60
-59
-54
-50
-42
-39
-28
-15
-14
-8
-2
8
9
2
-3
-5
-12
-6
-27
-27
-32
-46
-49
-48
-26
4
36
71
86
85
69
55
43
43
37
35
33
28
29
26
16
0
-8
-20
-29
-37
-59
-81
-86
-89
-76
-59
-60
-45
-30
-17
8
3
11
-1
-34
-74
-77
-71
-58
-41
-49
-44
-43
-61
-58
-56
-46
-48
-62
-72
-56
-56
-50
-44
-27
-31
-32
-49
-52
-38
-35
-41
-52
-57
-46
-52
-47
-53
-68
-75
-78
-91
-89
-95
-77
-73
-63
-72
-61
-52
-22
-4
7
2
-2
-10
-22
-41
-49
-55
-66
-66
-58
-55
-60
-70
-51
-42
-16
-5
-12
-17
-26
-34
-16
-5
3
23
22
49
41
29
19
9
-19
-62
-98
-110
-111
-81
-85
-80
-76
-65
-58
-41
-47
-26
-20
12
22
6
-13
-31
-16
-4
19
27
38
37
31
39
23
22
17
0
13
1
-13
-8
-11
7
12
10
-6
-19
-43
-62
-81
-117
-128
-163
-171
-193
-181
-166
-138
-102
-65
-30
-6
2
11
16
31
41
51
60
84
96
96
93
85
73
60
43
43
35
38
43
51
55
65
45
38
13
-15
-67
-123
-151
-175
-176
-186
-198
-188
-186
-164
-157
-152
-134
-125
-101
-91
-79
-62
-58
-52
-66
-58
-62
-54
-46
-63
-51
-44
-48
-49
-55
-42
-22
-6
-1
18
7
7
1
-2
9
-14
-30
-31
-18
-6
-27
-39
-60
-63
-58
-64
-54
-61
-61
-85
-77
-67
-26
-5
4
-6
-12
-15
-12
13
2
1
-18
-13
-6
-18
-42
-57
-41
-28
-7
-8
-17
-25
-34
-38
-37
-41
-52
-29
-32
-15
8
10
21
5
5
13
9
5
3
12
23
27
18
-7
-37
-35
-38
-33
-31
-26
-10
-32
-50
-74
-68
-63
-50
-46
-49
-45
-55
-52
-54
-62
-55
-35
-11
-9
-46
-52
-68
-57
-48
-47
-51
-46
-59
-77
-85
-85
-81
-66
-71
-77
-79
-89
-67
-47
-41
-22
-29
-27
-33
-57
-49
-36
-34
-7
1
12
30
32
43
50
48
34
26
22
16
-2
-25
-34
-31
-15
0
-8
-7
-8
-14
-7
-11
6
-12
-28
-56
-47
-38
-25
-23
-28
-32
-29
-24
-22
-33
-49
-74
-84
-78
-59
-67
-69
-68
-33
-1
27
39
40
60
63
52
29
0
-20
-43
-55
-62
-72
-83
-102
-124
-153
-144
-121
-78
-47
-41
-39
-25
-9
0
4
4
19
42
34
27
30
36
39
27
8
0
-1
6
-9
-11
-11
-22
-37
-60
-70
-65
-69
-57
-63
-68
-80
-100
-122
-141
-130
-121
-125
-132
-138
-135
-128
-120
-130
-120
-119
-122
-117
-122
-119
-128
-122
-136
-119
-124
-109
-84
-81
-77
-84
-85
-68
-57
-57
-47
-54
-39
-38
-40
-50
-43
-26
-24
-13
-4
-4
27
34
58
78
92
98
103
103
112
100
98
71
86
66
69
77
52
47
18
1
-12
-13
-18
-9
-6
-17
-36
-60
-69
-75
-72
-68
-33
6
20
39
48
45
63
65
72
68
84
87
100
103
96
95
70
61
41
24
15
18
21
-1
-12
-44
-54
-59
-67
-83
-106
-118
-110
-92
-86
-92
-105
-109
-120
-115
-116
-95
-82
-74
-102
-113
-108
-94
-116
-133
-151
-133
-114
-114
-123
-108
-83
-70
-66
-67
-78
-95
-94
-63
-16
36
32
13
-46
-84
-110
-115
-97
-98
-77
-56
-31
-9
-12
-39
-41
-57
-80
-71
-55
-23
8
24
49
63
58
51
49
50
56
33
23
-5
-12
-32
-37
-52
-58
-79
-80
-83
-79
-52
-39
-25
-18
-8
-22
-53
-71
-95
-115
-121
-104
-87
-80
-118
-127
-142
-150
-133
-123
-98
-60
-55
-45
-56
-46
-33
-15
-13
-9
-24
-24
-18
-24
-16
-24
-14
4
14
26
10
-14
-28
-28
-19
-13
-16
-14
-15
9
28
31
36
29
33
1
-22
-40
-46
-22
-5
23
52
64
48
19
-19
-31
-37
-50
-47
-52
-49
-48
-44
-35
-33
-29
-46
-58
-74
-67
-82
-81
-86
-89
-79
-90
-95
-114
-106
-107
-100
-114
-116
-120
-115
-124
-114
-103
-90
-84
-83
-83
-75
-62
-55
-28
-13
11
17
20
14
19
15
29
42
65
94
117
125
132
143
143
134
109
98
94
101
120
116
118
98
107
90
73
44
45
36
33
22
-5
6
2
8
-9
-29
-38
-23
-16
-28
-58
-75
-51
-11
16
22
19
8
-11
-26
-60
-67
-69
-58
-39
-38
-23
-32
-50
-45
-23
-25
-32
-56
-61
-46
-30
4
40
65
79
73
62
43
7
-8
-20
-13
0
-4
-13
-24
-26
-39
-51
-61
-68
-68
-78
-92
-99
-86
-66
-39
-26
-13
-22
-30
-41
-51
-50
-50
-52
-61
-47
-29
-22
-6
-6
7
-6
-26
-24
-35
-33
-29
-17
3
-5
-7
-10
-17
-4
-3
-11
1
-5
-17
-29
-32
-17
-1
5
5
-3
-29
-41
-54
-61
-66
-69
-79
-70
-71
-73
-88
-89
-89
-92
-91
-85
-96
-96
-91
-77
-55
-65
-77
-90
-66
-58
-45
-52
-44
-54
-59
-59
-74
-70
-77
-87
-96
-100
-110
-91
-83
-68
-42
-35
-19
-24
-9
-25
-38
-57
-76
-72
-51
-34
-1
-5
-8
-17
-12
-3
22
17
15
-10
-10
-9
-1
12
5
2
-10
-42
-77
-100
-108
-87
-83
-92
-101
-109
-107
-82
-67
-66
-60
-59
-47
-42
-32
-26
-17
-16
12
21
22
15
-6
2
25
49
63
43
50
59
81
96
110
113
111
98
85
78
77
47
29
12
2
11
6
-4
-12
-51
-87
-100
-122
-136
-133
-142
-127
-123
-119
-117
-123
-122
-126
-128
-122
-115
-98
-78
-75
-79
-75
-73
-57
-55
-78
-67
-73
-79
-94
-115
-115
-103
-78
-70
-59
-69
-66
-79
-71
-69
-42
-14
6
29
23
19
-8
-7
-30
-13
2
10
51
36
48
8
-7
-4
7
43
43
33
27
10
11
-7
-22
-36
-26
-39
-27
-40
-52
-69
-71
-87
-92
-82
-69
-60
-54
-69
-77
-88
-97
-90
-74
-79
-70
-93
-100
-104
-97
-102
-89
-82
-87
-82
-78
-69
-60
-60
-34
-22
-6
-1
0
-2
-8
-3
1
20
51
68
66
40
13
9
10
17
13
-6
-22
-28
-44
-33
-32
-42
-43
-61
-99
-142
-176
-182
-184
-191
-197
-218
-216
-233
-232
-259
-235
-226
-185
-159
-148
-135
-134
-124
-100
-76
-48
-34
-24
-3
30
48
45
35
-15
-35
-77
-92
-105
-90
-94
-67
-48
-39
-33
-39
-11
10
16
0
-16
-33
-18
-4
15
25
54
65
83
89
74
69
56
45
41
35
36
45
38
40
33
12
16
6
6
-7
-24
-28
-38
-70
-73
-97
-100
-115
-132
-140
-129
-127
-98
-78
-52
-30
-33
-22
-11
-2
2
1
-4
1
4
5
18
12
37
32
35
25
20
4
4
11
20
38
43
62
71
81
91
98
92
71
53
33
12
-9
-24
-17
-3
8
7
-3
-17
-18
-55
-61
-90
-89
-77
-65
-79
-89
-112
-103
-86
-63
-31
-18
-4
0
5
-2
-2
0
12
28
35
-1
-17
-36
-11
-6
-11
-5
1
20
18
30
11
21
20
4
-15
-41
-50
-43
-39
-31
-29
-45
-43
-41
-53
-45
-58
-45
-40
-37
-45
-55
-59
-58
-41
-47
-52
-41
-55
-46
-33
-26
-13
-24
-36
-50
-61
-60
-60
-77
-76
-77
-78
-70
-67
-55
-46
-53
-33
-36
-23
-26
-33
-36
-21
-14
-7
-17
-10
-15
-18
-18
-30
-39
-30
-21
-9
9
13
19
26
18
13
5
0
10
-9
-10
-14
-16
-5
-9
-1
-3
4
6
18
18
22
36
63
71
55
44
27
18
14
-4
-1
5
19
29
21
24
15
6
-6
-20
-40
-43
-43
-34
-23
-30
-16
-23
-27
-33
-42
-49
-39
-20
-11
-7
-25
-47
-53
-38
-21
-11
-5
11
27
34
38
34
42
48
49
53
44
59
64
59
47
24
5
-5
-15
-22
-42
-61
-85
-83
-96
-91
-99
-89
-86
-82
-93
-113
-104
-107
-94
-90
-90
-87
-67
-60
-43
-46
-37
-30
-46
-45
-60
-51
-51
-68
-75
-69
-62
-45
-48
-56
-66
-75
-75
-70
-64
-57
-57
-50
-51
-70
-67
-83
-79
-82
-81
-80
-109
-133
-137
-136
-122
-113
-107
-78
-54
-41
-20
-30
-12
-17
-28
-36
-54
-57
-42
-34
-26
-18
-27
-8
8
23
35
27
12
16
16
11
-6
-12
-23
-20
-14
-15
-19
-24
-38
-33
-18
-5
-2
-7
12
26
44
28
34
35
49
47
55
57
56
41
28
-7
-22
-29
-29
-31
-42
-65
-66
-75
-56
-54
-49
-51
-45
-42
-29
-36
-34
-32
-23
-15
-19
-13
8
16
32
37
53
54
60
71
79
85
75
60
20
-2
-37
-29
-17
6
39
36
40
29
19
13
14
9
-6
-33
-60
-64
-57
-29
-14
-4
11
5
-2
-20
-28
-18
-15
-37
-50
-61
-58
-49
-48
-47
-30
-17
-10
-3
15
19
32
34
29
24
15
15
6
9
2
-2
-12
-33
-32
-36
-13
-3
8
-16
-45
-70
-83
-86
-68
-47
-36
-34
-32
-30
-21
-2
-11
-26
-49
-69
-80
-85
-93
-90
-84
-74
-81
-107
-139
-144
-133
-127
-118
-108
-111
-91
-82
-59
-58
-43
-32
-10
2
-19
-42
-78
-108
-127
-152
-144
-142
-133
-140
-124
-107
-96
-105
-123
-137
-140
-133
-138
-149
-167
-174
-153
-136
-129
-132
-135
-132
-117
-122
-114
-93
-89
-87
-86
-72
-61
-62
-69
-81
-71
-68
-61
-58
-56
-47
-44
-42
-30
-21
3
17
32
36
25
18
-10
-31
-36
-34
-19
-24
-3
9
30
31
22
6
-8
-34
-48
-69
-69
-66
-80
-92
-91
-90
-79
-89
-81
-72
-50
-26
-24
-29
-52
-59
-67
-74
-87
-99
-116
-116
-123
-118
-112
-109
-93
-88
-76
-52
-47
-40
-47
-58
-67
-89
-101
-114
-94
-82
-69
-68
-55
-36
-16
-23
-14
-12
-11
-8
-10
-38
-54
-66
-83
-84
-98
-92
-84
-72
-54
-53
-44
-26
-4
32
68
86
90
78
87
85
96
108
110
114
118
116
115
89
73
63
46
37
17
21
32
45
46
41
25
24
33
39
38
10
-24
-59
-74
-88
-107
-129
-145
-148
-156
-154
-170
-164
-153
-145
-133
-145
-145
-150
-157
-162
-188
-211
-250
-254
-276
-280
-267
-235
-195
-150
-124
-115
-93
-84
-76
-80
-81
-98
-100
-121
-120
-110
-90
-57
-29
-7
16
9
16
-5
3
8
17
5
8
8
0
-26
-41
-53
-34
-2
18
23
17
5
15
43
73
68
53
27
14
15
5
22
30
31
37
6
1
-17
-12
-11
-3
19
32
37
28
39
50
69
49
31
4
-5
-14
-5
14
34
36
13
9
29
37
31
13
-16
-33
-64
-70
-76
-68
-44
-48
-43
-73
-89
-109
-130
-154
-188
-208
-228
-231
-203
-178
-132
-100
-74
-73
-78
-100
-96
-107
-99
-90
-72
-48
-48
-51
-50
-44
-25
-4
23
31
42
48
67
77
90
84
60
26
5
-17
-28
-42
-50
-40
-25
1
-3
-2
-22
-31
-37
-53
-57
-42
-19
43
79
106
103
94
75
67
65
64
67
78
108
142
164
173
162
135
105
75
47
37
32
44
57
80
81
72
51
28
7
-17
-11
-17
-9
4
13
16
1
-27
-33
-32
-13
23
32
62
61
54
39
17
15
0
-18
-31
-36
-22
-12
-1
-19
-42
-84
-103
-109
-108
-88
-76
-65
-48
-33
-6
5
26
8
5
13
-1
-1
-7
-37
-42
-52
-52
-38
-33
-21
3
14
16
15
25
16
19
11
7
2
4
-17
-23
-54
-55
-62
-67
-55
-67
-54
-68
-69
-73
-88
-104
-112
-113
-117
-123
-136
-121
-88
-71
-69
-72
-77
-68
-61
-58
-55
-69
-36
-16
6
13
33
44
67
69
68
72
75
74
80
67
64
59
43
31
20
29
33
40
29
14
3
-9
-17
-23
-36
-38
-72
-74
-95
-99
-115
-95
-81
-39
-24
-10
-1
-2
3
-15
-31
-32
-42
-39
-42
-64
-60
-59
-53
-56
-81
-104
-117
-136
-130
-124
-110
-100
-88
-49
-43
-21
-20
-9
-14
-20
-17
-21
-21
-26
-28
-36
-40
-38
-41
-30
-33
-42
-35
-41
-20
-21
-19
7
17
16
-5
-5
9
8
15
16
5
-14
-50
-49
-52
-47
-55
-90
-79
-77
-58
-44
-36
-35
-18
-12
4
9
28
37
46
51
54
52
46
36
32
18
10
-2
-10
-17
-30
-43
-44
-55
-62
-67
-94
-119
-133
-140
-127
-118
-116
-124
-121
-109
-92
-100
-92
-112
-125
-149
-151
-127
-115
-96
-99
-100
-88
-82
-97
-97
-92
-83
-60
-63
-37
-37
-43
-48
-65
-39
-26
1
12
9
9
15
3
2
-21
-21
-29
-36
-12
-5
3
-2
-18
-2
10
-6
-17
-27
-25
-13
-3
3
15
-1
-1
-21
-41
-73
-76
-69
-36
-19
-43
-72
-90
-93
-100
-102
-97
-79
-81
-81
-84
-55
-39
-30
-38
-38
-31
-20
-5
3
8
28
37
52
56
43
21
22
16
13
-29
