13
6
-1
-13
-29
-42
-53
-71
-86
-94
-97
-93
-83
-88
-86
-99
-118
-131
-144
-141
-141
-123
-113
-104
-100
-109
-112
-119
-113
-103
-98
-89
-80
-69
-61
-55
-55
-54
-41
-31
-33
-42
-49
-54
-55
-53
-52
-45
-32
-19
-7
-5
-14
-25
-34
-36
-30
-27
-31
-37
-40
-46
-51
-55
-55
-59
-60
-59
-57
-44
-32
-18
-3
15
35
48
58
70
81
91
98
107
97
103
85
79
59
40
40
32
17
19
27
42
48
41
25
13
-7
-33
-54
-55
-42
-5
43
84
99
55
20
-24
-37
-59
-71
-60
-25
2
11
-10
-24
-26
-13
16
41
64
80
70
40
-16
-66
-109
-131
-135
-122
-103
-78
-62
-45
-39
-39
-46
-46
-53
-55
-67
-89
-101
-89
-54
-21
-78
-261
-356
-401
-323
-200
-140
-76
-66
-80
-104
-74
13
119
200
234
235
219
200
185
170
159
151
148
144
139
136
132
126
115
105
93
85
80
72
63
50
40
27
20
12
7
-3
-13
-21
-33
-46
-59
-74
-89
-104
-123
-145
-168
-188
-198
-203
-198
-188
-183
-181
-176
-162
-138
-103
-82
-82
-87
-92
-92
-96
-95
-93
-83
-77
-67
-58
-46
-35
-12
-4
-3
-11
-12
-14
-16
-27
-35
-36
-25
-19
-18
-26
-29
-30
-24
-24
-18
-22
-20
-19
-21
-24
-17
-26
-27
-34
-41
-51
-61
-66
-73
-78
-82
-89
-97
-102
-96
-85
-62
-46
-48
-63
-93
-112
-131
-130
-128
-112
-93
-74
-56
-57
-60
-60
-61
-65
-69
-83
-87
-79
-61
-50
-45
-43
-39
-38
-36
-30
-30
-32
-43
-60
-72
-84
-91
-98
-101
-105
-112
-109
-93
-71
-52
-47
-37
-33
-30
-34
-36
-27
-12
8
29
44
62
83
102
128
142
157
162
174
180
186
179
162
132
107
81
61
44
38
39
43
34
15
7
-9
-8
11
15
25
38
67
83
50
6
-80
-132
-167
-162
-141
-119
-103
-79
-67
-54
-48
-37
-24
-22
-17
-23
-25
-29
-30
-39
-39
-55
-61
-66
-70
-73
-71
-57
-48
-41
-37
-35
-29
-29
-31
-42
-54
-54
-50
-49
-48
-49
-47
-32
-11
13
29
45
50
47
44
43
45
59
108
181
256
295
279
216
159
124
127
132
121
94
66
51
54
74
83
104
122
137
150
142
107
66
26
1
-21
-25
-17
4
26
39
42
35
37
52
76
96
99
100
71
43
13
-13
-19
-35
-49
-65
-71
-73
-80
-106
-137
-155
-153
-147
-147
-147
-212
-243
-271
-250
-189
-146
-110
-72
-53
-29
-32
-27
-18
-4
5
10
7
9
3
1
4
12
28
30
24
13
2
-6
-20
-18
-2
13
28
49
61
90
112
131
147
156
168
165
163
117
77
36
31
57
74
44
-14
-58
-94
-113
-99
-96
-72
-47
-44
-30
-9
10
48
95
115
90
30
-16
-8
11
17
-11
-59
-92
-97
-67
-19
34
72
91
89
51
1
-75
-141
-177
-195
-181
-151
-115
-83
-62
-49
-41
-35
-34
-35
-53
-76
-66
-50
-8
1
-88
-179
-275
-280
-245
-167
-90
-43
-47
-70
-88
-74
-21
47
102
132
128
124
118
112
100
90
86
79
68
47
23
3
-22
-44
-66
-79
-100
-106
-117
-116
-128
-130
-134
-128
-120
-109
-107
-109
-116
-120
-120
-113
-100
-94
-86
-77
-73
-70
-68
-69
-61
-53
-38
-27
-16
-14
3
20
31
52
52
60
59
54
49
40
35
38
31
25
14
1
-10
-24
-40
-48
-32
9
46
69
73
44
-1
-31
-57
-55
-55
-51
-59
-73
-81
-90
-93
-98
-101
-106
-111
-115
-113
-106
-98
-85
-80
-76
-80
-84
-87
-97
-103
-104
-90
-64
-45
-37
-30
-27
-25
-24
-26
-21
-17
-17
-8
-5
4
11
15
18
15
9
-2
-19
-29
-39
-46
-48
-16
23
79
119
144
164
174
182
175
168
152
143
119
87
56
24
0
-6
-14
-16
-8
1
8
26
53
88
111
107
80
41
5
-21
-32
-28
-8
6
15
26
35
26
15
16
38
78
95
10
-57
-151
-197
-208
-180
-107
-4
29
9
-12
-15
17
79
144
213
257
256
233
198
164
132
102
87
76
67
52
36
29
26
26
24
18
8
-1
-5
-10
-13
-21
-28
-40
-51
-60
-67
-70
-70
-62
-59
-60
-60
-62
-64
-66
-77
-89
-96
-100
-99
-88
-74
-59
-55
-55
-64
-70
-72
-69
-61
-57
-58
-65
-71
-74
-53
-41
-11
8
-12
-15
-31
-30
-34
-51
-69
-92
-124
-136
-134
-131
-132
-138
-134
-115
-92
-66
-47
-37
-35
-40
-55
-59
-58
-48
-34
-24
-25
-38
-54
-69
-87
-101
-112
-115
-116
-115
-107
-85
-35
33
104
119
24
-41
-101
-86
-53
-59
-57
-44
-29
-14
8
34
49
70
91
105
107
99
92
80
70
57
50
41
40
40
40
45
42
36
23
27
22
26
17
15
16
8
9
23
61
79
71
12
-53
-122
-173
-186
-184
-166
-140
-119
-95
-80
-67
-52
-34
-27
-19
-12
23
58
88
80
46
16
-11
-48
-91
-134
-139
-122
-97
-79
-73
-71
-61
-47
-42
-55
-77
-88
-82
-62
-30
-9
-100
-122
-175
-126
-62
-25
-6
13
26
30
27
30
29
33
38
37
33
27
19
25
33
47
63
71
65
55
39
30
21
5
-10
-30
-49
-66
-76
-94
-90
-69
-34
9
33
63
74
87
91
94
106
100
103
95
97
88
71
51
18
-8
-20
-17
2
28
58
78
63
45
8
-15
-34
-45
-33
-28
-21
-9
-9
-10
-11
-7
-10
-23
-25
-23
-5
21
40
-38
-107
-222
-250
-216
-154
-67
-8
-4
-24
-65
-59
8
114
192
219
201
183
177
168
152
133
122
107
94
72
43
19
-5
-17
-21
-26
-30
-27
-25
-20
-12
-23
-31
-44
-51
-63
-78
-89
-95
-101
-105
-106
-98
-86
-68
-55
-43
-34
-33
-42
-49
-60
-65
-66
-66
-62
-66
-70
-72
-74
-72
-70
-57
-45
-18
16
42
71
82
110
111
121
96
75
36
6
-20
-37
-48
-43
-42
-32
-29
-25
-29
-29
-31
-27
-31
-23
-19
-13
-14
-29
-39
-56
-70
-80
-81
-67
-62
-55
-61
-68
-71
-83
-102
-111
-128
-121
-105
-111
-120
-126
-131
-118
-124
-127
-135
-134
-115
-100
-96
-94
-95
-87
-76
-61
-31
-24
-21
-35
-47
-53
-40
-8
17
29
19
11
8
6
-1
-2
-6
1
6
7
2
-2
-4
4
11
21
33
40
43
42
43
44
45
49
55
57
52
43
50
62
91
110
125
127
120
112
86
57
24
7
-7
-20
-29
-42
-59
-57
-76
-62
-55
-42
-37
-27
-26
-18
-6
4
18
22
31
53
82
91
88
70
31
3
-25
-30
-43
-41
-38
-38
-34
-34
-37
-38
-35
-25
-62
-140
-222
-266
-248
-174
-110
-44
-22
-25
-55
-70
-47
11
68
107
111
93
77
56
34
6
-19
-25
-33
-30
-23
-22
-16
-14
-9
-10
-12
-11
-14
-19
-32
-47
-52
-50
-39
-35
-30
-26
-16
-12
-11
-6
-9
-16
-16
-14
-12
-4
-4
3
-1
-5
-15
-31
-47
-53
-40
-7
50
101
152
197
219
214
177
123
65
29
-10
-25
-36
-50
-46
-49
-49
-48
-53
-46
-48
-32
-30
-26
-34
-35
-20
-11
5
2
-3
-23
-17
-19
-13
-14
-27
-40
-59
-55
-33
-7
-29
-84
-174
-211
-236
-230
-181
-111
-11
58
81
82
84
88
79
53
21
2
13
26
61
-30
-97
-179
-184
-124
-107
-103
-97
-85
-78
-67
-55
-53
-57
-67
-80
-86
-89
-92
-97
-105
-102
-99
-93
-90
-88
-81
-72
-60
-60
-61
-60
-57
-60
-64
-64
-59
-44
-31
-28
-28
-34
-34
-29
-28
-15
-3
2
2
4
0
-3
-8
-5
-6
-4
-4
-12
-19
-25
-24
-17
-11
-6
-9
-6
-3
3
10
12
11
6
0
-7
-9
-11
-3
-3
-18
-42
-49
-40
-15
7
18
28
43
63
79
108
131
123
98
74
64
77
81
84
91
89
84
69
54
35
20
4
-2
20
54
80
98
84
59
21
-15
-32
-41
-52
-61
-71
-86
-92
-113
-126
-132
-96
-54
-16
-5
-11
-15
-49
-73
-93
-98
-90
-83
-62
-38
-16
-27
-13
-15
2
9
2
-6
-18
-29
-32
-42
-33
-24
-13
-11
-27
-11
-5
9
1
-12
-123
-158
-170
-110
32
118
169
177
117
49
37
92
188
262
294
284
252
205
153
107
77
65
61
57
51
35
25
15
10
14
23
32
37
40
38
23
11
5
0
-1
-2
-4
-3
-11
-7
-5
-4
-7
-23
-45
-60
-69
-78
-83
-89
-87
-85
-80
-75
-80
-78
-82
-82
-90
-94
-93
-88
-80
-70
-67
-70
-72
-76
-75
-66
-56
-32
-23
-16
-13
-14
-16
-12
-16
-28
-36
-50
-60
-69
-75
-77
-94
-102
-101
-106
-107
-112
-117
-117
-92
-69
-44
-25
-21
-4
7
19
29
41
56
60
59
47
41
35
18
5
2
0
-1
-13
-39
-54
-79
-106
-101
-99
-81
-73
-71
-69
-57
-54
-50
-34
-27
-14
-1
10
4
-4
7
27
75
125
96
-66
-160
-217
-134
-40
-13
13
16
11
-4
5
21
63
133
194
232
222
195
165
146
133
126
131
143
154
153
146
131
120
113
111
103
95
89
88
90
90
86
82
77
76
69
61
46
35
19
4
-11
-27
-38
-45
-49
-56
-55
-66
-75
-90
-102
-104
-107
-111
-125
-146
-168
-187
-197
-212
-220
-227
-228
-225
-221
-201
-184
-172
-170
-177
-196
-192
-177
-146
-122
-107
-96
-89
-79
-74
-72
-71
-73
-80
-84
-84
-85
-81
-84
-98
-105
-112
-96
-92
-89
-101
-111
-118
-113
-94
-73
-60
-56
-50
-52
-51
-53
-49
-47
-43
-43
-49
-47
-46
-42
-40
-38
-31
-25
-20
-18
-22
-22
-22
-12
-7
-8
-24
-21
-10
31
63
72
63
46
31
17
22
35
47
73
97
128
136
150
170
210
245
278
284
280
252
214
175
142
108
92
94
122
145
150
119
74
27
-12
-26
-38
-51
-45
-47
-23
1
37
63
46
43
28
33
48
51
64
74
73
63
58
57
69
55
27
-29
-58
-79
-99
-72
-84
-92
-116
-141
-136
-112
-95
-86
-80
-62
-44
-36
-32
-174
-246
-317
-270
-143
-66
-19
-4
-28
-72
-81
-56
25
100
160
171
154
136
112
95
87
93
98
96
94
88
85
80
77
68
54
39
16
-1
-23
-38
-59
-76
-88
-103
-115
-131
-136
-141
-138
-136
-141
-138
-140
-128
-123
-116
-102
-88
-82
-93
-105
-113
-106
-96
-88
-88
-91
-95
-94
-81
-70
-54
-48
-39
-34
-31
-22
-11
4
12
-1
-19
-40
-57
-71
-84
-89
-99
-112
-134
-147
-149
-146
-132
-117
-103
-90
-86
-73
-67
-63
-63
-61
-65
-70
-65
-70
-61
-48
-36
-22
-21
-18
-19
-11
2
13
19
18
16
9
-4
-14
-30
-40
-37
-16
11
40
56
57
37
26
12
20
16
15
10
1
4
2
11
17
17
29
34
43
41
35
31
23
12
-4
-21
-37
-49
-64
-62
-57
-56
-37
-16
22
48
71
94
107
113
118
127
152
189
203
202
177
134
84
28
-13
-46
-62
-60
-47
-26
-7
21
46
66
68
40
14
-13
-22
-26
-27
-14
-13
-17
-23
-26
-30
-26
-29
-23
-12
-5
-4
-31
-78
-125
-148
-147
-135
-113
-92
-68
-57
-54
-52
-50
-41
-50
-19
6
15
5
-35
-48
-48
-24
-3
12
16
21
28
34
42
57
64
67
63
59
52
43
43
36
34
25
18
7
2
1
1
4
14
21
18
6
-7
-23
-33
-44
-62
-73
-72
-66
-68
-73
-82
-91
-100
-108
-105
-108
-121
-153
-176
-168
-136
-88
-54
-22
-1
23
42
76
98
116
128
147
162
166
152
128
103
82
62
43
33
18
15
12
12
36
52
59
47
18
-21
-46
-62
-81
-87
-85
-74
-58
-44
-21
-6
21
34
39
8
-41
-99
-140
-151
-144
-126
-111
-103
-89
-74
-58
-49
-42
-41
-26
-17
-9
6
-13
-84
-158
-214
-201
-154
-105
-67
-53
-56
-45
-39
-28
-26
-30
-27
-27
-22
-17
-22
-31
-44
-61
-72
-79
-76
-76
-71
-62
-64
-62
-68
-76
-84
-82
-83
-84
-83
-79
-67
-57
-48
-52
-61
-60
-58
-47
-42
-38
-26
-21
-15
1
17
27
34
33
25
23
29
38
61
98
133
166
161
158
169
183
203
207
185
150
103
57
25
9
0
9
26
45
63
66
70
67
55
51
48
57
61
65
61
44
25
-3
-16
-22
-11
8
22
-12
-38
-91
-117
-129
-136
-119
-105
-87
-70
-51
-49
-57
-69
-61
-68
-80
-155
-172
-189
-154
-134
-124
-110
-85
-70
-67
-72
-75
-82
-91
-98
-93
-85
-72
-58
-41
-28
-29
-23
-34
-38
-38
-39
-36
-20
-17
-19
-27
-40
-46
-51
-61
-56
-51
-47
-43
-48
-42
-41
-35
-28
-19
-3
10
12
10
1
-12
-12
-8
-3
-3
-6
-3
-3
2
1
2
5
15
29
35
39
35
43
46
54
60
81
103
129
154
165
188
211
235
248
244
237
220
192
135
59
-13
-60
-87
-96
-93
-80
-62
-35
-10
10
24
45
50
50
29
14
2
15
35
69
-3
-57
-103
-119
-59
-31
-3
10
-22
-56
-78
-50
37
108
174
201
201
191
172
148
128
114
108
102
92
98
116
138
156
153
120
56
7
-42
-42
-53
-61
-69
-80
-82
-81
-79
-79
-82
-90
-107
-115
-118
-110
-98
-83
-79
-88
-103
-113
-117
-120
-112
-101
-92
-100
-107
-117
-123
-119
-114
-101
-96
-103
-121
-149
-163
-178
-182
-188
-190
-179
-157
-103
-43
18
55
79
97
105
113
111
99
83
77
65
48
13
-6
-22
-19
-23
-48
-59
-70
-67
-64
-57
-51
-51
-37
-38
-30
-11
29
80
89
32
-67
-111
-142
-147
-163
-168
-120
-32
30
66
80
79
73
67
66
62
52
36
19
-3
1
3
20
-34
-103
-157
-224
-201
-217
-197
-157
-127
-101
-93
-91
-86
-82
-74
-71
-69
-74
-85
-92
-102
-96
-89
-88
-88
-84
-62
-48
-41
-43
-43
-43
-43
-52
-57
-61
-52
-52
-58
-64
-76
-87
-100
-114
-114
-111
-101
-91
-83
-75
-72
-72
-75
-70
-56
-46
-36
-33
-41
-43
-43
-39
-44
-41
-33
-10
11
35
53
67
76
90
109
136
159
183
195
195
185
168
165
160
149
122
90
61
32
14
9
13
9
10
7
9
17
12
8
3
-5
-2
-1
-5
0
15
40
61
61
12
-59
-136
-201
-192
-156
-111
-82
-85
-98
-108
-54
67
188
255
262
245
236
228
214
204
197
197
197
195
188
183
178
171
160
145
126
109
97
88
80
78
79
76
70
54
36
14
-6
-23
-36
-46
-63
-89
-118
-136
-141
-145
-148
-160
-176
-180
-179
-175
-179
-188
-212
-240
-260
-263
-233
-205
-176
-149
-117
-89
-67
-54
-43
-30
0
23
45
66
71
78
81
77
67
50
40
34
31
19
-5
-29
-62
-78
-80
-73
-65
-64
-63
-55
-46
-33
-30
-22
-11
-11
-6
8
27
30
-40
-90
-184
-180
-177
-155
-126
-101
-32
26
59
56
34
21
9
1
-10
-9
6
-2
-41
-87
-149
-171
-198
-199
-191
-167
-138
-113
-97
-79
-60
-38
-23
-27
-50
-75
-88
-101
-90
-151
-226
-259
-248
-157
-103
-84
-53
-14
4
18
15
29
47
63
67
70
61
52
43
35
22
7
-12
-15
-20
-16
-18
-29
-33
-41
-44
-56
-50
-44
-29
-23
-23
-31
-40
-55
-72
-86
-90
-78
-61
-48
-22
13
68
128
169
202
225
236
228
203
174
143
112
75
28
-29
-72
-86
-79
-63
-43
-44
-40
-32
-15
7
24
41
47
57
53
66
54
29
1
-33
-43
-54
-59
-53
-44
-21
-19
-25
-38
-51
-51
-57
-72
-103
-161
-194
-208
-176
-146
-112
-75
-48
-35
-28
-29
-34
-41
-55
-75
-92
-92
-93
-79
-65
-53
-38
-23
-9
-8
-1
-12
-19
-31
-32
-50
-62
-70
-72
-61
-50
-34
-21
-15
0
15
20
18
16
3
-1
-12
-31
-13
23
72
83
73
57
48
48
42
35
28
13
2
-2
-11
-8
-2
1
11
20
32
33
35
29
36
42
42
56
66
80
94
97
100
101
103
108
110
108
97
79
63
54
43
27
14
-2
-18
-23
-18
-11
2
4
5
0
5
0
-12
-22
-29
-37
-51
-63
-81
-91
-89
-68
-36
-3
11
13
5
-1
-12
-21
-26
-28
-19
-22
-28
-38
-45
-44
-43
-37
-40
-44
-41
-43
-35
-27
-29
-31
-36
-34
-38
-32
-28
-29
-30
-35
-43
-56
-61
-61
-54
-52
-43
-35
-31
-36
-34
-32
-26
-17
-21
-21
-32
-23
-1
28
70
92
110
120
129
140
146
136
102
55
9
-22
-36
-12
15
40
34
9
-12
-34
-44
-57
-64
-66
-54
-43
-34
-27
-9
12
46
54
45
7
-42
-81
-106
-113
-110
-105
-98
-81
-62
-45
-25
-27
-36
-73
-103
-128
-136
-125
-114
-93
-66
-40
-35
-39
-37
-15
14
45
44
-60
-82
-145
-111
-85
-71
-31
13
34
51
71
90
102
105
101
92
91
88
83
77
71
66
54
36
28
24
22
22
22
27
30
23
8
-8
-23
-37
-53
-67
-76
-83
-93
-103
-109
-114
-110
-94
-65
-22
16
47
61
75
81
93
91
91
84
71
57
46
47
43
42
32
23
21
17
8
-1
-12
-25
-35
-31
-24
-16
-25
-33
-57
-82
-104
-113
-116
-105
-85
-59
-38
-29
-31
-39
-37
-37
-31
-18
-6
-2
-24
-53
-77
-86
-79
-70
-52
-78
-101
-130
-132
-116
-99
-78
-58
-46
-53
-65
-65
-51
-45
-47
-67
-77
-87
-50
-17
36
48
45
24
13
-4
-8
-17
-24
-25
-24
-28
-37
-42
-49
-47
-24
27
90
149
182
194
194
196
194
198
202
198
180
156
127
101
79
60
57
38
17
5
-1
-5
-11
-24
-38
-47
-47
-40
-25
-9
5
-10
-35
-68
-85
-88
-79
-63
-46
-33
-29
-26
-23
-15
-6
-5
-21
-38
-47
-59
-72
-85
-93
-93
-79
-71
-72
-76
-84
-89
-102
-108
-107
-101
-88
-80
-73
-64
-52
-42
-41
-50
-54
-63
-69
-73
-79
-85
-90
-97
-103
-109
-120
-129
-144
-144
-104
-53
18
71
117
154
183
203
205
200
196
187
175
162
155
141
115
79
35
-3
-32
-50
-62
-56
-39
-23
-2
15
28
22
10
-3
-11
-35
-68
-103
-111
-105
-80
-54
-31
-14
-6
-15
-27
-35
-51
-68
-78
-76
-60
-45
-27
-44
-74
-102
-132
-136
-129
-106
-73
-58
-62
-70
-68
-55
-31
-24
-14
-11
-7
-2
-4
-4
-7
-8
-7
-5
-6
-18
-32
-49
-58
-57
-54
-49
-45
-40
-38
-34
-29
-25
-25
-34
-45
-56
-71
-79
-90
-109
-131
-144
-118
-88
-21
18
62
97
113
113
106
97
103
93
83
67
65
73
71
60
28
5
-35
-72
-96
-101
-77
-49
-13
7
23
17
7
-19
-37
-32
-39
-35
-21
1
24
18
-30
-82
-128
-157
-158
-155
-122
-88
-43
-3
44
75
81
59
39
38
88
170
215
167
59
-36
-100
-104
-102
-90
-78
-79
-75
-66
-56
-42
-35
-35
-38
-42
-49
-61
-61
-56
-43
-25
-7
-2
-2
-3
-3
-1
-11
-24
-48
-68
-83
-88
-84
-70
-49
-43
-34
-32
-26
-23
-15
-10
-19
-24
-28
-38
-51
-41
-20
20
46
64
71
74
79
90
100
109
111
107
110
117
124
126
129
144
152
143
118
81
51
34
12
2
-12
-21
-6
13
1
-19
-53
-65
-59
-61
-75
-72
-39
7
46
76
103
127
130
116
79
65
38
36
55
76
77
6
-81
-187
-250
-290
-296
-253
-202
-141
-90
-51
-16
15
39
43
30
9
-10
-31
-43
-51
-55
-47
-42
-36
-34
-38
-36
-45
-52
-58
-59
-58
-52
-44
-34
-30
-24
-30
-41
-64
-77
-84
-81
-71
-63
-52
-26
-14
-10
-19
-29
-48
-62
-70
-58
-45
-33
-15
-2
21
45
67
78
86
78
66
54
49
29
21
17
28
42
45
58
58
62
68
55
52
28
12
-10
-45
-55
-45
-27
-8
9
29
39
39
14
-16
-46
-75
-84
-76
-51
-37
-38
-47
-56
-63
-82
-89
-93
-102
-104
-120
-145
-200
-240
-257
-232
-169
-102
-48
-23
-2
27
51
61
65
50
33
0
-32
-63
-81
-83
-72
-58
-46
-23
-6
9
15
13
3
-6
-22
-37
-49
-64
-78
-84
-82
-71
-67
-46
-34
-18
-15
-5
4
11
19
28
36
39
42
42
42
44
40
40
38
45
44
39
40
42
45
58
75
95
114
129
136
142
146
148
143
131
117
100
78
53
30
10
-10
-20
-27
-22
-25
-23
-40
-54
-66
-85
-95
-110
-117
-126
-130
-120
-111
-96
-71
-49
-24
-22
-24
-27
-22
-22
-28
-44
-44
-47
-48
-51
-60
-51
-60
-69
-84
-96
-102
-98
-98
-99
-89
-73
-62
-64
-63
-53
-43
-36
-37
-40
-41
-39
-32
-29
-21
-19
-17
-29
-36
-42
-40
-40
-40
-39
-40
-37
-41
-57
-64
-58
-54
-46
-40
-40
-26
-10
5
20
23
36
49
60
67
65
77
81
96
90
91
84
84
77
74
69
59
34
20
-13
20
49
113
132
118
88
73
66
70
68
66
56
56
55
50
39
30
19
12
4
-14
-14
-18
-16
-6
13
44
28
20
-13
-39
-57
-81
-92
-108
-125
-154
-174
-192
-278
-291
-287
-216
-143
-116
-100
-70
-37
-30
-37
-52
-53
-46
-29
-19
-13
-44
-51
-63
-62
-51
-25
14
66
94
110
111
111
108
96
77
61
45
41
46
50
46
35
19
13
6
0
3
10
24
53
67
63
39
14
-3
-17
-30
-45
-52
-58
-61
-61
-54
-55
-68
-83
-106
-75
-37
36
86
139
167
175
161
129
1
