23
17
10
10
7
-5
-6
-13
-19
-26
-35
-45
-52
-62
-62
-62
-53
-45
-39
-29
-23
-18
-17
-21
-23
-29
-27
-29
-34
-44
-52
-66
-72
-72
-69
-65
-56
-46
-36
-32
-28
-26
-23
-20
-10
-1
5
15
16
15
16
18
23
17
12
6
-4
-10
-5
-5
-4
0
3
3
1
-1
0
-1
0
3
5
5
-1
-11
-21
-25
-23
-15
-9
-3
2
-1
0
4
7
9
12
9
10
6
3
-2
-12
-16
1
91
235
395
533
645
720
752
715
655
574
502
442
380
330
292
258
233
204
175
160
150
152
152
162
164
166
168
173
173
173
171
164
156
152
145
135
123
113
96
83
69
54
39
26
10
-6
-20
-29
-40
-63
-79
-95
-102
-105
-104
-109
-123
-139
-158
-178
-195
-204
-213
-222
-229
-236
-242
-249
-250
-254
-258
-261
-265
-275
-274
-270
-259
-247
-231
-220
-216
-218
-220
-223
-222
-216
-212
-211
-213
-213
-212
-209
-205
-202
-203
-202
-194
-186
-178
-176
-179
-181
-178
-174
-173
-165
-159
-155
-155
-159
-160
-164
-168
-172
-177
-186
-186
-188
-182
-177
-168
-162
-159
-149
-143
-138
-131
-123
-122
-119
-112
-108
-109
-109
-103
-100
-96
-95
-97
-97
-99
-99
-105
-103
-101
-102
-108
-112
-109
-106
-98
-92
-94
-98
-99
-93
-91
-88
-88
-85
-85
-80
-79
-84
-88
-89
-89
-92
-94
-95
-96
-92
-87
-82
-82
-75
-68
-58
-49
-43
-35
-30
-19
-17
-14
-19
-23
-30
-45
-54
-59
-63
-64
-57
-58
-52
-44
-39
-37
-34
-26
-18
-8
0
3
3
0
-1
-7
-10
-17
-28
-43
-50
-49
-48
-46
-53
-57
-53
-52
-53
-62
-68
-70
-63
-56
-46
-35
-33
-27
-25
-24
-25
-20
-15
-15
-13
-6
4
1
-3
-9
-15
-12
-3
2
5
2
-3
-14
-15
-7
0
11
32
43
48
47
51
45
40
35
31
27
23
21
14
8
6
1
-5
-10
-13
-13
-9
-6
-3
-2
-11
-13
-7
-2
6
11
8
14
18
23
29
40
48
53
56
58
54
50
52
50
44
39
27
19
5
-3
-8
-11
-11
-10
-3
3
26
44
56
64
60
56
45
43
31
24
20
13
5
-2
-7
-12
-13
-8
-4
-2
2
9
18
26
35
46
51
48
46
42
44
53
60
59
58
48
44
47
47
47
45
50
48
40
27
18
18
20
35
34
31
22
13
0
-17
-24
-26
-17
-2
18
37
51
56
55
42
29
18
10
2
6
4
0
-6
-6
-2
1
8
6
8
8
12
16
17
31
32
34
26
22
17
13
5
-3
-17
-21
-25
-30
-30
-33
-31
-36
-30
-28
-31
-29
-23
-18
-12
-7
5
18
29
38
39
35
31
23
11
-1
-14
-27
-42
-51
-60
-73
-79
-77
-79
-79
-80
-88
-92
-95
-88
-80
-68
-57
-52
-50
-50
-47
-51
-50
-48
-46
-52
-55
-48
-37
-25
-9
-1
12
18
21
21
18
16
17
12
10
11
8
0
-1
-11
-21
-23
-23
-23
-18
-7
9
27
43
54
61
60
57
51
48
41
29
19
15
10
6
6
7
7
5
2
-2
-3
0
11
20
35
49
59
67
67
77
78
78
79
76
68
61
54
46
32
27
18
13
3
6
9
3
2
-8
-13
-21
-19
-9
-1
8
10
11
6
3
0
5
10
7
1
-9
-9
-12
-7
-2
3
0
-4
-2
0
-4
1
3
3
5
0
-8
-15
-20
-17
-14
-9
-1
-3
-5
-10
-16
-25
-29
-26
-20
-10
-6
-5
-11
-17
-18
-21
-23
-24
-29
-39
-46
-52
-54
-62
-66
-71
-80
-85
-99
-105
-102
-89
-72
-64
-60
-61
-66
-66
-61
-58
-54
-45
-32
-22
-8
8
14
15
3
-12
-16
-9
21
53
92
145
211
292
390
485
537
550
533
501
470
423
374
324
276
234
210
194
186
179
177
177
182
185
187
192
187
174
157
143
128
110
87
64
38
18
-1
-20
-39
-56
-74
-88
-105
-116
-127
-139
-146
-158
-166
-168
-169
-172
-181
-190
-194
-201
-200
-192
-185
-177
-169
-169
-171
-168
-163
-160
-155
-153
-153
-155
-162
-172
-181
-188
-189
-190
-192
-189
-184
-185
-184
-179
-170
-163
-157
-150
-145
-137
-126
-117
-110
-101
-95
-95
-94
-96
-94
-100
-99
-105
-115
-123
-125
-127
-124
-120
-122
-120
-114
-95
-81
-72
-61
-56
-52
-52
-54
-63
-75
-83
-99
-114
-121
-120
-115
-114
-114
-109
-106
-94
-88
-84
-78
-72
-67
-63
-68
-66
-68
-63
-60
-59
-62
-63
-63
-62
-62
-62
-62
-62
-58
-54
-49
-41
-34
-31
-32
-33
-33
-31
-33
-32
-31
-40
-40
-45
-45
-38
-36
-35
-34
-32
-35
-37
-38
-32
-30
-28
-27
-30
-31
-36
-36
-40
-35
-31
-26
-24
-19
-6
-4
3
9
22
22
22
19
15
11
12
12
10
13
11
6
3
-1
-1
-2
-2
-4
-9
-12
-7
-2
-4
-5
-17
-22
-16
-9
-2
-1
-4
-3
-11
-10
-6
-5
0
1
-5
-11
-14
-9
-3
3
6
4
4
7
14
14
14
10
4
-6
-17
-19
-18
-13
-10
-12
-14
-17
-15
-15
-10
-4
0
5
10
18
14
13
17
23
27
30
26
19
17
9
2
-3
-14
-18
-21
-24
-20
-22
-17
-15
-15
-17
-10
2
16
29
37
35
28
17
9
0
-4
-10
-14
-19
-28
-35
-46
-57
-64
-69
-73
-75
-65
-58
-48
-44
-44
-54
-57
-56
-49
-38
-31
-26
-25
-25
-22
-26
-27
-20
-14
-12
-15
-15
-23
-25
-26
-19
-25
-28
-41
-54
-59
-58
-56
-51
-43
-41
-39
-37
-25
-16
-9
-4
-1
-1
-2
-4
-6
-8
-5
-4
-6
-12
-22
-26
-26
-19
-21
-29
-36
-33
-34
-21
-9
2
16
27
35
44
44
41
34
42
80
155
250
361
465
527
538
510
465
428
377
336
286
243
206
179
164
167
173
178
175
169
163
152
145
137
126
109
91
67
44
15
-2
-18
-31
-37
-46
-54
-69
-76
-89
-86
-80
-74
-74
-73
-69
-69
-69
-75
-83
-90
-97
-97
-101
-106
-104
-101
-100
-97
-98
-102
-105
-107
-115
-131
-139
-149
-156
-165
-169
-169
-174
-164
-158
-146
-103
-29
67
148
209
244
269
264
240
200
157
127
102
74
52
29
13
6
0
-18
-38
-65
-89
-115
-145
-172
-192
-190
-173
-141
-113
-90
-76
-69
-67
-68
-63
-65
-64
-59
-57
-59
-63
-63
-66
-69
-62
-42
-7
42
93
124
142
147
145
121
90
37
-8
-44
-62
-71
-80
-78
-74
-72
-73
-80
-92
-105
-110
-109
-103
-91
-81
-71
-66
-63
-63
-72
-82
-90
-103
-114
-122
-136
-146
-158
-164
-177
-188
-196
-201
-207
-206
-202
-204
-199
-191
-182
-176
-169
-162
-162
-158
-153
-149
-145
-145
-138
-137
-136
-130
-123
-120
-114
-111
-107
-100
-90
-85
-86
-82
-78
-77
-74
-67
-63
-59
-53
-55
-60
-63
-60
-57
-60
-63
-67
-66
-61
-52
-45
-37
-25
-13
-10
-12
-14
-20
-22
-18
-20
-23
-22
-24
-35
-42
-49
-55
-60
-64
-61
-56
-49
-43
-39
-45
-51
-57
-60
-62
-62
-68
-69
-68
-70
-69
-69
-68
-70
-75
-80
-86
-91
-92
-85
-75
-71
-65
-71
-77
-79
-78
-72
-64
-54
-48
-40
-32
-26
-17
-17
-13
-8
-9
-10
-11
-15
-23
-35
-48
-63
-67
-61
-58
-48
-41
-34
-28
-19
2
22
38
48
55
61
64
67
62
55
46
35
21
4
-8
-21
-26
-31
-27
-26
-15
-6
-1
0
6
13
125
283
470
617
700
722
698
628
541
455
375
299
252
215
190
181
168
160
158
165
179
197
215
228
234
237
240
234
226
214
194
171
149
136
116
99
80
67
52
40
24
12
0
-3
-9
-18
-31
-46
-58
-69
-75
-63
-31
20
69
89
84
74
49
27
-9
-71
-121
-169
-197
-212
-216
-204
-184
-169
-159
-148
-146
-142
-135
-131
-129
-127
-123
-122
-128
-135
-147
-162
-174
-182
-187
-187
-179
-165
-154
-150
-147
-151
-158
-162
-165
-170
-173
-177
-184
-193
-195
-197
-198
-198
-200
-200
-196
-183
-168
-153
-141
-133
-126
-120
-107
-98
-95
-93
-97
-103
-108
-110
-115
-123
-121
-122
-113
-103
-98
-97
-98
-99
-96
-99
-95
-86
-77
-59
-43
-28
-25
-28
-29
-35
-41
-47
-57
-69
-77
-79
-81
-78
-78
-79
-86
-93
-96
-100
-97
-94
-87
-89
-91
-101
-112
-115
-108
-94
-85
-75
-68
-58
-50
-43
-38
-30
-17
-9
-5
-8
-9
-13
-20
-21
-28
-31
-40
-43
-43
-40
-34
-30
-32
-27
-19
-11
-5
-2
-2
-3
-6
0
-3
-4
-1
3
1
2
3
7
6
5
2
-8
-16
-18
-28
-22
-19
-13
-13
-14
-10
-11
-10
-8
-4
0
8
11
10
10
17
20
18
15
14
7
10
11
18
23
25
26
26
22
22
20
17
15
15
12
7
4
-4
-8
-7
-10
-13
-15
-9
-4
2
7
2
-6
-21
-29
-37
-35
-29
-24
-21
-21
-28
-23
-29
-23
-19
-19
-20
-25
-31
-31
-21
-10
0
4
13
18
24
29
35
37
36
27
21
14
5
6
6
11
14
17
18
20
21
21
20
20
27
37
48
54
55
58
52
48
41
37
24
12
-2
-11
-20
-30
-25
-32
-25
-30
-27
-25
-28
-26
-32
-32
-30
-31
-35
-34
-40
-44
-50
-46
-38
-31
-28
-29
-31
-31
-34
-34
-40
-42
-43
-38
-32
-27
-22
-21
-16
-20
-23
-25
-25
-21
-18
-8
3
6
13
17
18
21
24
22
21
13
14
10
4
-8
-13
-23
-22
-19
-18
-19
-17
-17
-14
-16
-6
0
16
33
45
53
57
61
61
62
59
51
39
32
21
19
18
19
23
14
11
2
-6
-19
-31
-36
-40
-41
-33
-29
-22
-15
-14
-10
-6
-7
-11
-9
-8
-8
-12
-16
-19
-21
-16
-16
-20
-21
-15
-12
-9
-6
2
9
15
16
18
13
18
22
21
19
24
22
25
32
38
33
36
34
34
30
24
16
9
-4
-9
-17
-25
-26
-28
-26
-24
-20
-22
-16
-15
-12
-9
0
14
28
40
46
47
41
34
30
29
29
30
25
18
11
11
10
7
6
1
0
4
19
28
33
37
41
40
43
47
35
29
23
21
16
2
-8
-16
-18
-9
-4
-7
-10
-12
-19
-18
-18
-12
-8
-3
-3
-3
-1
2
4
-1
-6
-6
-18
-14
-7
11
16
13
-13
-41
-43
-12
59
157
279
405
491
532
522
484
445
409
361
312
264
241
227
226
239
250
259
259
257
249
242
236
229
218
206
195
178
162
147
134
122
110
100
88
77
68
54
32
11
-12
-37
-59
-76
-88
-97
-102
-100
-96
-95
-94
-103
-114
-123
-131
-141
-149
-156
-170
-178
-185
-187
-188
-193
-198
-205
-205
-200
-196
-194
-190
-184
-180
-172
-164
-159
-157
-156
-148
-142
-134
-125
-127
-134
-144
-147
-150
-156
-158
-165
-173
-179
-179
-174
-160
-145
-135
-136
-136
-139
-136
-130
-122
-122
-125
-130
-132
-132
-137
-132
-134
-133
-134
-133
-130
-124
-120
-119
-120
-116
-114
-111
-109
-96
-94
-88
-88
-86
-85
-82
-81
-85
-91
-91
-88
-90
-91
-91
-91
-91
-90
-93
-93
-99
-98
-99
-89
-76
-63
-46
-43
-34
-34
-33
-31
-37
-50
-60
-58
-60
-58
-60
-64
-75
-76
-80
-77
-65
-55
-44
-49
-48
-50
-47
-44
-48
-50
-52
-57
-56
-57
-57
-53
-51
-51
-48
-51
-49
-43
-29
-23
-15
-9
-6
-6
-9
-4
-7
-11
-10
-13
-14
-13
-13
-13
-18
-28
-35
-37
-32
-18
-10
-4
-2
-2
-6
-8
-7
-13
-12
-14
-21
-27
-36
-45
-45
-43
-31
-23
-25
-24
-32
-36
-41
-38
-35
-28
-27
-31
-34
-35
-19
-4
10
19
16
14
7
6
4
2
2
-7
-8
-21
-20
-23
-18
-11
-7
-5
-9
-4
-8
-3
0
0
6
15
21
24
24
28
25
21
18
15
14
14
12
8
-1
-13
-23
-25
-21
-20
-16
-21
-18
-9
-7
4
13
24
33
43
43
40
30
22
16
14
21
24
20
16
12
-3
-16
-20
-21
-22
-17
-9
-2
7
12
20
16
11
13
9
4
6
6
9
12
16
11
2
-13
-17
-31
-32
-28
-28
-28
-25
-24
-19
-15
-18
-19
-27
-35
-43
-52
-55
-57
-55
-52
-41
-27
-27
-18
-19
-22
-22
-25
-14
-18
-18
-25
-30
-33
-30
-32
-31
-25
-28
-30
-34
-40
-39
-41
-40
-41
-44
-43
-45
-48
-52
-53
-49
-50
-47
-41
-40
-28
-23
-18
-23
-28
-33
-40
-43
-41
-45
-50
-54
-62
-62
-66
-70
-76
-84
-89
-91
-88
-78
-63
-49
-37
-25
-31
-33
-38
-28
-24
-24
-18
-23
-29
-34
-31
-34
-28
-17
-8
-4
-10
-6
-7
-3
-5
-3
1
0
2
0
-3
-11
-19
-29
-41
-37
-38
-33
-22
-22
-25
-26
-27
-23
-14
-9
2
3
3
4
0
-12
-13
-13
-15
-20
-26
-31
-26
-22
-20
-19
-19
-20
-25
-28
-24
-22
-21
-11
-5
-6
-7
-5
-7
-12
-4
-1
-3
-6
-12
-21
-23
-20
-14
-11
-16
-16
-24
-21
-16
-10
-9
-13
-16
-17
-13
-4
6
8
14
21
24
25
21
12
8
-2
-8
-18
-22
-21
-13
-12
-12
-10
-14
-18
-22
-20
-21
-17
-17
-17
-12
-8
-4
-7
-6
-24
-33
-47
-56
-63
-73
-74
-77
-77
-84
-83
-86
-79
-69
-56
-50
-49
-46
-48
-49
-48
-48
-49
-44
-31
-21
-11
4
15
12
-2
-23
-27
8
70
160
260
373
466
506
507
478
451
414
376
323
269
228
202
184
178
178
174
174
164
158
149
139
129
112
93
78
69
62
54
50
35
15
3
-12
-22
-34
-47
-58
-67
-78
-85
-103
-123
-129
-134
-134
-130
-124
-120
-111
-101
-91
-88
-87
-87
-93
-94
-99
-107
-116
-122
-127
-131
-136
-140
-149
-163
-176
-191
-201
-206
-200
-194
-186
-181
-178
-173
-168
-159
-153
-152
-119
-56
39
142
213
269
301
308
284
232
184
153
116
97
69
50
30
18
13
0
-10
-28
-42
-52
-46
-34
-32
-26
-23
-19
-18
-24
-25
-30
-30
-31
-31
-34
-39
-44
-56
-59
-56
-49
-41
-35
-35
-37
-37
-36
-35
-42
-49
-56
-61
-65
-68
-73
-80
-86
-94
-102
-108
-103
-104
-96
-94
-94
-96
-100
-99
-101
-103
-102
-104
-109
-113
-110
-105
-93
-94
-99
-109
-114
-105
-106
-105
-103
-105
-105
-108
-106
-105
-99
-91
-87
-86
-90
-91
-95
-94
-93
-96
-102
-104
-109
-113
-117
-109
-105
-105
-102
-96
-88
-75
-62
-52
-46
-39
-36
-38
-40
-41
-41
-43
-46
-45
-50
-52
-55
-63
-72
-79
-87
-92
-96
-91
-92
-92
-95
-101
-104
-105
-94
-92
-82
-81
-82
-81
-79
-69
-67
-61
-55
-46
-44
-48
-50
-52
-53
-49
-48
-48
-48
-45
-46
-37
-27
-14
-4
4
7
11
13
20
21
17
16
14
8
11
9
1
-4
-8
-13
-15
-17
-17
-21
-24
-31
-34
-43
-48
-50
-54
-51
-46
-46
-41
-39
-35
-34
-26
-17
-11
-3
2
4
3
-3
-10
-10
-4
3
15
18
20
19
18
17
18
25
29
35
43
45
49
48
52
51
49
55
58
60
63
63
61
61
61
59
57
58
52
42
32
22
16
8
7
2
4
11
18
27
34
43
51
51
52
51
45
36
31
21
13
5
-3
-17
-34
-46
-55
-64
-66
-65
-66
-61
-60
-56
-56
-56
-57
-56
-50
-44
-45
-51
-52
-53
-45
-41
-35
-33
-36
-29
-28
-29
-28
-27
-27
-28
-24
-27
-26
-34
-34
-30
-25
-14
-11
-9
-9
-2
5
11
20
22
19
8
1
-7
-10
-11
-7
-17
-17
-21
-21
-25
-25
-24
-21
-16
-11
-7
-2
7
14
21
28
28
32
32
34
26
26
26
23
27
32
43
47
46
50
52
53
52
53
61
64
68
68
61
57
54
57
58
59
61
61
60
58
54
48
50
44
42
39
43
44
50
56
65
60
59
58
55
52
49
37
29
16
11
4
-3
2
-1
-3
-15
-19
-31
-33
-33
-34
-33
-29
-21
-16
-5
6
14
15
15
6
3
1
0
-3
-7
-13
-22
-30
-34
-39
-48
-59
-61
-64
-69
-71
-75
-80
-89
-95
-105
-116
-116
-111
-104
-101
-97
-93
-88
-83
-73
-68
-58
-48
-47
-50
-53
-52
-58
-60
-64
-67
-68
-66
-57
-51
-39
-30
-17
-11
-6
4
4
8
14
18
14
13
5
-3
-14
-23
-32
-43
-48
-53
-55
-56
-56
-53
-51
-42
-31
-22
-10
-2
7
10
22
24
26
26
25
23
20
10
4
-1
-9
-7
-11
-7
-3
-2
-4
-5
-8
-10
-10
-3
12
20
29
41
43
50
53
51
45
40
34
27
27
23
23
19
12
6
0
-2
1
7
8
8
4
3
3
0
4
7
9
11
10
15
14
8
2
2
-1
-3
-6
3
0
-3
-6
-6
-10
-16
-14
-19
-16
-21
-24
-21
-23
-21
-24
-20
-9
-3
0
0
1
0
-3
-4
-5
-5
-2
4
10
20
30
31
16
1
10
46
107
195
294
395
462
484
465
422
387
351
322
290
259
231
211
200
192
189
186
177
164
149
141
126
115
101
86
69
51
41
22
10
-12
-29
-54
-68
-79
-87
-91
-97
-103
-112
-117
-116
-121
-118
-120
-116
-122
-132
-143
-153
-156
-154
-149
-145
-142
-142
-151
-154
-156
-157
-160
-162
-161
-159
-154
-148
-144
-143
-140
-137
-134
-133
-129
-127
-125
-122
-125
-130
-130
-127
-124
-118
-117
-117
-121
-125
-122
-120
-115
-111
-110
-105
-100
-93
-96
-93
-93
-92
-92
-95
-91
-92
-92
-85
-85
-87
-96
-96
-98
-89
-82
-75
-79
-86
-97
-107
-111
-108
-102
-105
-102
-98
-95
-92
-88
-83
-80
-82
-88
-98
-106
-102
-98
-83
-69
-58
-52
-49
-41
-42
-41
-40
-37
-37
-37
-35
-35
-36
-34
-37
-42
-39
-39
-37
-33
-29
-26
-30
-32
-26
-17
-6
9
14
20
20
23
20
18
20
13
1
-9
-19
-32
-45
-51
-56
-60
-60
-60
-58
-52
-44
-40
-44
-46
-46
-42
-30
-14
1
8
13
12
9
13
7
1
-5
-6
-9
-14
-20
-21
-28
-29
-28
-35
-36
-40
-38
-38
-32
-22
-15
-10
-7
-9
-13
-11
-1
3
5
0
-3
-1
3
17
21
21
16
20
19
25
21
14
3
1
-1
-4
-16
-17
-23
-32
-37
-50
-58
-58
-51
-44
-39
-36
-33
-31
-25
-21
-17
-19
-21
-19
-25
-25
-20
-25
-27
-28
-38
-43
-52
-59
-60
-57
-55
-52
-50
-43
-30
-19
-6
5
14
17
16
16
15
8
3
0
-1
-1
-1
-3
-2
-2
1
6
9
16
11
10
15
11
5
2
0
-6
-10
-17
-16
-17
-18
-19
-12
-4
9
23
25
28
27
25
19
11
4
-8
-8
-17
-30
-34
-40
-44
-49
-43
-43
-40
-37
-41
-48
-52
-55
-54
-51
-49
-37
-33
-22
-16
-9
-8
-8
-10
-14
-16
-7
-9
-12
-19
-30
-35
-39
-38
-26
-15
6
28
37
46
49
50
44
47
48
48
45
42
37
37
39
34
24
12
10
2
-5
-7
-9
-13
-19
-20
-17
-11
-4
-4
0
1
5
1
-3
-13
-23
-38
-45
-47
-49
-45
-43
-44
-43
-42
-37
-34
-29
-22
-19
-15
-16
-20
-21
-25
-27
-24
-20
-18
-21
-29
-38
-46
-48
-50
-43
-45
-46
-46
-45
-41
-47
-52
-62
-63
-58
-40
-28
-19
-12
-6
1
9
10
5
0
-3
-8
-7
-9
-10
-11
-20
-21
-26
-31
-36
-31
-24
-9
1
0
4
15
61
126
220
323
423
483
495
476
437
400
361
318
273
239
210
185
177
170
175
175
176
168
153
138
117
98
70
47
25
2
-5
-3
-2
-1
-7
-12
-27
-36
-39
-46
-51
-63
-80
-103
-119
-129
-137
-137
-140
-141
-141
-141
-134
-124
-111
-101
-93
-89
-82
-77
-79
-85
-93
-97
-104
-102
-106
-105
-105
-105
-109
-116
-117
-112
-106
-101
-93
-82
-74
-66
-64
-59
-51
-42
-37
-38
-35
-33
-29
-31
-35
-45
-54
-64
-73
-78
-79
-73
-66
-61
-56
-53
-55
-53
-47
-47
-44
-43
-44
-46
-50
-50
-52
-48
-14
73
189
306
378
410
411
374
318
244
189
151
118
94
77
65
59
57
47
31
17
12
13
14
19
19
16
10
9
12
13
17
22
25
28
33
34
32
30
18
-2
-24
-38
-57
-70
-80
-85
-86
-62
-23
22
63
84
85
81
74
59
29
-10
-44
-72
-80
-84
-82
-79
-71
-63
-59
-66
-72
-82
-96
-109
-124
-134
-147
-158
-166
-173
-174
-168
-163
-164
-164
-170
-176
-179
-178
-173
-168
-157
-157
-159
-163
-159
-154
-153
-143
-139
-134
-129
-126
-127
-134
-139
-145
-147
-150
-151
-152
-147
-137
-136
-137
-138
-135
-130
-123
-116
-118
-119
-119
-115
-111
-106
-97
-91
-98
-105
-108
-108
-100
-92
-87
-90
-86
-88
-89
-90
-86
-80
-78
-77
-78
-84
-86
-88
-88
-88
-83
-83
-87
-86
-86
-80
-76
-68
-63
-61
-57
-52
-49
-51
-50
-53
-58
-66
-74
-79
-88
-89
-95
-98
-96
-92
-93
-87
-82
-77
-80
-78
-74
-79
-76
-73
-68
-64
-62
-61
-63
-59
-50
-44
-40
-39
-38
-42
-45
-46
-36
-27
-15
-9
-5
3
12
15
9
0
-7
-17
-22
-27
-27
-25
-21
-15
-16
-8
2
10
16
24
25
26
32
39
44
47
53
48
38
32
29
26
25
28
25
23
14
16
10
2
-3
-9
-15
-7
1
4
12
18
23
21
21
23
25
24
20
20
19
21
23
27
23
22
26
30
28
29
23
19
12
5
-4
-7
-5
-7
-9
-15
-15
-11
-1
3
5
8
13
16
24
34
42
41
39
-55
