-6
-5
-10
-12
-8
-7
-8
-6
-1
9
27
51
63
64
65
61
52
45
41
35
30
32
28
26
22
21
20
16
15
13
10
6
1
-1
-4
-2
-1
2
8
18
21
24
29
29
26
23
31
39
39
45
51
45
39
29
27
17
12
10
4
-6
-12
-12
-16
-7
-3
5
2
6
11
9
11
9
12
10
12
8
1
1
5
14
12
22
24
27
25
25
26
23
23
17
6
6
13
25
32
42
43
41
38
39
36
33
31
22
15
12
19
20
23
19
13
-1
-16
-17
-10
2
15
19
22
21
30
32
39
44
47
47
45
38
31
21
14
5
-5
-15
-26
-39
-46
-53
-57
-60
-53
-54
-46
-46
-45
-41
-46
-44
-45
-49
-41
-26
-8
7
20
26
30
33
39
41
45
48
53
50
45
38
33
35
39
38
36
31
33
29
30
29
27
17
9
5
5
8
15
16
15
15
23
29
37
43
43
44
43
42
40
38
39
39
37
37
36
34
36
44
45
43
40
36
28
31
35
44
53
60
66
67
70
71
72
67
61
51
39
32
29
25
22
22
21
18
12
9
5
8
16
24
31
31
33
31
35
37
36
34
30
28
23
26
26
28
25
21
18
9
8
8
11
11
14
7
1
-3
-5
-5
-13
-12
-20
-25
-26
-29
-33
-39
-42
-44
-50
-53
-51
-39
-33
-20
-20
-15
-9
3
12
10
12
6
3
-3
-4
-14
-12
-12
-17
-21
-27
-23
-22
-18
-13
-7
-7
-5
-9
-16
-10
2
12
9
8
7
3
-7
-12
-14
-10
4
7
13
21
35
39
42
41
37
31
25
19
20
11
11
5
-2
-1
2
0
-6
-4
-8
-3
0
17
29
40
48
50
51
50
52
44
35
27
19
17
16
17
12
6
-1
-14
-19
-20
-15
-17
-8
4
15
18
17
15
14
19
25
27
16
8
3
-3
3
9
13
7
7
8
7
13
20
22
27
25
25
25
19
18
7
4
2
3
4
1
-3
-7
-3
1
0
-2
3
19
34
43
46
42
34
28
26
15
9
-3
-11
-21
-26
-29
-31
-30
-25
-21
-29
-27
-23
-17
-11
-10
-11
-10
-6
5
13
24
33
37
28
27
24
18
13
12
7
2
-1
-5
-8
-7
-5
4
9
17
19
20
19
26
31
35
39
39
33
25
24
21
22
20
18
14
11
15
15
18
22
27
28
28
27
27
28
31
27
25
19
18
20
25
28
33
33
30
32
29
30
35
38
36
41
42
44
44
47
48
46
40
39
34
31
25
27
24
33
32
30
20
13
3
-4
-4
-4
3
7
18
22
21
26
21
22
17
23
17
10
2
-5
-10
-21
-26
-34
-33
-27
-22
-24
-24
-20
-22
-16
1
16
25
33
35
34
32
29
27
22
18
15
6
-2
-16
-18
-20
-8
-5
3
17
36
52
51
48
41
34
34
35
39
38
34
21
7
-1
2
17
25
37
40
35
35
35
34
40
39
41
45
43
47
45
48
48
41
29
20
14
10
5
2
-5
-14
-8
-2
9
21
33
42
43
45
42
38
35
36
37
36
41
34
23
14
12
6
3
-2
-3
-5
-6
-6
-4
-5
1
4
5
-1
-5
-11
-15
-19
-28
-33
-39
-36
-38
-40
-35
-34
-33
-29
-18
-4
7
13
12
4
5
6
3
2
2
-2
-8
-15
-15
-20
-20
-16
-16
-16
-13
2
17
35
48
67
72
80
82
76
64
56
46
38
32
20
15
13
17
18
18
26
31
36
37
40
38
38
38
37
32
29
32
31
30
34
31
30
27
34
30
30
29
26
21
15
19
20
25
27
36
35
33
30
25
29
29
25
16
8
-1
-9
-9
-7
-5
-8
-5
-1
-1
6
14
24
30
35
38
32
29
31
39
39
40
33
31
24
23
15
4
-1
-19
-34
-51
-58
-71
-73
-67
-59
-50
-40
-26
-12
8
23
29
28
24
27
29
36
45
53
55
54
44
35
32
35
34
23
15
10
2
-5
-11
-11
-7
3
11
21
35
43
44
38
32
31
25
19
19
18
18
22
20
22
24
25
22
17
21
19
7
-8
-19
-29
-33
-27
-20
-10
5
25
41
57
70
76
79
81
88
87
89
83
77
62
46
37
28
22
13
12
18
20
16
7
-4
-10
-11
-9
5
14
18
14
12
13
14
22
26
31
35
39
44
36
35
25
15
12
11
13
9
11
14
19
25
30
32
27
24
20
22
22
19
14
13
15
16
18
21
30
38
47
57
62
60
55
55
45
44
47
49
53
47
40
26
20
17
19
16
11
11
3
4
12
13
19
22
24
22
22
25
29
31
42
44
49
47
45
42
38
41
37
27
13
6
2
-2
5
8
16
23
31
42
47
50
39
26
15
11
9
11
14
9
4
2
12
14
21
27
23
18
8
7
0
3
12
12
10
4
5
-3
-7
-13
-19
-23
-27
-23
-19
-10
-2
5
5
5
5
9
15
16
14
9
9
10
9
5
5
3
-2
-6
-14
-18
-15
-10
-2
7
20
23
24
15
17
8
5
7
2
-3
-14
-13
-12
-7
-6
-11
-18
-27
-20
-17
-7
4
7
6
8
6
7
13
16
18
18
15
12
7
2
-5
-13
-26
-34
-43
-42
-40
-25
-10
2
16
23
31
31
37
39
41
44
41
40
40
32
29
17
17
9
2
-3
-5
-8
-14
-13
-19
-22
-21
-15
-11
0
11
21
28
32
37
32
32
29
28
23
21
18
7
-3
-7
-10
-16
-20
-24
-23
-14
-2
5
8
12
15
18
23
31
35
38
39
35
24
12
7
8
11
8
12
12
18
26
33
34
43
47
52
52
49
41
37
35
38
32
26
24
14
6
-3
-14
-21
-27
-28
-29
-26
-21
-16
-8
-2
12
16
32
43
55
56
57
61
64
67
69
67
58
58
50
41
38
37
35
32
36
38
37
30
21
16
7
6
-3
-7
-11
-8
-4
-6
-6
-7
-17
-25
-27
-28
-26
-27
-31
-41
-50
-50
-51
-39
-22
-11
-11
-11
-13
-10
-5
4
15
16
19
19
14
11
12
19
20
28
32
36
46
53
58
52
47
48
43
46
49
44
34
27
19
18
16
16
18
11
13
15
16
19
24
29
30
37
40
36
33
35
36
36
38
37
36
37
39
39
43
44
40
34
32
32
27
26
24
24
18
13
6
-4
-10
-16
-23
-27
-27
-26
-26
-23
-18
-12
-14
-13
-17
-25
-30
-31
-23
-21
-14
-18
-25
-33
-28
-27
-31
-31
-32
-29
-20
-8
4
10
16
16
13
15
13
11
3
-1
-1
-1
-2
-1
-1
-1
-5
-13
-15
-16
-6
4
21
40
51
59
61
63
56
49
49
46
44
44
47
45
45
43
44
43
45
48
48
43
43
43
40
39
35
29
32
35
43
44
49
55
56
59
56
66
66
72
65
59
53
54
53
42
38
29
19
10
4
-1
-5
-2
-5
-5
-1
6
9
15
19
25
24
24
24
22
22
25
30
27
29
35
42
47
49
44
41
33
34
29
33
35
35
30
24
16
7
4
7
7
5
9
8
2
-1
-4
-1
2
7
7
2
0
-3
-1
-4
3
10
17
18
26
27
25
30
27
24
19
17
12
7
4
-5
-11
-17
-18
-22
-21
-25
-34
-52
-69
-82
-90
-84
-68
-48
-41
-37
-33
-20
-7
13
20
25
33
37
36
37
40
44
40
41
34
30
28
25
24
19
21
24
18
14
13
13
10
10
12
10
16
25
32
34
36
32
26
24
19
18
18
23
21
20
19
20
16
12
11
1
-7
-10
-4
-1
6
14
17
19
15
21
13
14
9
7
-4
-11
-19
-27
-28
-24
-22
-27
-30
-36
-36
-33
-27
-24
-25
-22
-17
-6
6
17
27
24
24
15
15
14
17
19
16
23
25
23
20
14
9
10
12
19
21
23
31
33
34
38
40
39
38
35
29
26
32
29
29
23
22
13
11
14
13
15
18
21
20
21
17
21
19
16
8
-1
-8
-7
-4
-1
2
1
3
4
13
21
24
29
27
24
20
10
3
-4
-2
-1
8
7
8
10
5
0
-7
-16
-21
-19
-23
-11
-3
6
12
15
24
26
33
40
51
58
57
57
50
49
53
48
44
38
43
45
52
56
63
64
64
67
68
75
77
77
67
58
51
35
24
14
7
-1
-4
-9
-16
-20
-20
-25
-27
-28
-29
-28
-24
-18
-11
-15
-13
-14
-15
-9
-2
5
8
12
11
8
-1
1
-3
0
-2
-2
-4
-7
0
-8
-6
-3
-1
-2
1
9
6
2
2
0
7
8
15
18
19
25
29
30
32
28
28
27
33
33
25
25
26
32
36
43
52
53
50
49
43
42
43
39
34
37
39
41
45
47
42
38
36
34
31
23
20
17
25
33
37
27
18
7
5
-1
2
3
1
0
-3
3
15
31
47
51
56
59
54
57
59
56
50
44
40
29
17
7
4
1
2
4
-1
2
6
15
18
23
21
13
9
15
18
21
20
12
9
7
12
9
10
7
1
-12
-17
-15
-14
-8
4
16
20
17
21
11
19
30
42
47
49
45
33
24
16
11
3
-4
-6
-3
9
22
27
27
30
31
26
23
16
9
-9
-19
-33
-46
-49
-52
-52
-48
-41
-36
-34
-26
-23
-19
-22
-24
-31
-36
-35
-26
-22
-21
-22
-24
-24
-25
-17
-12
-5
3
5
4
0
1
-3
2
1
-3
-10
-13
-10
-15
-14
-9
-4
3
4
13
17
23
27
25
24
16
22
20
19
16
9
0
-5
-4
-6
-6
-5
2
7
18
24
25
26
25
25
22
21
21
25
31
41
47
50
58
64
58
52
43
37
36
36
35
36
40
45
47
48
49
48
46
43
42
33
25
21
18
18
22
34
42
50
50
43
40
34
29
22
25
33
42
42
46
47
44
44
44
42
44
47
53
57
59
62
60
55
51
44
40
41
45
50
50
49
43
41
42
45
43
42
41
37
30
20
17
17
19
25
26
27
27
30
25
22
22
22
21
21
22
23
23
23
19
12
3
-3
-13
-17
-16
-12
-12
-2
5
10
14
20
27
26
29
28
29
34
38
41
36
40
37
41
46
52
56
55
54
54
48
44
44
39
36
31
25
17
5
1
-1
-9
-14
-26
-36
-36
-33
-28
-26
-16
-20
-29
-48
-53
-58
-45
-35
-20
-10
-1
13
19
28
35
36
30
19
16
11
11
11
9
2
-1
-6
-8
-5
0
8
7
10
7
0
-2
-5
0
6
18
21
18
13
11
13
14
19
19
17
13
18
21
22
27
29
32
35
44
52
54
51
37
28
24
25
14
5
-4
-10
-17
-16
-17
-21
-19
-15
-7
-5
-1
3
5
12
20
23
18
11
11
4
0
-5
-15
-24
-27
-26
-22
-15
-6
1
1
6
4
6
10
13
16
13
19
19
18
17
17
19
14
11
0
-8
-12
-13
-14
-9
-3
3
8
12
23
25
29
29
28
23
19
26
31
39
46
50
51
52
56
50
49
51
52
50
46
39
28
30
39
51
48
42
33
23
18
12
10
4
-9
-20
-31
-29
-27
-20
-14
-6
6
8
16
32
42
46
46
44
35
29
25
20
15
12
3
-7
-15
-18
-20
-21
-15
-8
4
20
33
47
50
49
42
34
31
29
23
18
18
12
7
-3
-7
-12
-17
-16
-21
-22
-21
-14
-12
2
12
23
23
27
27
22
21
19
24
21
22
17
17
15
16
21
20
23
23
23
22
22
22
24
29
26
23
22
26
26
27
30
31
32
33
35
36
38
39
34
26
17
17
11
10
13
21
24
24
26
21
22
16
12
-1
-12
-19
-21
-15
-1
12
23
32
39
35
36
38
44
36
29
14
5
-1
3
6
2
6
3
3
2
7
13
18
28
30
31
31
34
33
30
29
22
12
1
-6
-11
-15
-13
-13
-16
-13
-11
-4
2
14
19
19
24
28
28
26
26
29
26
20
16
8
6
9
14
15
22
25
26
32
32
27
19
14
16
11
13
16
15
15
17
14
10
2
4
5
7
0
-3
-5
-6
-4
-6
-10
-3
-1
-7
-14
-15
-17
-17
-23
-29
-31
-24
-15
-18
-21
-26
-26
-27
-28
-18
-13
-3
10
21
27
28
31
32
40
51
59
53
40
26
16
21
31
45
46
44
42
36
39
44
45
41
40
30
19
7
4
-1
-8
-15
-24
-35
-40
-35
-29
-21
-12
-8
-10
-9
-6
1
8
18
21
25
27
32
35
38
45
48
48
43
35
25
22
25
25
22
23
29
26
27
27
25
25
25
26
22
20
19
16
14
18
17
17
16
21
22
16
12
14
8
3
3
2
-6
-6
-9
-10
-6
1
4
1
2
2
5
8
15
22
26
30
34
35
40
43
43
44
42
34
28
25
31
33
35
35
32
22
13
5
-2
-9
-9
-9
-5
-1
8
4
3
0
-2
-1
0
-1
-5
-6
-13
-22
-28
-29
-35
-42
-42
-40
-33
-29
-22
-13
-9
-1
6
11
6
-1
-11
-20
-27
-24
-19
-16
-13
-9
-7
-6
-1
11
20
33
43
50
47
43
37
31
31
20
12
9
9
2
-2
-7
-9
-7
-2
3
8
15
21
25
28
27
30
32
36
37
37
34
32
31
25
19
18
19
12
12
13
20
31
44
50
48
46
45
44
44
47
47
48
47
40
33
25
19
12
7
6
8
11
14
19
22
21
28
28
28
23
22
14
13
5
2
-5
-9
-7
-10
-10
-12
-15
-19
-21
-22
-27
-27
-29
-24
-18
-3
16
27
34
36
32
19
10
-1
-7
-12
-7
-6
-7
-9
-12
-9
-5
5
7
8
3
5
4
2
2
0
-2
8
12
14
17
24
27
26
22
16
7
0
-3
-12
-15
-7
-8
-3
1
15
24
33
42
49
47
45
38
28
29
32
33
31
31
37
37
39
42
45
45
52
55
60
59
60
53
46
38
28
17
14
14
16
16
19
21
23
23
24
23
24
29
29
26
30
36
40
45
48
54
55
58
58
58
51
45
36
26
15
10
0
2
4
8
11
17
29
32
35
28
18
9
10
17
31
42
44
43
31
22
17
12
15
13
13
14
14
18
12
10
6
8
10
11
9
-1
-4
-7
-8
-10
-7
-4
7
14
21
19
15
17
12
10
-3
-4
-9
-11
-15
-27
-36
-48
-48
-50
-43
-28
-21
-7
8
24
31
36
36
34
21
11
6
-2
-8
-19
-30
-48
-44
-38
-27
-11
5
22
28
23
23
22
33
42
52
59
70
76
82
84
86
79
71
70
71
66
59
51
44
38
41
40
34
24
22
19
17
17
11
8
6
5
1
0
1
-1
-2
-2
8
13
16
22
23
25
25
28
30
29
33
34
34
32
33
30
34
34
33
33
35
39
39
42
48
54
49
49
43
39
36
38
35
32
35
34
33
33
28
25
16
18
13
7
-2
-7
-12
-15
-12
-11
-12
-10
-6
-5
2
4
4
1
-2
-1
-3
-7
-9
-16
-24
-30
-30
-30
-27
-26
-22
-18
-16
-10
-6
-1
6
10
5
1
8
8
16
24
33
33
35
36
28
23
15
18
18
20
19
13
10
12
13
10
16
16
15
8
6
5
-2
-1
-9
-17
-22
-23
-19
-12
2
14
25
32
39
37
38
42
42
40
39
39
37
39
42
39
27
15
8
0
3
8
9
6
-2
-13
-29
-32
-31
-23
-18
-16
-2
-2
7
13
14
9
8
5
-4
-3
-1
0
4
7
7
11
16
24
35
40
50
47
39
39
46
53
57
58
54
50
49
51
48
44
35
28
24
22
19
3
-7
-7
-11
-12
-10
-1
5
10
8
10
13
15
18
14
16
23
33
42
49
52
47
43
35
24
5
-13
-28
-33
-25
-21
-13
-5
-7
-8
-17
-21
-9
-3
6
20
28
35
30
36
33
32
32
26
26
20
27
29
34
41
44
46
48
56
59
63
67
66
65
61
61
57
56
56
56
47
39
31
18
13
6
6
3
-1
3
-1
-1
-1
-5
-5
-1
1
3
8
16
25
27
26
21
13
11
12
17
12
8
-4
-12
-17
-12
-7
-7
-5
-3
-9
-13
-13
-19
-16
-3
11
12
11
8
3
3
11
16
18
24
30
27
19
14
5
-1
1
5
6
11
13
13
8
4
6
10
16
18
24
19
22
17
18
16
13
12
11
6
-1
-9
-14
-10
-6
-3
-4
-7
-17
-25
-27
-33
-38
-35
-35
-36
-40
-39
-35
-27
-20
-17
-17
-13
-6
0
8
17
20
20
17
17
9
6
12
13
13
12
18
22
29
32
34
36
31
35
32
37
44
47
38
30
21
21
22
23
21
16
15
11
5
7
13
14
11
9
3
-2
-5
0
5
7
15
19
22
24
32
39
43
43
44
43
48
52
49
44
44
40
39
35
37
27
19
9
6
12
16
22
19
19
28
32
30
20
6
0
-6
-5
-7
-7
-7
-6
-21
-27
-32
-35
-34
-24
-14
-10
-12
-6
-3
-7
-15
-25
-29
-21
-12
-4
-2
-1
0
0
3
12
13
14
11
14
9
4
9
10
12
8
-1
-9
-9
4
13
26
37
46
46
46
47
44
39
37
27
16
9
2
-11
-23
-27
-21
-11
-1
4
5
10
11
11
13
20
22
18
9
5
8
14
24
27
27
23
19
10
2
4
5
6
1
-3
-2
-2
2
5
9
23
37
41
45
46
46
47
45
42
34
18
5
-3
-9
-17
-22
-27
-28
-21
-18
-14
-13
-8
-5
4
5
7
5
8
17
20
20
22
24
25
28
30
29
36
47
59
61
58
50
40
33
32
30
33
29
32
26
27
28
24
13
12
6
6
0
4
5
6
6
3
3
5
17
27
34
44
48
46
38
39
37
38
38
36
29
20
16
12
15
21
29
25
25
22
14
14
18
19
24
19
21
15
12
7
2
-7
-5
-6
-8
-12
-11
-12
-4
11
25
29
33
36
37
28
25
11
3
-3
-2
-1
-2
4
0
-3
-11
-15
-20
-23
-20
-14
-7
9
29
43
61
71
75
72
67
62
59
52
49
46
43
42
43
45
42
39
36
30
22
23
23
27
24
18
11
13
18
20
19
15
9
8
12
13
11
6
10
15
16
22
22
26
30
36
39
33
33
25
16
4
3
4
9
7
7
0
4
7
14
24
31
28
24
18
25
30
35
42
38
33
24
20
21
21
21
15
11
1
-1
-10
-15
-12
-11
-18
-30
-43
-58
-61
-59
-49
-36
-16
12
30
42
46
48
48
52
52
49
47
47
38
36
30
28
23
18
16
12
1
0
-6
-10
-15
-11
-13
-15
-22
-33
-45
-54
-52
-49
-44
-39
-33
-34
-33
-32
-30
-25
-16
-14
-7
-11
-5
-3
5
6
6
4
2
7
7
7
13
15
12
9
11
11
17
27
28
21
21
22
29
30
40
47
46
42
31
21
14
12
14
15
24
27
33
35
43
54
60
73
73
69
59
55
54
63
74
74
66
55
53
53
58
65
64
64
63
60
56
51
48
40
29
27
24
18
17
28
35
36
35
26
28
20
14
8
-1
-4
-6
-9
-3
10
16
18
25
28
36
43
49
53
53
55
58
51
40
32
22
17
6
-4
-13
-15
-16
-18
-20
-21
-16
-20
-22
-21
-23
-19
-14
-7
-4
-4
0
-4
-3
-4
-5
-11
-17
-13
-16
-18
-26
-35
-38
-43
-40
-38
-25
-5
11
18
20
20
20
23
26
32
35
41
41
40
41
43
43
39
28
22
18
22
35
44
47
52
54
62
59
58
49
43
40
33
26
24
27
30
35
34
31
22
14
15
10
6
0
-1
-5
-4
-3
-5
-2
2
1
7
5
9
8
9
11
7
1
-3
0
1
2
2
4
7
13
17
21
25
38
44
45
48
41
37
33
31
27
17
13
8
3
-1
-3
-5
-16
-19
-25
-27
-21
-12
-3
-1
-1
1
-2
1
5
4
8
12
14
14
10
13
17
33
43
46
37
31
34
34
37
40
38
38
38
33
33
36
42
47
42
41
40
39
45
52
58
54
54
50
44
39
36
32
20
16
18
19
22
26
23
20
16
10
6
2
3
7
9
11
10
8
11
20
25
29
28
26
18
17
18
15
16
13
9
5
2
1
-4
-5
-1
2
5
6
7
11
19
32
42
43
39
35
24
19
18
16
13
14
11
11
12
20
29
36
45
49
52
59
69
75
75
76
68
55
43
35
3
