-72
-78
-90
-93
-99
-99
-100
-101
-99
-103
-95
-91
-88
-78
-68
-60
-52
-46
-35
-35
-26
-19
-9
4
18
32
41
41
37
34
16
0
-12
-18
-18
-18
-7
0
9
13
11
1
0
-4
-7
-15
-21
-26
-31
-33
-30
-28
-30
-29
-32
-33
-28
-22
-22
-16
-13
-10
-11
-4
2
5
7
12
18
10
9
5
-2
-5
-6
-12
-14
-17
-28
-44
-56
-66
-77
-85
-84
-85
-80
-76
-74
-80
-78
-73
-63
-58
-46
-27
-16
-5
0
5
12
13
18
18
20
19
15
9
3
1
-15
-18
-29
-34
-39
-43
-38
-36
-35
-35
-31
-27
-28
-22
-24
-25
-24
-19
-18
-13
-7
-7
-6
-4
-5
-14
-14
-13
-17
-16
-10
-6
-4
-1
-1
-2
-8
-12
-20
-25
-20
-21
-30
-36
-38
-49
-53
-59
-63
-68
-76
-77
-81
-78
-69
-60
-53
-43
-39
-33
-29
-23
-18
-22
-18
-15
-15
-12
-5
-1
3
3
5
1
7
5
5
1
-1
-5
-8
-11
-7
-3
-10
-14
-21
-24
-30
-25
-26
-27
-27
-35
-36
-40
-39
-41
-37
-30
-16
-11
-6
-4
-1
-3
0
-8
-7
-12
-12
-18
-20
-26
-28
-35
-40
-41
-45
-46
-44
-42
-41
-43
-49
-53
-52
-54
-50
-48
-48
-50
-51
-52
-49
-45
-36
-24
-16
-10
-7
-1
2
-5
-13
-34
-48
-51
-49
-43
-40
-34
-30
-31
-27
-22
-20
-20
-24
-24
-26
-36
-34
-43
-48
-52
-45
-47
-51
-54
-62
-59
-54
-53
-58
-58
-55
-57
-53
-46
-39
-42
-37
-34
-31
-32
-39
-43
-52
-57
-58
-58
-59
-54
-47
-44
-51
-49
-52
-44
-31
-17
-13
-7
-8
-12
-19
-22
-23
-30
-35
-41
-49
-51
-47
-46
-50
-47
-43
-47
-42
-32
-25
-21
-16
-13
-13
-8
-6
1
12
20
25
22
21
22
15
12
6
2
-5
-6
3
9
14
20
24
14
14
9
10
9
7
-1
-14
-29
-49
-78
-99
-108
-111
-113
-114
-115
-114
-106
-86
-61
-33
6
27
36
36
34
23
10
8
2
-6
-21
-43
-66
-92
-103
-108
-104
-94
-76
-50
-32
-15
-10
-8
-12
-9
-9
-7
-4
-8
-9
-8
0
6
18
25
32
32
33
38
34
33
31
33
26
20
12
-4
-18
-27
-41
-57
-73
-98
-119
-137
-135
-128
-119
-106
-93
-89
-83
-74
-72
-70
-64
-59
-56
-51
-44
-43
-34
-27
-21
-21
-22
-21
-11
-1
7
17
8
-2
-10
-18
-18
-18
-26
-29
-28
-29
-28
-32
-31
-35
-43
-39
-33
-26
-20
-20
-15
-14
-14
-13
-15
-9
-9
-8
-11
-15
-14
-18
-16
-13
-12
-15
-12
-16
-21
-22
-25
-21
-32
-36
-41
-44
-51
-48
-54
-59
-60
-61
-61
-66
-60
-65
-64
-64
-72
-77
-94
-110
-131
-149
-152
-149
-135
-120
-97
-82
-66
-58
-47
-43
-39
-33
-38
-35
-23
-19
-15
-5
2
4
4
9
9
11
10
9
12
5
1
-7
-16
-24
-34
-44
-50
-49
-53
-55
-54
-55
-50
-45
-33
-20
-13
-6
-8
-4
-3
0
3
5
9
7
0
-2
3
5
2
7
1
-8
-20
-23
-21
-19
-12
-9
-14
-17
-17
-24
-27
-30
-36
-43
-51
-61
-71
-83
-93
-102
-113
-117
-114
-106
-82
-46
-18
2
15
21
23
30
38
41
33
29
17
7
-7
-12
-19
-29
-37
-46
-49
-52
-57
-68
-81
-88
-89
-100
-109
-107
-102
-82
-68
-59
-53
-47
-29
-26
-18
-8
-1
2
7
8
7
8
14
20
18
19
17
9
5
-3
-10
-21
-34
-43
-50
-49
-46
-38
-31
-25
-27
-31
-27
-28
-22
-27
-26
-29
-32
-28
-15
-8
-9
-7
-1
0
4
16
15
16
20
14
13
7
7
3
3
3
5
-1
-6
-8
-16
-18
-23
-25
-28
-29
-25
-25
-25
-27
-25
-31
-40
-38
-36
-27
-33
-36
-46
-52
-53
-49
-42
-36
-31
-31
-23
-23
-14
-7
3
7
-1
-6
-10
-16
-18
-17
-9
-7
-1
1
7
9
14
15
10
5
-2
-13
-14
-20
-18
-23
-20
-20
-19
-23
-21
-13
-12
-9
-9
-13
-16
-13
-16
-27
-35
-37
-39
-40
-34
-26
-23
-25
-24
-36
-46
-51
-50
-49
-42
-43
-40
-42
-41
-41
-42
-44
-43
-52
-58
-66
-69
-71
-62
-55
-57
-51
-50
-45
-38
-36
-34
-40
-38
-43
-42
-42
-38
-38
-33
-28
-26
-34
-32
-28
-25
-31
-32
-27
-31
-28
-23
-26
-21
-19
-17
-23
-22
-26
-42
-43
-38
-34
-38
-63
-88
-110
-103
-82
-59
-38
-20
-2
17
37
52
61
55
48
41
31
33
31
26
11
-6
-26
-51
-68
-76
-72
-61
-45
-33
-18
-13
-4
2
6
4
-3
-11
-12
-12
-14
-18
-18
-25
-27
-34
-37
-40
-52
-55
-50
-33
-15
-6
-8
-17
-21
-27
-27
-28
-31
-39
-45
-54
-56
-62
-71
-78
-83
-79
-71
-67
-56
-49
-36
-32
-22
-19
-20
-23
-17
-9
-1
2
4
3
-5
-15
-25
-33
-44
-54
-65
-70
-68
-60
-56
-56
-46
-43
-35
-27
-21
-21
-11
4
14
21
24
22
14
10
11
7
10
11
7
0
-6
-12
-15
-21
-21
-25
-35
-43
-42
-49
-49
-53
-53
-60
-58
-54
-57
-62
-64
-74
-87
-94
-99
-97
-94
-87
-82
-81
-78
-79
-84
-85
-81
-79
-78
-70
-62
-51
-36
-18
-13
-12
-9
-13
-13
-17
-17
-23
-24
-24
-24
-19
-20
-13
-10
-9
-6
-7
-14
-24
-30
-26
-24
-18
-19
-27
-32
-39
-42
-42
-41
-40
-49
-53
-45
-44
-39
-35
-33
-40
-34
-32
-31
-25
-19
-16
-20
-17
-16
-9
-9
-3
-1
-4
0
-7
-10
-13
-11
-13
-18
-22
-33
-42
-52
-57
-58
-57
-57
-59
-60
-68
-66
-68
-68
-67
-70
-72
-75
-75
-73
-65
-55
-44
-44
-33
-27
-17
-16
-4
-1
3
8
17
16
16
22
18
13
7
3
-4
-3
-3
-3
-7
-9
-10
-11
-15
-14
-17
-28
-31
-34
-38
-36
-29
-24
-20
-22
-26
-29
-32
-29
-26
-25
-20
-17
-14
-14
-12
-15
-15
-15
-19
-21
-24
-19
-22
-19
-17
-21
-25
-37
-44
-41
-44
-49
-52
-55
-54
-52
-53
-53
-50
-44
-38
-34
-37
-39
-42
-40
-39
-45
-41
-41
-36
-28
-24
-20
-17
-17
-17
-22
-19
-17
-16
-24
-27
-34
-39
-40
-42
-43
-45
-37
-40
-45
-49
-51
-47
-52
-52
-57
-59
-64
-58
-58
-56
-53
-41
-27
-15
1
1
7
10
10
12
13
16
12
10
7
7
-1
-4
-2
-5
-3
-7
-12
-19
-22
-16
-22
-22
-26
-17
-18
-18
-17
-11
-6
0
4
2
7
8
2
-1
-6
-9
-13
-10
-15
-19
-26
-24
-35
-39
-42
-54
-54
-59
-57
-59
-57
-48
-43
-37
-33
-31
-25
-26
-18
-8
-2
-2
2
-2
-1
1
-2
-2
-7
-3
-7
-13
-15
-22
-26
-33
-30
-34
-33
-37
-42
-48
-46
-47
-51
-48
-44
-39
-38
-31
-27
-20
-20
-19
-14
-12
-10
-13
-10
-15
-16
-22
-25
-28
-28
-32
-31
-29
-31
-38
-37
-43
-46
-49
-42
-37
-36
-36
-40
-43
-42
-32
-27
-23
-18
-19
-20
-19
-20
-24
-29
-24
-26
-23
-22
-15
-12
-8
-9
-10
-21
-20
-24
-27
-26
-23
-22
-21
-24
-22
-24
-24
-23
-16
-16
-6
-2
-3
-4
-4
-7
-9
-8
-11
-14
-15
-13
-12
-22
-23
-28
-29
-33
-30
-24
-32
-36
-42
-49
-54
-57
-60
-71
-78
-93
-102
-111
-105
-101
-93
-86
-75
-60
-42
-25
-13
-7
-2
-1
3
2
3
-7
-22
-37
-52
-65
-74
-73
-72
-60
-44
-38
-37
-33
-34
-30
-28
-21
-21
-26
-30
-35
-33
-35
-31
-29
-25
-15
-4
4
10
21
23
23
17
16
17
21
27
31
32
42
48
48
42
37
28
12
0
-19
-39
-52
-60
-75
-101
-119
-139
-149
-155
-140
-108
-64
-27
-3
9
9
16
14
12
14
13
5
-2
-7
-16
-20
-16
-16
-16
-15
-14
-23
-41
-55
-57
-62
-58
-56
-56
-49
-43
-33
-30
-25
-25
-23
-17
-12
-12
-13
-13
-9
-4
-8
-4
-6
-13
-12
-17
-15
-14
-9
-9
-7
-8
-14
-17
-18
-14
-12
-10
-7
-9
-9
-13
-13
-14
-15
-13
-20
-31
-41
-52
-67
-83
-94
-103
-112
-109
-102
-89
-76
-64
-49
-51
-45
-50
-47
-42
-31
-27
-25
-25
-24
-19
-21
-14
-11
-11
-11
-13
-11
-15
-11
-15
-22
-23
-32
-37
-46
-45
-50
-49
-52
-50
-53
-50
-42
-41
-39
-37
-32
-28
-20
-7
-4
3
8
12
10
1
-2
-13
-17
-15
-19
-23
-33
-37
-43
-46
-51
-50
-50
-44
-41
-31
-42
-45
-61
-85
-99
-112
-121
-128
-125
-122
-120
-117
-110
-103
-86
-64
-52
-39
-26
-15
-1
6
15
22
25
27
30
31
29
25
15
4
0
-12
-18
-22
-19
-20
-21
-29
-36
-37
-42
-40
-41
-32
-18
-10
-6
-3
5
15
26
28
25
8
1
-6
-13
-15
-17
-8
-9
-6
-8
-5
-7
-6
-16
-27
-33
-39
-50
-57
-65
-79
-92
-98
-100
-93
-83
-67
-59
-58
-52
-49
-30
-21
-11
-8
-4
5
9
14
14
20
25
30
35
26
18
7
6
-8
-14
-15
-12
-9
-14
-6
-15
-16
-14
-11
-16
-16
-18
-21
-25
-22
-22
-20
-25
-23
-26
-21
-10
1
3
6
6
2
0
0
-4
-11
-8
-9
-12
-19
-20
-22
-22
-16
-20
-22
-29
-27
-33
-35
-38
-43
-50
-59
-68
-89
-113
-125
-127
-119
-107
-89
-76
-64
-54
-53
-56
-60
-58
-54
-45
-36
-28
-22
-16
-4
-5
1
4
9
8
11
11
7
2
-6
-13
-24
-30
-32
-36
-29
-28
-22
-19
-15
-16
-15
-19
-19
-15
-22
-24
-18
-19
-20
-10
-10
-6
-6
-15
-20
-21
-18
-15
-21
-19
-21
-28
-37
-37
-44
-45
-52
-57
-64
-63
-67
-79
-100
-125
-148
-160
-155
-137
-119
-107
-100
-87
-74
-42
-15
1
18
32
46
48
48
42
31
14
-4
-30
-48
-54
-49
-37
-19
-1
10
9
9
8
1
-2
-3
-7
-6
-5
-5
-5
-7
-2
-1
2
8
7
7
5
1
-4
-13
-14
-22
-33
-41
-42
-39
-34
-30
-24
-25
-31
-24
-26
-31
-36
-48
-63
-81
-99
-131
-161
-181
-180
-161
-136
-113
-96
-84
-65
-52
-46
-35
-22
-7
7
25
40
46
48
41
28
18
12
7
0
0
-2
-10
-9
-15
-16
-18
-13
-15
-15
-18
-16
-21
-29
-29
-35
-39
-42
-37
-37
-36
-28
-29
-32
-33
-36
-37
-34
-33
-34
-38
-42
-45
-55
-59
-59
-55
-50
-47
-45
-46
-43
-41
-39
-46
-42
-36
-33
-31
-40
-49
-75
-91
-102
-104
-97
-81
-64
-48
-41
-27
-21
-21
-25
-21
-14
-13
-7
-13
-11
-7
-7
-12
-11
-9
-8
-7
-2
-4
-8
-7
-9
-14
-18
-13
-17
-18
-17
-10
-14
-18
-14
-16
-12
-10
-11
-15
-13
-7
-5
-6
1
5
4
6
6
2
4
7
9
3
1
-5
-3
-6
-7
-12
-25
-24
-26
-19
-28
-30
-37
-49
-51
-65
-79
-99
-113
-116
-115
-105
-104
-111
-112
-101
-84
-71
-59
-47
-38
-32
-17
-14
-6
3
7
4
5
11
19
23
22
24
19
10
7
-8
-12
-19
-26
-24
-40
-43
-47
-48
-45
-45
-50
-43
-40
-32
-29
-21
-16
-7
2
8
10
8
13
22
22
22
19
15
10
12
9
4
3
-10
-17
-29
-40
-50
-66
-75
-84
-87
-86
-84
-102
-129
-149
-146
-130
-105
-81
-63
-46
-28
-13
-1
9
10
13
16
28
33
33
35
33
26
22
20
18
11
8
6
4
3
1
-3
-7
-7
-6
-6
-10
-11
-5
-10
-14
-19
-19
-22
-19
-18
-21
-21
-18
-19
-21
-15
-10
-13
-8
-10
-3
1
5
7
4
5
1
0
-3
0
-11
-15
-32
-43
-59
-75
-89
-94
-99
-91
-79
-61
-41
-22
-16
-7
1
2
-6
-13
-14
-14
-15
-16
-13
-16
-29
-31
-40
-41
-42
-32
-28
-36
-34
-40
-39
-35
-26
-22
-18
-16
-21
-23
-29
-30
-41
-49
-49
-57
-60
-64
-56
-55
-52
-57
-61
-62
-61
-66
-73
-77
-79
-81
-76
-71
-70
-67
-64
-58
-55
-44
-30
-17
-8
1
3
1
1
-1
-3
-2
-4
1
-3
-10
-13
-13
-12
-6
2
-1
5
4
7
6
3
1
-3
-10
-11
-17
-17
-20
-12
-26
-25
-33
-34
-40
-41
-43
-44
-42
-37
-29
-24
-15
-12
-18
-16
-22
-24
-23
-18
-19
-15
-9
-7
-11
-17
-19
-24
-30
-23
-27
-29
-32
-26
-23
-18
-17
-13
-18
-22
-24
-22
-28
-21
-22
-25
-26
-23
-32
-32
-35
-27
-27
-23
-23
-26
-22
-25
-23
-27
-26
-17
-15
-10
-10
-19
-15
-17
-19
-17
-24
-25
-27
-30
-37
-43
-49
-63
-67
-76
-86
-96
-108
-120
-125
-120
-109
-92
-72
-57
-43
-26
-9
-3
4
-1
-8
-19
-24
-27
-30
-33
-32
-37
-46
-55
-57
-48
-42
-34
-35
-48
-66
-86
-102
-109
-102
-89
-73
-59
-39
-42
-34
-24
-23
-28
-35
-41
-49
-60
-56
-51
-48
-36
-29
-26
-30
-23
-26
-36
-41
-47
-57
-62
-65
-70
-75
-80
-81
-88
-92
-94
-100
-100
-103
-100
-98
-92
-78
-71
-53
-40
-22
-10
-1
8
11
12
7
4
-8
-14
-21
-31
-40
-41
-40
-37
-31
-26
-28
-26
-24
-27
-31
-37
-42
-44
-47
-49
-43
-49
-46
-47
-48
-50
-45
-49
-50
-46
-49
-52
-47
-37
-36
-30
-20
-20
-11
-3
8
13
14
16
11
7
1
-2
-8
-13
-13
-15
-20
-28
-31
-45
-47
-51
-53
-56
-52
-43
-37
-38
-33
-29
-31
-35
-33
-29
-29
-25
-20
-17
-17
-16
-17
-16
-9
-6
-1
4
3
1
-3
-8
-6
-7
0
0
0
-1
-1
-3
-6
-1
-3
-6
-10
-7
-9
-13
-18
-24
-33
-41
-36
-32
-29
-30
-31
-35
-35
-29
-30
-30
-24
-22
-21
-28
-33
-40
-40
-36
-30
-31
-36
-40
-44
-47
-39
-33
-31
-27
-22
-17
-16
-16
-12
-13
-10
-11
-17
-17
-13
-13
-10
-10
-9
-9
-16
-14
-17
-12
-10
-5
-10
-10
-3
6
8
9
2
0
-1
4
0
-3
1
2
7
5
4
-1
-2
2
-3
-8
-17
-20
-23
-24
-24
-19
-21
-15
-16
-21
-30
-28
-24
-31
-23
-18
-21
-18
-11
-7
-1
4
6
7
6
10
7
-1
-4
-7
-16
-13
-15
-11
-13
-14
-16
-15
-16
-21
-24
-29
-27
-25
-20
-14
-6
-6
-12
-20
-24
-35
-46
-60
-77
-91
-81
-59
-38
-12
12
33
49
60
61
48
41
38
35
31
19
10
-7
-11
-23
-29
-36
-35
-43
-50
-51
-55
-59
-57
-59
-62
-63
-64
-64
-72
-66
-61
-57
-52
-45
-40
-35
-29
-19
-8
-2
4
3
2
-4
0
-3
-6
-9
-22
-35
-51
-55
-65
-73
-78
-81
-84
-85
-84
-85
-78
-69
-62
-52
-44
-39
-48
-44
-41
-31
-21
-21
-10
-5
-2
-5
-4
-3
-3
-4
-1
-2
-1
-1
-7
-2
-4
-8
-3
-3
0
-5
-2
-5
-6
-8
-5
-2
-5
-7
-8
-8
-7
-7
-8
-10
-4
-5
-4
-6
-8
-11
-19
-21
-16
-10
-17
-18
-31
-38
-44
-47
-43
-50
-51
-62
-72
-75
-89
-103
-120
-125
-125
-121
-114
-110
-111
-109
-99
-85
-62
-48
-36
-36
-34
-30
-26
-23
-14
-10
-12
-18
-27
-31
-36
-29
-31
-32
-30
-36
-39
-47
-52
-55
-62
-64
-71
-77
-86
-78
-71
-62
-50
-37
-28
-16
-5
2
6
10
12
10
11
11
14
16
18
17
8
2
-5
-17
-31
-39
-46
-60
-73
-83
-95
-104
-111
-117
-127
-125
-122
-114
-109
-100
-90
-82
-67
-53
-42
-32
-21
-22
-22
-16
-23
-25
-25
-21
-21
-26
-29
-29
-26
-28
-16
-17
-18
-20
-27
-27
-23
-19
-16
-16
-25
-27
-33
-36
-34
-39
-38
-35
-39
-37
-42
-43
-46
-45
-41
-43
-42
-41
-35
-37
-37
-38
-39
-44
-43
-50
-51
-53
-51
-50
-57
-59
-61
-59
-53
-46
-32
-33
-28
-23
-18
-14
-6
-1
6
11
15
9
3
3
-6
-11
-12
-23
-29
-34
-24
-22
-19
-16
-13
-14
-16
-12
-19
-21
-21
-21
-16
-17
-13
-14
-13
-17
-20
-16
-23
-12
-16
-8
-7
-7
-8
-11
-6
-10
-9
-13
-14
-24
-35
-36
-39
-34
-24
-16
-14
-1
-1
-6
-2
0
0
-5
-8
-4
-3
-5
-4
2
12
17
18
10
3
1
1
-1
0
-5
-10
-14
-24
-23
-23
-26
-27
-31
-29
-19
-18
-13
-12
-13
-12
-11
-2
-9
-7
-7
-5
-7
-10
-8
-12
-10
-12
-19
-25
-24
-19
-17
-20
-12
-12
-17
-17
-24
-27
-31
-37
-39
-50
-49
-50
-47
-44
-39
-41
-45
-40
-37
-32
-22
-19
-16
-19
-25
-28
-36
-41
-44
-40
-42
-48
-40
-41
-44
-50
-48
-52
-53
-56
-58
-57
-51
-43
-33
-27
-18
-22
-29
-42
-54
-56
-44
-32
-16
0
11
15
19
20
19
11
1
-5
-20
-30
-38
-42
-48
-52
-58
-56
-56
-53
-55
-60
-60
-63
-63
-60
-50
-41
-37
-21
-21
-14
-12
-2
0
4
5
3
1
-4
-8
-10
-18
-25
-32
-38
-41
-51
-63
-65
-68
-68
-68
-68
-63
-67
-65
-68
-60
-58
-50
-43
-37
-31
-26
-25
-23
-17
-22
-30
-34
-23
-17
-15
-10
-11
-12
-10
-14
-20
-31
-33
-37
-46
-48
-47
-48
-53
-49
-46
-36
-33
-27
-25
-25
-18
-18
-15
-8
10
16
16
20
23
25
25
24
14
-1
-16
-35
-46
-53
-50
-54
-62
-67
-71
-77
-77
-72
-65
-51
-39
-26
-18
-5
8
22
30
30
25
13
5
-6
-20
-25
-23
-16
-9
2
3
0
-4
-8
-16
-22
-29
-38
-46
-53
-56
-60
-56
-52
-50
-61
-68
-68
-71
-73
-75
-70
-57
-40
-15
-6
2
7
5
4
3
4
-2
0
0
6
2
7
6
0
-2
-6
-17
-28
-33
-31
-34
-34
-51
-66
-82
-86
-81
-72
-62
-54
-43
-41
-37
-33
-29
-36
-31
-30
-24
-21
-21
-18
-9
-8
-16
-31
-40
-45
-33
-14
4
22
29
48
57
65
65
64
56
42
35
23
13
7
7
3
2
-3
-11
-18
-19
-19
-20
-24
-32
-35
-48
-58
-71
-75
-71
-56
-20
-14
-63
-166
-270
-298
-266
-195
-138
-90
-49
-15
12
37
47
42
32
19
4
-5
-9
-9
-13
-13
-20
-27
-35
-35
-41
-51
-65
-75
-73
-67
-50
-54
-53
-59
-64
-61
-57
-47
-39
-29
-26
-22
-18
-15
-6
0
14
24
33
37
34
27
8
-11
-30
-45
-51
-54
-46
-47
-28
-13
5
17
18
8
-16
-38
-60
-78
-87
-86
-86
-81
-76
-66
-58
-57
-54
-57
-57
-56
-52
-57
-70
-81
-92
-95
-91
-79
-70
-63
-45
-28
-7
9
19
22
20
19
19
14
22
31
33
30
19
9
-2
-11
-11
-12
-9
-9
-6
-11
-7
-3
-8
-4
-8
-10
-22
-30
-31
-35
-28
-27
-29
-35
-41
-42
-34
-32
-28
-21
-18
-13
-5
-1
0
3
1
-5
-6
-11
-14
-18
-20
-23
-33
-36
-45
-50
-54
-52
-59
-63
-62
-59
-59
-58
-51
-48
-44
-50
-62
-71
-85
-87
-94
-97
-96
-97
-99
-103
-103
-100
-92
-79
-68
-60
-51
-42
-43
-36
-31
-18
-19
-17
-7
-3
-1
-7
-18
-29
-31
-32
-28
-24
-18
-8
-14
-12
-20
-23
-25
-37
-27
-29
-19
-13
-8
-1
6
4
1
4
1
-2
-4
-3
1
4
9
2
-9
-12
-14
-20
-18
-18
-17
-24
-27
-29
-35
-36
-34
-31
-30
-30
-22
-25
-28
-39
-42
-53
-63
-77
-96
-102
-97
-89
-75
-64
-44
-43
-29
-20
-7
-2
14
17
17
14
12
9
0
-5
-8
-10
-10
-12
-9
-15
-12
-15
-15
-18
-14
-17
-19
-25
-29
-36
-40
-37
-37
-41
-46
-47
-50
-49
-47
-44
-38
-32
-25
-25
-25
-15
-19
-15
-17
-19
-19
-23
-14
-14
-11
-8
-11
-17
-20
-27
-35
-36
-50
-59
-70
-73
-68
-62
-60
-56
-49
-57
-49
-53
-49
-45
-36
-33
-26
-25
-20
-14
-7
0
4
8
15
16
15
12
13
6
1
-1
-3
-2
2
7
2
5
7
3
-3
-9
-8
-22
-23
-29
-30
-37
-39
-37
-36
-26
-24
-27
-27
-27
-25
-19
-21
-18
-11
-14
-19
-23
-28
-30
-27
-20
-24
-15
-15
-12
-11
-8
-11
-16
-10
-11
-21
-30
-34
-37
-39
-35
-39
-39
-45
-46
-38
-36
-21
-10
-10
1
7
5
-3
-24
-43
-54
-55
-47
-41
-29
-15
-14
-10
-15
-9
-10
-4
-4
0
5
9
16
18
23
23
24
16
12
2
-4
-8
-7
-12
-14
-18
-25
-26
-31
-31
-23
-21
-13
-7
-8
-8
-4
-12
-27
-32
-44
-49
-52
-56
-57
-56
-46
-40
-36
-37
-35
-38
-45
-46
-47
-41
-41
-31
-25
-25
-23
-20
-22
-21
-9
-14
-15
-21
-26
-38
-42
-43
-46
-43
-44
-44
-53
-56
-58
-58
-51
-46
-42
-41
-44
-49
-53
-60
-58
-52
-56
-56
-47
-47
-40
-34
-32
-37
-35
-34
-36
-39
-38
-43
-54
-55
-67
-73
-76
-70
-65
-61
-52
-50
-49
-46
-47
-53
-57
-54
-53
-53
-50
-47
-50
-42
-40
-32
-30
-25
-19
-20
-25
-27
-33
-33
-35
-26
-22
-14
-9
-4
-11
-18
-19
-25
-26
-26
-29
-34
-40
-40
-46
-49
-41
-40
-43
-37
-32
-34
-31
-29
-27
-38
-40
-41
-36
-41
-38
-37
-35
-31
-35
-39
-39
-41
-40
-43
-39
-35
-31
-35
-32
-32
-30
-31
-34
-43
-40
-35
-35
-32
-27
-25
-25
-24
-16
-12
-13
-10
-6
-7
-1
9
12
18
16
14
1
-4
-7
-11
-12
-20
-26
-35
-45
-44
-50
-55
-53
-57
-60
-57
-52
-47
-41
-32
-18
-5
5
12
20
19
19
14
6
1
-3
-14
-22
-25
-28
-29
-30
-35
-35
-43
-40
-22
