85
91
81
77
53
40
24
34
40
31
39
9
-16
-62
-72
-64
-38
-4
20
23
1
-6
-18
-20
-22
-23
-13
-6
8
6
8
17
22
15
11
18
28
40
43
31
0
-36
-63
-92
-103
-103
-220
-414
-559
-606
-465
-388
-208
-45
127
231
258
213
159
125
103
91
77
73
69
76
92
109
115
124
128
120
108
102
95
81
72
56
38
24
23
22
30
47
56
57
39
24
10
5
9
7
0
-25
-40
-59
-78
-96
-131
-174
-225
-274
-331
-381
-420
-409
-372
-314
-345
-359
-375
-293
-193
-122
-99
-94
-100
-97
-83
-68
-75
-81
-82
-86
-85
-72
-50
-34
-13
-5
6
14
32
37
39
47
35
11
-24
-44
-70
-83
-94
-107
-110
-123
-111
-111
-111
-96
-88
-86
-108
-129
-131
-126
-110
-82
-53
-32
-23
-15
-12
-7
4
8
6
-6
-23
-43
-47
-39
-27
-23
-15
-13
-19
-27
-41
-51
-70
-75
-64
-51
-29
-17
-1
-6
1
5
0
-5
1
14
29
45
56
59
53
66
87
121
169
197
207
203
207
206
202
206
194
179
163
153
143
134
137
134
124
106
93
81
75
70
62
40
11
-34
-70
-90
-74
-48
-47
-28
-21
-1
11
25
48
67
85
100
111
123
144
162
167
178
181
183
180
187
187
185
185
176
164
147
146
145
144
154
152
143
127
122
119
115
113
101
90
72
70
53
34
10
-18
-46
-70
-80
-95
-120
-102
-78
-37
-7
5
34
45
63
64
49
35
25
16
17
23
37
39
52
41
43
46
80
108
129
141
153
155
153
153
147
136
124
111
97
78
106
72
-17
-154
-244
-198
-78
50
102
136
186
221
233
217
204
187
180
186
192
201
200
212
210
208
207
205
200
197
204
205
209
214
225
211
187
152
109
88
85
83
70
50
25
-10
-34
-59
-83
-121
-152
-180
-201
-199
-198
-200
-239
-291
-373
-396
-360
-269
-208
-185
-174
-142
-118
-84
-69
-63
-45
-23
-19
-21
-32
-10
13
41
73
94
114
120
132
135
137
152
150
137
116
87
52
28
8
-17
-50
-80
-99
-117
-112
-94
-65
-41
-26
-24
-33
-37
-39
-22
-15
-30
-60
-138
-179
-183
-142
-96
-64
-59
-82
-88
-69
-26
14
50
82
106
120
141
156
155
149
130
108
84
85
84
90
100
106
105
96
90
82
73
70
54
32
13
-3
-16
-30
-35
-42
-57
-73
-84
-103
-113
-121
-128
-145
-141
-124
-113
-108
-87
-81
-70
-69
-89
-107
-120
-110
-80
-57
-35
-27
-32
-21
7
33
58
77
83
73
67
66
66
55
32
4
-19
-34
-30
-29
-21
-7
5
8
5
2
1
8
13
17
1
-10
-32
-42
-48
-41
-30
-29
-30
-19
-23
-21
-20
-8
9
27
43
46
57
76
98
97
96
89
77
70
64
52
35
7
-25
-79
-118
-136
-133
-136
-146
-163
-179
-183
-170
-159
-185
-150
-148
-93
-65
-40
-34
-40
-41
-51
-38
-41
-24
-11
11
44
70
77
83
88
79
70
60
57
50
43
35
19
0
-4
-11
-25
-42
-62
-75
-87
-101
-104
-149
-186
-227
-199
-147
-73
-34
-30
-44
-67
-68
-41
26
84
128
158
176
175
165
165
159
152
143
129
117
110
117
123
128
134
138
136
131
138
134
126
114
91
63
35
10
-16
-30
-27
-37
-50
-67
-67
-62
-52
-36
-27
-6
0
26
41
61
66
62
43
23
5
-22
-32
-39
-48
-66
-92
-106
-114
-109
-97
-81
-75
-66
-63
-70
-57
-56
-41
-38
-32
-31
-42
-68
-66
-90
-84
-72
-61
-43
-33
-13
2
20
33
33
22
10
10
21
32
42
35
1
-103
-152
-205
-180
-130
-96
-82
-97
-96
-92
-60
-42
-33
-60
-72
-80
-78
-66
-30
-8
7
5
3
5
15
31
43
52
69
79
85
78
77
62
48
32
3
-48
-100
-106
-79
-16
41
88
119
135
161
177
189
198
181
163
145
146
146
149
157
153
141
123
111
95
87
95
100
100
94
80
55
37
15
4
-25
-57
-77
-112
-124
-133
-125
-124
-113
-106
-104
-100
-102
-102
-99
-85
-68
-55
-52
-60
-62
-82
-85
-76
-71
-67
-70
-92
-101
-106
-93
-84
-90
-66
-57
-35
-23
3
5
5
-5
-18
-24
-28
-32
-36
-25
-4
18
34
46
45
29
10
-8
-26
-43
-59
-64
-71
-367
-514
-764
-709
-539
-436
-341
-221
-112
-46
-18
-25
-18
0
45
88
127
160
185
203
206
214
205
176
138
107
88
74
66
57
40
22
12
-1
-9
-15
-29
-52
-84
-107
-135
-160
-190
-217
-236
-252
-252
-258
-256
-259
-272
-297
-315
-327
-350
-365
-378
-390
-407
-430
-421
-425
-405
-373
-329
-281
-242
-230
-235
-233
-229
-212
-200
-198
-199
-217
-237
-236
-220
-198
-171
-153
-139
-125
-118
-118
-129
-131
-125
-124
-120
-103
-97
-92
-92
-105
-137
-155
-174
-177
-180
-184
-208
-259
-318
-332
-320
-249
-157
-78
-26
-3
8
5
4
5
9
10
7
17
14
29
41
48
42
35
31
17
11
-2
-5
-21
-19
-26
-35
-61
-66
-81
-85
-88
-100
-113
-112
-103
-67
-50
-29
-22
-29
-42
-31
-35
-4
15
33
49
56
62
56
62
74
88
101
87
64
27
0
-9
-23
-39
-60
-63
-52
-18
42
86
109
114
109
92
76
66
59
44
38
43
47
59
72
90
102
116
126
127
124
121
119
106
92
69
40
14
-5
-25
-51
-76
-105
-140
-166
-174
-165
-166
-161
-169
-149
-120
-78
-55
-73
-109
-137
-131
-73
-17
23
40
56
69
87
93
107
108
118
136
135
129
115
113
102
100
100
94
78
54
38
18
5
-2
-22
-74
-128
-169
-195
-194
-211
-307
-391
-430
-366
-274
-204
-146
-56
17
70
88
73
48
31
29
27
21
9
-4
-1
24
48
78
97
101
92
72
62
43
25
0
-29
-60
-83
-83
-95
-116
-142
-163
-165
-154
-120
-91
-60
-35
-12
-4
9
25
27
23
8
-15
-49
-84
-106
-135
-151
-169
-177
-187
-190
-200
-209
-231
-224
-207
-166
-153
-147
-175
-188
-184
-171
-153
-140
-116
-88
-45
-14
15
6
9
-18
-65
-153
-243
-336
-533
-615
-735
-668
-538
-389
-249
-133
-34
27
52
57
76
94
121
152
166
172
171
169
164
158
155
152
131
107
82
55
38
11
-20
-56
-94
-138
-184
-218
-219
-207
-193
-179
-169
-170
-163
-150
-129
-127
-122
-122
-140
-159
-168
-179
-188
-201
-211
-236
-258
-281
-301
-302
-300
-291
-300
-306
-304
-313
-308
-274
-246
-217
-206
-197
-193
-179
-162
-140
-124
-122
-130
-152
-160
-162
-156
-168
-174
-182
-173
-133
-78
-20
10
37
46
51
58
72
95
107
127
153
167
172
166
147
117
80
34
-12
-61
-86
-112
-126
-111
-76
-34
16
69
120
162
207
230
229
211
192
181
177
181
177
166
149
149
151
165
186
195
195
190
194
199
205
220
220
213
208
209
192
179
159
143
113
81
51
15
-7
-22
-19
-13
-1
13
17
29
46
60
61
65
63
51
42
38
33
29
22
12
1
-17
-14
-11
-6
-9
-13
-32
-53
-71
-61
-66
-25
-22
-19
-24
-21
-16
-19
-6
-9
-8
-17
-33
-49
-58
-59
-57
-62
-57
-38
-30
-17
-7
-3
-14
-29
-44
-60
-71
-48
-29
-19
-15
-11
-6
13
37
67
81
101
113
116
125
140
153
160
163
169
173
165
166
145
119
94
51
14
-12
-8
1
-10
-10
-36
-40
-52
-32
-32
-29
-39
-51
-45
-38
-7
7
15
6
-2
-13
-20
-22
-28
-33
-27
-16
-10
-13
0
9
24
44
54
58
61
62
53
53
45
38
37
48
55
30
16
17
60
87
109
113
111
120
133
145
150
157
145
134
107
85
49
22
-70
-365
-482
-607
-459
-331
-188
3
166
263
288
241
176
131
132
158
194
214
238
247
256
262
259
234
211
197
173
162
159
157
146
138
138
139
141
139
143
131
122
113
98
93
92
98
95
91
85
66
51
46
37
22
11
0
-13
-29
-36
-41
-44
-40
-42
-46
-48
-38
-32
-26
-14
-7
-6
-17
-25
-46
-74
-93
-120
-148
-173
-186
-195
-197
-186
-167
-155
-138
-136
-142
-146
-135
-147
-161
-182
-189
-195
-185
-157
-117
-101
-85
-89
-101
-106
-103
-89
-94
-89
-86
-79
-67
-53
-38
-31
-13
-4
-8
-4
11
34
57
75
76
63
45
40
42
45
61
79
90
102
127
152
169
183
174
164
146
137
128
116
125
119
116
100
89
67
64
78
92
102
110
119
114
108
114
122
127
132
126
123
119
111
94
59
28
-1
-24
-39
-44
-37
-18
-1
30
23
15
5
9
24
48
57
65
66
73
66
46
24
-5
-43
-77
-68
-26
24
73
90
97
101
111
109
106
112
113
105
93
80
68
45
33
-3
-42
-74
-87
-86
-80
-75
-82
-93
-109
-105
-105
-87
-68
-67
-88
-98
-104
-95
-74
-47
-7
18
32
28
-6
-66
-93
-108
-81
-50
-31
-24
-34
-47
-75
-122
-128
-165
-160
-161
-156
-155
-141
-161
-140
-136
-109
-72
-57
-37
-7
10
20
18
27
46
83
133
162
167
161
144
116
79
38
-4
-29
-40
-19
6
40
65
76
65
57
57
51
59
69
87
93
92
85
77
85
103
107
86
64
33
-3
-29
-50
-64
-87
-99
-119
-131
-140
-130
-123
-139
-169
-207
-229
-224
-216
-278
-303
-365
-313
-235
-143
-70
-43
-33
-24
-2
11
18
17
4
-2
4
11
23
38
71
94
117
126
129
120
113
91
54
27
9
11
4
3
1
1
1
7
16
13
12
10
-6
-3
-3
0
-4
-29
-64
-97
-118
-116
-108
-99
-74
-69
-72
-99
-103
-102
-71
-27
14
49
69
96
114
128
143
145
146
140
140
129
-93
-254
-443
-427
-263
-168
-3
325
550
573
377
153
64
74
102
129
168
202
229
250
264
287
313
338
347
361
367
358
350
340
334
328
320
313
300
290
297
300
310
314
304
279
247
226
213
200
194
183
172
157
157
152
158
165
166
160
148
149
148
153
168
168
164
153
145
127
114
105
90
64
46
34
20
19
18
24
32
46
74
91
119
144
157
149
123
91
48
11
-5
-16
-56
-395
-404
-575
-442
-311
-185
40
378
578
548
347
137
89
122
160
175
193
206
230
244
265
286
297
301
293
292
285
287
294
299
292
287
280
270
258
254
248
240
228
211
193
183
173
165
144
129
112
91
75
65
64
43
34
29
26
28
43
55
59
66
65
59
54
53
48
41
39
26
11
-6
-3
-6
-7
-22
-57
-92
-131
-136
-152
-161
-139
-122
-90
-73
-73
-84
-120
-148
-193
-177
-153
-94
-57
-37
4
30
43
46
47
42
34
29
22
12
-1
1
-6
-7
4
7
13
12
17
11
14
30
48
60
67
70
66
70
78
87
93
110
122
118
105
99
95
108
126
148
159
165
180
185
201
219
225
228
214
211
206
212
229
242
252
254
252
241
231
225
218
205
191
180
167
161
164
168
169
178
195
194
195
186
174
143
115
87
59
46
39
38
35
33
25
16
22
33
54
73
80
80
64
42
34
14
-4
-11
-24
-39
-57
-61
-70
-69
-59
-55
-53
-72
-80
-83
-72
-53
-46
-59
-77
-98
-317
-386
-515
-430
-265
-170
-17
262
444
464
321
110
41
47
63
88
120
148
163
181
198
204
211
209
204
181
161
145
127
132
144
163
176
192
201
199
187
181
174
161
152
130
106
81
70
59
52
53
46
44
33
43
50
68
90
105
107
91
91
84
89
104
122
133
138
150
149
154
152
146
126
115
107
82
81
94
123
145
163
179
175
179
179
177
169
147
128
93
69
56
50
38
29
1
-27
-44
-50
-46
-36
-25
-20
-22
-29
-25
-18
-19
-11
-9
-15
-23
-21
-25
-22
-11
-7
-1
-3
-8
-18
-19
0
13
-1
-26
-55
-67
-60
-40
-24
-29
-48
-55
-55
-25
9
44
58
51
31
3
-12
-22
-18
-18
-10
-6
-4
-6
-3
-5
-17
-26
-36
-49
-55
-50
-45
-37
-25
-16
-15
-19
-23
-21
-28
-26
-37
-48
-59
-51
-45
-39
-29
-18
-11
-2
18
20
21
6
-126
-150
-226
-152
-44
57
168
314
430
473
272
53
-164
-173
-133
-82
-27
13
41
72
92
96
92
96
103
106
109
122
133
131
121
100
79
61
57
58
54
59
59
49
43
39
38
35
43
37
35
19
17
22
39
63
72
79
75
76
57
53
45
38
28
7
-3
-8
-12
-1
-4
-10
-22
-37
-49
-54
-51
-42
-40
-34
-18
-7
20
40
45
29
7
-22
-45
-68
-82
-92
-113
-130
-140
-161
-182
-191
-167
-138
-110
-100
-101
-91
-66
-50
-32
-16
-12
-12
-11
-5
13
13
17
2
-12
-23
-5
9
36
55
64
61
39
11
-37
-86
-87
-79
-47
-27
-8
-10
-15
-34
-44
-62
-66
-70
-90
-100
-101
-95
-86
-84
-78
-83
-63
-40
-10
-22
-62
-100
-169
-176
-181
-135
-95
-49
-17
-4
3
12
12
14
6
-5
-20
-32
-27
-20
-10
0
-5
-11
-14
0
17
38
60
65
62
42
26
5
-14
-26
-53
-95
-137
-170
-207
-234
-261
-283
-319
-327
-336
-317
-281
-230
-165
-125
-103
-85
-81
-75
-69
-80
-92
-104
-107
-137
-146
-140
-120
-81
-59
-45
-43
-50
-49
-47
-33
-8
3
6
-3
10
13
22
30
23
13
-1
-9
-28
-45
-55
-82
-102
-122
-128
-145
-153
-156
-158
-174
-200
-214
-221
-213
-190
-176
-172
-182
-216
-232
-231
-209
-204
-329
-385
-462
-378
-237
-135
-40
7
28
25
4
-10
-18
-9
-3
13
28
39
51
66
84
89
98
87
67
53
58
71
80
95
91
83
59
45
24
6
-1
-12
-15
-30
-25
-29
-29
-29
-35
-41
-45
-43
-45
-47
-48
-44
-59
-80
-108
-141
-150
-151
-145
-145
-133
-127
-133
-134
-123
-113
-91
-82
-79
-92
-110
-125
-120
-129
-121
-136
-153
-176
-173
-174
-160
-162
-166
-167
-168
-144
-126
-123
-109
-117
-132
-148
-139
-118
-79
-38
-20
-22
-55
-76
-118
-145
-155
-161
-147
-131
-106
-96
-98
-120
-116
-118
-90
-76
-78
-77
-68
-46
-29
-32
-44
-70
-80
-94
-101
-115
-109
-120
-119
-116
-93
-64
-46
-40
-32
-41
-42
-36
-43
-60
-80
-82
-76
-70
-61
-63
-74
-81
-104
-111
-221
-507
-560
-624
-437
-342
-275
-54
230
429
414
234
45
-3
-3
13
20
43
69
86
86
78
71
61
69
85
90
80
75
81
99
116
122
119
109
101
102
102
118
132
153
156
157
153
132
117
106
99
92
84
79
64
54
51
54
63
74
82
86
87
96
91
87
81
70
57
36
27
19
12
17
14
12
-3
-10
-20
-26
-24
-13
-38
-50
-74
-96
-109
-128
-120
-122
-102
-86
-83
-55
-35
-23
-25
-39
-47
-57
-58
-67
-89
-100
-132
-120
-105
-50
-3
50
70
85
90
82
66
49
35
3
-17
-52
-85
-122
-138
-155
-168
-193
-221
-246
-253
-241
-207
-167
-128
-102
-106
-100
-78
-50
-20
12
41
50
49
51
52
51
30
-7
-45
-64
-60
-47
-37
-26
-5
0
15
27
35
56
76
98
106
109
105
87
80
70
66
48
40
19
-10
-35
-55
-53
-56
-49
-40
-40
-40
-34
-19
-8
6
-7
-25
-42
-41
-44
-44
-46
-63
-75
-86
-77
-71
-68
-65
-81
-109
-116
-102
-69
-51
-43
-41
-51
-61
-73
-70
-81
-69
-63
-76
-65
-75
-77
-100
-110
-145
-140
-112
-49
13
61
97
130
150
173
179
170
167
164
171
167
170
156
133
113
108
114
118
126
118
101
80
66
58
45
47
43
40
27
23
21
34
62
63
23
-45
-97
-134
-175
-156
-166
-151
-159
-167
-167
-144
-123
-88
-85
-102
-136
-172
-165
-149
-117
-112
-106
-105
-102
-83
-64
-53
-52
-40
-20
-11
-8
-15
-16
-43
-49
-58
-38
-6
32
68
89
110
114
102
87
77
73
70
72
72
64
59
69
67
68
71
64
47
25
10
-14
-37
-51
-66
-75
-80
-81
-78
-67
-48
-34
-39
-54
-83
-133
-197
-220
-249
-220
-165
-105
-48
-10
3
10
15
31
49
76
109
142
174
181
184
184
170
171
166
170
159
144
128
104
90
80
76
66
63
48
28
16
9
8
7
6
-12
-34
-60
-75
-88
-96
-89
-85
-87
-93
-93
-94
-94
-91
-93
-98
-96
-92
-89
-80
-71
-51
-56
-58
-86
-102
-95
-66
-36
-39
-60
-88
-106
-119
-117
-121
-124
-111
-122
-132
-142
-131
-119
-131
-137
-155
-160
-170
-170
-164
-147
-114
-103
-94
-97
-87
-78
-71
-77
-105
-129
-138
-130
-129
-151
-154
-155
-119
-78
-21
29
73
122
161
178
186
185
174
173
170
176
170
163
153
131
118
115
125
128
134
135
123
117
114
116
105
97
98
96
105
118
129
121
115
91
69
51
47
59
67
82
76
56
35
18
-4
-29
-41
-54
-59
-70
-76
-58
-34
-2
12
-1
-7
-17
-35
-48
-44
-39
-54
-65
-100
-127
-151
-155
-145
-145
-138
-137
-141
-137
-124
-104
-106
-104
-105
-99
-79
-58
-21
-12
0
-13
-35
-57
-52
-115
-378
-436
-519
-368
-263
-178
18
296
515
528
322
75
-47
-54
-33
1
28
51
68
83
91
98
111
117
114
108
108
109
109
120
127
124
110
91
65
49
48
48
47
44
43
33
22
14
8
-13
-34
-55
-74
-71
-68
-57
-60
-55
-60
-76
-88
-99
-103
-117
-132
-157
-186
-222
-272
-359
-424
-455
-430
-384
-336
-282
-248
-213
-173
-143
-131
-133
-140
-152
-152
-148
-138
-138
-162
-173
-194
-188
-159
-120
-84
-55
-26
-7
18
47
66
68
67
62
47
42
35
36
19
6
-15
-46
-64
-77
-80
-97
-112
-128
-147
-159
-167
-164
-175
-188
-229
-277
-297
-291
-268
-261
-236
-201
-173
-161
-156
-146
-117
-77
-42
-14
4
37
59
81
108
118
117
102
92
83
78
81
70
53
28
15
-9
-25
-43
-68
-96
-129
-148
-177
-190
-186
-178
-176
-168
-173
-174
-160
-148
-129
-143
-180
-221
-284
-246
-192
-213
-383
-609
-704
-648
-486
-359
-244
-129
-28
50
96
94
88
87
92
103
103
100
87
83
77
80
92
92
86
70
65
55
45
39
25
1
-29
-52
-78
-95
-110
-126
-148
-163
-173
-190
-201
-207
-214
-231
-250
-272
-301
-319
-330
-322
-315
-306
-304
-318
-324
-335
-337
-350
-359
-364
-372
-370
-362
-345
-343
-336
-339
-345
-336
-321
-314
-312
-310
-311
-311
-323
-307
-292
-285
-284
-297
-289
-296
-300
-297
-296
-264
-263
-255
-244
-218
-208
-181
-155
-131
-134
-163
-181
-196
-196
-176
-168
-163
-159
-158
-173
-195
-193
-172
-144
-91
-54
-31
-21
-13
8
17
34
39
29
14
-5
-23
-43
-50
-76
-98
-128
-120
-100
-73
-54
-66
-78
-90
-81
-81
-91
-97
-97
-88
-84
-78
-84
-77
-67
-78
-92
-117
-112
-97
-76
-45
-35
-26
-13
12
24
44
54
69
65
58
49
35
22
28
38
32
29
13
-2
-15
-25
-34
-50
-46
-48
-55
-59
-61
-61
-65
-66
-77
-85
-91
-81
-68
-57
-38
-30
-22
-24
-16
-16
-17
-7
-15
-25
-51
-64
-81
-100
-140
-211
-271
-309
-304
-308
-332
-343
-359
-326
-305
-314
-405
-445
-444
-358
-278
-197
-144
-133
-123
-120
-108
-113
-128
-145
-155
-147
-142
-138
-139
-137
-126
-115
-97
-78
-63
-67
-65
-54
-38
-28
-21
-22
-28
-48
-87
-138
-176
-212
-222
-215
-175
-133
-106
-95
-78
-60
-46
-37
-47
-53
-55
-43
-33
-13
12
26
34
23
14
-5
-11
-13
-19
-30
-40
-39
-38
-30
-19
-11
-4
2
-40
-376
-411
-491
-294
-166
-40
272
550
647
445
160
-39
-50
-31
-31
-10
38
98
148
191
220
229
240
248
248
243
244
231
215
193
177
164
157
157
153
153
138
134
127
126
127
120
110
95
89
79
72
68
64
54
45
38
22
19
17
20
12
6
-1
-10
-8
-6
-9
-32
-52
-79
-97
-110
-118
-125
-135
-133
-127
-133
-157
-204
-288
-343
-362
-313
-253
-197
-142
-107
-79
-63
-50
-56
-78
-86
-90
-85
-71
-64
-61
-66
-55
-62
-63
-61
-56
-66
-87
-95
-92
-64
-31
-24
-33
-37
-28
-24
-4
12
2
-9
-38
-57
-85
-85
-260
-439
-658
-713
-596
-503
-399
-262
-111
-1
55
39
-1
-23
-12
31
68
108
125
128
121
128
124
127
128
122
104
78
61
35
10
-13
-44
-71
-113
-149
-177
-197
-198
-211
-223
-237
-238
-244
-249
-250
-246
-241
-244
-244
-261
-258
-260
-249
-251
-246
-235
-233
-229
-228
-225
-227
-237
-242
-253
-251
-254
-244
-243
-228
-215
-203
-196
-177
-162
-153
-149
-149
-154
-160
-156
-153
-148
-138
-146
-151
-158
-152
-147
-141
-129
-131
-129
-141
-146
-151
-147
-129
-121
-122
-132
-136
-145
-150
-149
-153
-160
-175
-184
-198
-200
-196
-180
-181
-182
-187
-193
-185
-178
-165
-164
-153
-141
-130
-122
-102
-82
-63
-37
-17
-7
5
20
44
54
60
61
61
61
62
56
50
54
40
28
8
8
14
19
31
27
30
15
25
18
39
68
87
98
92
97
97
98
106
99
82
60
56
46
54
65
73
79
80
82
71
61
57
55
42
31
12
-17
-33
-40
-53
-79
-108
-148
-193
-223
-261
-265
-271
-249
-235
-254
-335
-397
-425
-367
-280
-220
-174
-144
-95
-65
-42
-38
-59
-85
-105
-92
-80
-156
