36
30
24
17
6
-4
-15
-18
-18
-24
-23
-19
-11
-9
-9
-2
-2
-4
-6
-5
-3
-2
-3
2
-2
-3
0
4
9
15
5
-3
-11
-17
-20
-16
-14
-9
-9
-4
-6
-13
-11
-6
-9
-14
-17
-19
-29
-36
-37
-43
-51
-65
-80
-93
-103
-111
-113
-105
-90
-78
-63
-51
-43
-35
-36
-36
-33
-37
-28
-22
-29
-29
-32
-42
-44
-55
-61
-67
-68
-67
-65
-64
-66
-69
-77
-82
-86
-86
-86
-81
-75
-64
-46
-29
-29
-19
-13
-9
-14
-17
-9
1
14
18
14
5
-1
-2
-7
-11
-12
-14
-9
-10
-14
-31
-36
-46
-55
-59
-62
-61
-63
-54
-53
-48
-46
-48
-42
-33
-34
-39
-52
-75
-97
-116
-135
-143
-144
-137
-130
-121
-118
-114
-115
-112
-106
-95
-77
-65
-60
-54
-42
-27
-20
-13
-13
-14
-12
-5
-3
-7
-6
-10
-8
-7
-11
-17
-18
-20
-29
-40
-45
-48
-46
-37
-27
-26
-24
-16
-6
5
11
15
12
3
-7
-22
-28
-33
-24
-18
-11
-7
-9
-15
-25
-32
-40
-44
-45
-42
-37
-32
-20
-12
-8
-4
-13
-31
-47
-73
-97
-110
-116
-115
-103
-93
-72
-62
-52
-40
-27
-15
-1
11
11
6
1
-5
-10
-13
-14
-10
-4
0
0
-1
-1
-2
-1
-3
-6
-9
-18
-19
-27
-38
-46
-53
-52
-50
-53
-58
-61
-60
-55
-47
-37
-24
-16
-15
-16
-10
-8
-7
0
3
4
-3
-9
-17
-23
-27
-31
-35
-41
-40
-44
-48
-45
-47
-51
-60
-66
-76
-89
-102
-118
-130
-140
-144
-147
-145
-139
-129
-117
-102
-86
-78
-64
-56
-55
-51
-47
-46
-34
-27
-8
-6
-2
0
-2
-7
-10
-8
-4
-7
-6
-11
-12
-9
-6
-1
-1
0
-10
-15
-15
-11
-10
-13
-10
-7
-4
-5
-2
4
8
11
9
4
-2
0
-8
-13
-21
-22
-25
-25
-28
-35
-34
-37
-31
-29
-35
-31
-37
-41
-42
-56
-71
-79
-81
-83
-91
-95
-105
-106
-101
-97
-99
-98
-90
-78
-66
-57
-48
-42
-36
-24
-18
-11
-3
1
0
1
3
3
-1
-10
-18
-34
-47
-55
-58
-56
-59
-59
-57
-57
-50
-44
-33
-22
-17
-8
3
15
22
28
34
36
35
33
35
31
32
31
31
27
24
21
18
13
9
3
-5
-6
-2
-5
-4
-4
-3
-7
-8
-13
-18
-31
-47
-63
-85
-103
-117
-121
-110
-98
-83
-77
-73
-75
-80
-79
-72
-60
-51
-41
-40
-26
-27
-22
-24
-33
-29
-33
-39
-45
-53
-64
-78
-89
-100
-106
-113
-119
-122
-125
-111
-105
-100
-98
-91
-89
-78
-69
-63
-57
-51
-46
-45
-46
-48
-50
-55
-53
-50
-42
-30
-16
-19
-31
-40
-32
-27
-16
-11
-7
-6
4
11
8
-1
-19
-39
-48
-49
-53
-53
-53
-46
-46
-48
-36
-27
-19
-12
-2
7
16
22
28
30
36
36
31
27
24
17
12
8
7
3
2
-2
-4
-7
-6
2
-1
3
-1
6
4
9
11
9
15
16
24
22
17
8
1
3
17
23
22
15
7
0
-3
-9
-13
-20
-27
-32
-35
-35
-32
-30
-27
-22
-23
-20
-29
-35
-39
-37
-30
-28
-25
-18
-11
-8
-8
-7
-10
-21
-25
-23
-25
-21
-23
-23
-29
-30
-25
-35
-38
-42
-44
-46
-45
-45
-53
-59
-61
-66
-68
-66
-59
-53
-48
-50
-46
-51
-50
-45
-34
-22
-5
3
1
-1
-8
-12
-11
-13
-8
-5
3
3
-1
-12
-22
-28
-35
-38
-39
-35
-31
-23
-19
-18
-6
-6
-3
-1
9
6
-2
-13
-28
-44
-55
-61
-66
-64
-57
-50
-56
-51
-47
-46
-40
-32
-32
-25
-21
-16
-19
-13
-3
6
9
10
3
-10
-16
-24
-24
-18
-18
-11
-11
-11
-15
-17
-27
-33
-39
-41
-42
-27
-15
-4
-6
-24
-51
-75
-86
-81
-71
-58
-57
-64
-67
-69
-73
-84
-82
-74
-60
-48
-43
-44
-68
-81
-95
-99
-104
-98
-91
-77
-67
-57
-60
-66
-67
-68
-63
-62
-66
-65
-61
-55
-55
-45
-40
-33
-27
-15
5
8
-9
-24
-45
-59
-52
-40
-28
-46
-53
-42
-25
-11
1
6
16
29
33
25
17
11
6
0
-10
-25
-45
-65
-91
-121
-143
-148
-135
-118
-96
-86
-71
-60
-46
-32
-31
-30
-41
-46
-55
-40
-23
-22
-29
-43
-59
-66
-73
-66
-69
-59
-55
-53
-49
-51
-56
-59
-61
-69
-75
-66
-50
-42
-42
-49
-53
-55
-39
-29
-25
-13
7
20
28
34
35
32
27
17
1
-13
-16
-10
-2
-18
-32
-61
-63
-56
-52
-64
-80
-85
-90
-86
-84
-82
-83
-95
-109
-123
-122
-118
-106
-100
-99
-90
-81
-61
-36
-27
-32
-35
-36
-42
-55
-69
-69
-52
-23
3
16
27
27
25
13
3
-12
-31
-47
-64
-77
-89
-103
-103
-104
-97
-91
-109
-113
-101
-78
-68
-66
-69
-46
-20
4
4
0
2
14
23
29
35
34
37
30
31
30
29
13
-14
-43
-52
-50
-45
-61
-80
-96
-90
-66
-40
-39
-47
-72
-99
-122
-128
-121
-114
-95
-80
-63
-60
-59
-57
-60
-62
-54
-47
-40
-27
-5
7
6
-3
-12
-9
-8
-4
-6
-8
-4
-5
-14
-17
-26
-26
-29
-28
-33
-42
-40
-44
-54
-52
-34
-14
6
28
41
49
54
52
44
39
48
55
52
46
38
30
24
19
14
8
3
5
-4
-5
-2
0
1
2
0
-11
-20
-24
-40
-63
-90
-115
-125
-121
-108
-99
-95
-96
-98
-106
-116
-109
-113
-99
-70
-38
-18
-13
-24
-32
-35
-29
-28
-25
-28
-20
-8
-1
11
21
30
38
43
40
33
28
17
11
7
-1
-9
-22
-25
-33
-48
-48
-40
-21
-12
-17
-23
-33
-33
-26
-22
-10
3
16
25
35
39
40
38
33
24
13
-20
-35
-47
-32
-27
-53
-98
-119
-117
-100
-90
-89
-71
-45
-11
6
19
30
38
40
38
34
31
22
16
9
2
-7
-14
-21
-23
-35
-35
-42
-44
-44
-36
-35
-37
-35
-36
-39
-42
-40
-47
-47
-45
-44
-47
-51
-47
-52
-49
-52
-57
-57
-57
-58
-63
-60
-54
-58
-58
-55
-46
-35
-29
-33
-39
-55
-68
-76
-78
-72
-65
-57
-47
-35
-22
-22
-16
-20
-22
-22
-18
-13
-17
-14
-10
-8
-13
-22
-33
-40
-47
-47
-55
-54
-42
-36
-28
-25
-17
-9
2
13
8
2
-10
-21
-28
-41
-49
-60
-65
-71
-66
-69
-66
-60
-53
-47
-48
-51
-59
-64
-67
-72
-73
-70
-72
-75
-83
-90
-93
-91
-90
-91
-95
-92
-92
-93
-97
-91
-88
-90
-85
-81
-75
-70
-66
-61
-52
-49
-45
-49
-47
-38
-27
-21
-21
-19
-18
-22
-24
-30
-32
-34
-34
-46
-54
-60
-76
-88
-100
-106
-117
-118
-111
-109
-106
-106
-104
-97
-92
-93
-91
-92
-91
-94
-99
-99
-104
-105
-103
-90
-72
-58
-39
-32
-30
-30
-32
-37
-36
-30
-25
-16
-20
-17
-21
-27
-30
-37
-38
-43
-36
-31
-25
-14
-13
-15
-18
-17
-9
2
16
29
30
28
23
21
20
17
15
13
18
27
27
27
25
20
15
10
4
-4
-3
-5
-8
-16
-19
-28
-36
-50
-59
-66
-82
-99
-112
-122
-119
-109
-96
-89
-77
-55
-34
-20
-11
-11
-9
-4
1
3
2
6
5
5
7
0
-3
-10
-15
-9
-8
-6
-6
-3
4
2
-6
-21
-32
-41
-41
-32
-28
-32
-25
-31
-33
-32
-36
-29
-28
-21
-17
-17
-17
-22
-15
-4
10
12
-8
-27
-38
-24
-11
-1
7
18
26
37
49
53
58
57
47
22
-1
-34
-61
-76
-90
-104
-114
-114
-108
-102
-91
-78
-70
-58
-42
-32
-24
-16
-5
0
7
17
23
28
32
35
33
32
30
21
15
4
-7
-27
-37
-48
-47
-57
-60
-58
-65
-67
-62
-59
-58
-52
-49
-43
-34
-28
-27
-28
-28
-24
-26
-28
-21
-16
-15
-14
-21
-31
-41
-43
-49
-51
-47
-43
-42
-44
-41
-42
-38
-32
-28
-23
-23
-26
-30
-42
-59
-76
-103
-127
-144
-153
-151
-144
-135
-131
-118
-110
-100
-85
-62
-44
-30
-25
-15
-11
-1
0
-2
-3
-2
-2
-5
-1
3
2
4
1
1
-6
-8
-7
-1
-4
-11
-9
1
4
7
5
0
4
8
11
13
17
15
4
-22
-45
-65
-71
-67
-59
-48
-38
-23
-16
-9
-6
-4
1
5
10
10
6
5
0
-2
-7
-15
-25
-35
-27
-33
-38
-48
-60
-68
-64
-64
-62
-66
-59
-50
-45
-40
-34
-29
-26
-15
-7
-8
-5
-7
-13
-18
-32
-40
-53
-63
-70
-79
-80
-78
-74
-75
-75
-74
-73
-72
-66
-64
-67
-62
-66
-60
-47
-34
-25
-24
-25
-29
-31
-32
-31
-30
-29
-31
-32
-33
-40
-30
-31
-36
-30
-23
-19
-27
-31
-44
-43
-40
-44
-43
-44
-45
-51
-56
-62
-78
-103
-119
-131
-141
-139
-129
-108
-95
-78
-63
-46
-34
-22
-14
-19
-23
-24
-27
-30
-29
-30
-31
-26
-22
-23
-19
-21
-15
-7
1
1
-9
-19
-26
-32
-38
-44
-53
-51
-47
-36
-41
-43
-45
-44
-39
-32
-17
-5
5
8
7
-2
-12
-12
-23
-29
-34
-40
-44
-48
-59
-65
-71
-68
-68
-69
-67
-64
-69
-68
-72
-81
-89
-93
-94
-104
-114
-125
-132
-128
-118
-102
-88
-78
-66
-55
-44
-28
-21
-14
-8
-2
9
13
22
25
27
24
24
23
22
20
19
16
14
13
1
-5
-4
-5
-7
-12
-14
-17
-23
-35
-36
-34
-34
-31
-35
-38
-40
-34
-36
-29
-22
-17
-13
-14
-9
-8
-2
-5
-5
-2
2
1
-2
-8
-11
-12
-17
-15
-16
-18
-17
-19
-18
-16
-15
-14
-21
-19
-24
-24
-24
-17
-20
-23
-15
-17
-20
-18
-19
-20
-19
-18
-20
-25
-27
-24
-22
-20
-9
0
12
18
25
23
20
17
12
6
-1
-5
-10
-13
-13
-17
-20
-20
-19
-20
-21
-22
-24
-27
-29
-31
-36
-45
-49
-60
-71
-83
-89
-97
-103
-105
-103
-104
-97
-99
-99
-101
-96
-91
-78
-64
-48
-36
-23
-15
-14
-17
-18
-15
-14
-13
-12
-17
-21
-22
-23
-14
-12
-9
-12
-18
-16
-19
-23
-21
-18
-17
-15
-10
-7
-9
-7
-2
0
11
18
26
30
30
39
38
28
14
4
-8
-9
-9
-8
-3
3
1
-4
-12
-15
-20
-25
-23
-20
-26
-24
-25
-35
-41
-41
-53
-61
-58
-59
-55
-53
-65
-78
-87
-97
-100
-106
-104
-107
-110
-110
-109
-104
-118
-111
-102
-80
-67
-79
-91
-97
-88
-76
-72
-66
-57
-39
-26
-18
-14
-10
-12
-20
-22
-26
-31
-47
-72
-90
-96
-95
-98
-98
-98
-98
-93
-87
-85
-88
-91
-91
-93
-92
-92
-84
-82
-76
-73
-76
-76
-73
-75
-72
-64
-53
-44
-35
-26
-28
-33
-33
-36
-37
-38
-41
-42
-38
-30
-25
-23
-23
-28
-39
-37
-28
-10
7
-1
-7
-19
-20
-18
-19
-26
-21
-10
0
9
20
26
28
30
31
21
7
-17
-33
-50
-54
-61
-73
-86
-93
-93
-84
-72
-49
-39
-30
-25
-21
-31
-24
-34
-46
-54
-54
-54
-65
-84
-107
-116
-109
-99
-96
-87
-73
-53
-30
-9
4
10
15
19
23
18
6
-1
-13
-14
-16
-15
-22
-29
-35
-50
-58
-54
-51
-32
-7
10
12
4
3
15
33
39
42
36
33
35
40
41
47
53
58
56
42
18
-12
-39
-57
-73
-87
-98
-108
-122
-129
-132
-122
-106
-90
-78
-67
-56
-51
-42
-44
-38
-40
-39
-39
-36
-29
-21
-17
-18
-27
-30
-36
-42
-47
-44
-51
-53
-57
-54
-62
-58
-46
-41
-34
-29
-23
-21
-18
-16
-22
-29
-26
-21
-15
-2
4
10
12
13
11
7
4
1
1
4
11
13
11
10
10
3
-2
-10
-19
-28
-28
-25
-23
-24
-42
-66
-102
-131
-149
-156
-154
-139
-126
-110
-95
-83
-69
-58
-44
-37
-38
-44
-46
-49
-49
-47
-47
-41
-36
-38
-32
-37
-29
-31
-31
-39
-37
-42
-43
-43
-50
-52
-43
-41
-42
-43
-47
-41
-38
-22
-13
-6
8
18
28
28
31
29
27
26
22
11
-1
-11
-19
-20
-21
-17
-14
-11
-17
-24
-44
-60
-79
-94
-107
-111
-110
-99
-89
-78
-73
-70
-52
-48
-43
-33
-32
-25
-24
-14
-11
-5
0
1
2
3
4
-3
-9
-12
-15
-23
-22
-31
-26
-25
-20
-18
-13
-11
-2
0
6
9
13
10
12
12
13
11
10
4
4
1
-1
-4
-9
-17
-28
-44
-49
-59
-69
-77
-80
-90
-89
-80
-72
-59
-54
-38
-29
-20
-11
-7
-6
-11
-19
-32
-39
-48
-54
-61
-70
-74
-78
-78
-78
-74
-76
-68
-61
-56
-56
-55
-51
-52
-44
-36
-24
-14
-3
7
9
9
8
4
9
7
10
7
10
13
14
18
17
6
-6
-10
-17
-23
-29
-37
-46
-53
-55
-58
-65
-72
-80
-92
-91
-88
-80
-74
-66
-59
-48
-45
-34
-26
-17
-16
-15
-18
-20
-20
-24
-25
-31
-40
-45
-42
-51
-63
-74
-85
-87
-94
-99
-102
-99
-91
-77
-68
-59
-50
-46
-42
-31
-20
-10
-15
-15
-15
-20
-30
-23
-21
-12
-9
-5
-2
-6
-6
-8
-12
-14
-20
-27
-33
-43
-58
-68
-83
-95
-108
-120
-125
-136
-142
-149
-145
-138
-124
-112
-99
-86
-72
-52
-43
-32
-33
-32
-37
-39
-41
-39
-45
-42
-34
-30
-24
-19
-19
-13
-12
-14
-19
-23
-27
-34
-41
-39
-34
-25
-20
-17
-23
-21
-15
-7
1
7
11
10
9
12
10
11
14
20
21
19
14
14
7
4
4
-2
-12
-18
-31
-36
-37
-32
-29
-28
-28
-34
-43
-46
-46
-48
-42
-41
-33
-18
2
22
34
41
45
43
40
41
39
33
35
38
31
24
15
3
-17
-22
-34
-39
-40
-48
-48
-50
-52
-46
-37
-21
-13
-20
-36
-40
-48
-43
-35
-20
-4
-6
-8
-16
-8
0
5
3
6
15
27
31
36
34
25
9
-4
-24
-44
-60
-77
-96
-105
-110
-114
-118
-122
-123
-127
-126
-125
-123
-124
-124
-122
-133
-141
-153
-152
-149
-136
-113
-87
-55
-25
-11
-14
-16
-22
-25
-18
-9
0
5
5
2
-1
-1
0
1
-2
-6
-16
-23
-19
-6
13
24
19
11
7
6
7
-6
-14
-13
-6
4
9
14
9
7
3
-4
-16
-32
-40
-41
-49
-59
-69
-80
-100
-113
-129
-137
-157
-174
-198
-207
-206
-203
-191
-178
-169
-171
-170
-169
-163
-146
-121
-93
-70
-56
-38
-27
-19
-8
-5
-3
5
15
24
28
28
26
21
16
6
-3
-9
-10
-8
-12
-12
-7
-8
-11
-14
-23
-30
-34
-36
-41
-41
-39
-37
-34
-30
-24
-24
-19
-12
-15
-20
-22
-28
-33
-27
-11
0
-1
-10
-28
-27
-23
-19
-25
-25
-22
-15
-21
-17
-21
-29
-43
-54
-62
-77
-89
-105
-116
-123
-122
-114
-108
-92
-73
-49
-19
8
25
34
44
49
51
52
53
52
50
54
56
52
43
35
20
18
19
22
18
15
12
7
4
0
-7
-22
-31
-37
-54
-63
-74
-80
-88
-97
-101
-96
-80
-59
-47
-47
-39
-43
-40
-25
-11
13
24
20
10
7
7
4
-3
-13
-20
-16
-13
-5
0
3
1
-1
-8
-17
-35
-48
-59
-68
-76
-80
-79
-79
-71
-74
-84
-93
-107
-114
-116
-118
-121
-122
-120
-113
-103
-89
-70
-55
-40
-27
-21
-18
-14
-10
-9
-9
-5
-6
-14
-11
-7
-4
0
1
0
-3
1
3
1
-6
-15
-22
-27
-29
-24
-19
-11
-13
-14
-15
-10
-3
3
7
9
6
4
1
-4
-11
-16
-20
-11
-9
-4
-6
-10
-19
-20
-30
-39
-47
-58
-68
-80
-94
-108
-117
-117
-116
-116
-118
-113
-109
-103
-101
-98
-93
-80
-58
-45
-24
-7
5
0
-4
-1
-6
-4
-7
-10
-21
-27
-43
-44
-44
-33
-29
-19
-15
-14
-18
-22
-17
-15
-12
-11
-13
-16
-14
-13
-11
-11
-13
-18
-19
-22
-15
-12
-6
-5
-5
-9
-13
-16
-24
-30
-27
-23
-28
-34
-44
-55
-62
-58
-58
-63
-69
-78
-84
-92
-91
-87
-80
-67
-60
-61
-69
-70
-75
-72
-65
-48
-37
-25
-22
-12
-16
-14
-18
-23
-21
-20
-19
-20
-20
-25
-31
-37
-44
-51
-57
-67
-75
-78
-86
-80
-82
-74
-60
-53
-34
-26
-8
-1
5
13
8
4
-11
-14
-10
2
15
15
2
-11
-18
-29
-27
-13
0
6
-5
-22
-32
-38
-36
-27
-19
-12
-1
3
3
-9
-29
-57
-75
-91
-100
-104
-102
-91
-86
-77
-70
-67
-62
-60
-62
-62
-51
-44
-37
-28
-13
-6
1
15
23
34
43
49
51
51
43
40
31
26
25
18
9
-5
-14
-18
-15
-8
-12
-10
-17
-18
-18
-9
7
16
22
25
23
19
10
3
1
-1
2
-1
-12
-19
-22
-27
-29
-32
-29
-30
-31
-41
-57
-76
-87
-90
-90
-80
-72
-63
-64
-58
-50
-52
-53
-52
-55
-58
-57
-65
-72
-75
-77
-77
-78
-71
-67
-55
-44
-38
-29
-19
-8
-1
2
3
1
-7
-11
-16
-12
-17
-12
-15
-14
-14
-14
-15
-17
-12
-17
-20
-21
-13
-9
-7
-3
-1
-3
-2
-2
-12
-25
-41
-52
-59
-58
-55
-51
-52
-45
-43
-39
-36
-37
-45
-54
-63
-75
-79
-76
-74
-71
-73
-69
-68
-66
-68
-67
-72
-72
-69
-70
-66
-58
-52
-48
-49
-46
-46
-52
-51
-52
-56
-56
-56
-56
-53
-49
-46
-38
-29
-24
-15
-13
-14
-18
-21
-28
-22
-22
-23
-25
-24
-27
-25
-24
-27
-32
-36
-36
-42
-43
-45
-51
-57
-60
-70
-74
-83
-91
-93
-92
-77
-59
-41
-25
-17
-13
-14
-10
-12
-17
-15
-18
-19
-23
-26
-32
-42
-45
-63
-73
-82
-84
-87
-87
-91
-97
-106
-108
-106
-101
-87
-83
-72
-67
-58
-44
-39
-28
-20
-14
-12
-11
-6
-4
1
4
6
0
-7
-9
-16
-19
-25
-26
-27
-14
-3
-4
-13
-25
-36
-37
-44
-45
-47
-46
-52
-58
-70
-75
-80
-82
-82
-72
-61
-57
-63
-70
-76
-77
-66
-62
-53
-46
-42
-36
-30
-17
-16
-19
-21
-32
-38
-40
-38
-35
-37
-31
-26
-24
-23
-16
-25
-19
-25
-27
-28
-30
-22
-16
-8
-3
-5
-13
-25
-31
-21
-6
7
-2
-8
-20
-7
-1
1
4
9
11
14
18
18
15
7
-8
-27
-49
-73
-95
-108
-109
-113
-119
-129
-139
-147
-147
-138
-125
-115
-103
-97
-90
-81
-66
-58
-48
-48
-35
-23
-14
-9
-4
4
10
10
9
5
7
4
0
6
7
12
15
20
15
6
0
-12
-24
-32
-41
-47
-46
-51
-44
-46
-39
-33
-30
-25
-24
-25
-19
-13
-12
-11
-17
-12
-7
0
9
10
3
-5
-12
-16
-18
-25
-21
-22
-15
-10
-11
-16
-20
-29
-42
-52
-71
-92
-107
-113
-111
-109
-102
-98
-92
-93
-87
-79
-81
-79
-75
-65
-54
-41
-34
-25
-18
-15
-12
-11
-10
-14
-12
-12
-10
-10
-14
-11
-9
-4
3
2
0
-11
-21
-23
-27
-31
-38
-35
-22
-11
-4
-4
0
1
1
1
3
7
13
20
21
14
5
5
3
0
-4
-14
-23
-27
-28
-30
-26
-23
-19
-15
-3
-5
-7
-13
-9
-15
-30
-58
-87
-114
-124
-116
-99
-83
-70
-58
-54
-40
-35
-23
-21
-11
-6
-2
0
4
4
-1
-4
-9
-14
-15
-13
-10
-9
-7
-8
-6
-4
1
1
-7
-13
-21
-26
-29
-25
-28
-29
-33
-35
-43
-48
-44
-46
-48
-38
-42
-37
-33
-16
-13
-10
-13
-17
-19
-16
-11
-15
-7
-3
-9
-24
-40
-48
-58
-65
-72
-81
-92
-101
-105
-105
-99
-99
-94
-102
-91
-84
-75
-57
-40
-24
-11
-8
-5
-5
-7
-13
-17
-24
-21
-31
-36
-42
-49
-57
-68
-66
-67
-58
-55
-39
-34
-20
-8
-1
-1
-3
2
1
5
0
-4
-9
-17
-12
-20
-32
-43
-51
-58
-56
-40
-28
-22
-26
-33
-34
-38
-39
-41
-30
-16
-4
0
2
3
1
-4
-14
-21
-39
-57
-73
-91
-98
-104
-109
-112
-110
-105
-98
-88
-79
-72
-67
-68
-67
-68
-59
-39
-27
-19
-13
-5
-3
-1
-4
-7
-12
-10
-8
-12
-10
-7
-12
-13
-12
-13
-13
-16
-14
-15
-16
-13
-16
-20
-25
-26
-31
-32
-35
-35
-40
-41
-35
-36
-38
-31
-30
-34
-36
-31
-42
-42
-36
-38
-38
-39
-44
-47
-45
-42
-39
-39
-44
-48
-54
-54
-55
-59
-60
-58
-55
-48
-47
-50
-48
-52
-49
-51
-47
-43
-35
-36
-40
-39
-48
-49
-44
-41
-38
-41
-36
-36
-30
-33
-27
-17
-9
-1
0
-5
-7
-7
-11
-8
-12
-10
-14
-22
-26
-27
-12
-2
-12
-37
-67
-84
-95
-97
-90
-79
-57
-38
-18
-4
6
11
13
9
5
-1
-12
-27
-36
-46
-57
-69
-82
-82
-76
-58
-48
-42
-35
-30
-26
-35
-33
-38
-45
-51
-56
-54
-50
-49
-62
-82
-95
-100
-102
-95
-75
-51
-30
-21
-27
-44
-54
-58
-68
-64
-49
-30
-24
-14
-14
-11
-11
-13
-16
-19
-20
-21
-27
-40
-59
-86
-111
-131
-141
-145
-151
-154
-153
-147
-137
-120
-96
-64
-48
-62
-75
-71
-37
-7
8
20
34
50
73
89
95
97
97
89
85
75
67
55
46
34
18
4
-4
-7
-9
-11
-12
-21
-31
-33
-43
-56
-66
-72
-83
-87
-93
-93
-89
-78
-69
-75
-86
-101
-105
-104
-101
-96
-102
-96
-83
-66
-49
-34
-27
-31
-39
-34
-46
-49
-47
-45
-42
-40
-32
-27
-31
-35
-42
-45
-44
-34
-32
-31
-33
-32
-31
-36
-37
-40
-45
-46
-47
-46
-38
-29
-28
-28
-31
-35
-48
-53
-61
-68
-72
-77
-78
-70
-55
-37
-24
-7
8
22
23
23
15
9
1
-7
-16
-24
-33
-41
-47
-53
-56
-50
-50
-46
-53
-55
-54
-57
-57
-58
-48
-45
-33
-29
-17
-21
-12
5
19
27
22
18
13
12
17
19
17
16
11
0
-9
-25
-37
-44
-42
-38
-56
-75
-93
-102
-107
-107
-99
-90
-81
-75
-69
-70
-72
-71
-68
-60
-48
-40
-26
-8
7
