88
77
69
56
45
35
21
-8
-33
-44
-51
-59
-55
-67
-64
-83
-115
-140
-167
-177
-186
-177
-166
-156
-149
-156
-154
-156
-144
-133
-127
-117
-106
-92
-84
-81
-75
-72
-53
-41
-43
-51
-60
-68
-73
-74
-72
-63
-45
-33
-22
-22
-30
-36
-44
-42
-42
-41
-46
-51
-52
-60
-63
-63
-66
-68
-72
-75
-76
-69
-56
-41
-21
-2
21
34
51
59
79
83
95
106
100
105
87
81
63
42
32
16
-26
-33
-30
-2
19
18
-1
-13
-43
-79
-119
-145
-141
-97
-20
47
86
45
4
-37
-43
-47
-54
-50
-31
-9
-14
-34
-66
-73
-67
-34
5
39
67
53
15
-56
-131
-164
-186
-159
-120
-84
-50
-35
-20
-18
-20
-23
-23
-29
-38
-63
-128
-166
-157
-89
-26
-62
-312
-371
-424
-303
-188
-152
-66
-13
-18
-49
-41
34
143
233
274
269
243
217
198
180
165
153
149
145
139
135
128
120
107
97
84
74
64
53
40
28
18
8
0
-8
-12
-23
-32
-34
-44
-52
-58
-68
-76
-84
-98
-119
-142
-163
-178
-186
-187
-179
-178
-174
-163
-141
-107
-73
-51
-49
-58
-66
-75
-84
-84
-79
-66
-50
-43
-33
-29
-14
4
14
23
22
20
19
21
11
-5
-8
1
7
3
-3
-9
-10
-13
-15
-19
-21
-27
-27
-26
-31
-25
-32
-35
-44
-47
-53
-62
-69
-75
-81
-87
-97
-111
-121
-114
-99
-61
-26
-20
-29
-57
-80
-104
-115
-122
-107
-89
-70
-52
-51
-54
-58
-57
-63
-69
-83
-85
-79
-61
-46
-36
-28
-22
-27
-28
-22
-15
-17
-27
-43
-58
-62
-74
-81
-94
-104
-110
-103
-86
-56
-37
-27
-19
-15
-14
-23
-22
-19
-2
19
49
68
95
122
135
163
178
198
204
206
210
215
210
189
151
119
89
60
39
34
40
52
53
40
25
14
9
28
9
22
37
87
120
89
33
-71
-142
-174
-159
-116
-92
-84
-61
-44
-33
-26
-13
-3
-5
-5
-8
-13
-13
-16
-21
-27
-40
-53
-62
-63
-63
-62
-52
-48
-38
-34
-32
-19
-19
-23
-35
-46
-51
-51
-55
-54
-54
-49
-30
-5
26
46
65
72
73
68
61
52
53
67
94
122
137
143
127
104
74
61
56
46
37
11
5
3
17
24
47
85
120
151
149
105
47
-8
-33
-36
-31
-12
14
43
60
52
38
38
53
94
124
130
130
82
37
11
-15
0
-6
-9
-23
-29
-34
-45
-69
-107
-126
-129
-120
-120
-117
-242
-262
-285
-210
-103
-65
-41
-16
-5
2
-10
-9
-4
17
33
48
51
57
57
59
60
59
68
70
61
50
36
26
19
25
38
50
65
75
85
104
125
129
143
153
176
184
179
101
21
-39
-22
56
117
116
58
-4
-46
-96
-93
-93
-80
-48
-59
-56
-46
-29
18
94
123
102
29
-19
0
25
37
-7
-79
-133
-156
-121
-50
30
99
143
147
93
26
-73
-150
-182
-192
-156
-117
-74
-33
-11
5
8
10
9
3
-24
-67
-70
-60
9
35
-55
-172
-270
-290
-246
-183
-119
-60
-28
-31
-44
-46
-9
66
139
181
175
162
150
144
133
128
128
123
111
82
52
20
-10
-42
-77
-106
-140
-144
-150
-139
-145
-150
-157
-149
-130
-113
-108
-113
-121
-124
-121
-116
-99
-90
-77
-62
-59
-55
-51
-50
-47
-42
-39
-26
-19
-5
12
31
46
61
67
71
77
74
64
51
46
43
40
27
17
2
-7
-31
-57
-68
-50
6
69
108
117
72
2
-49
-83
-73
-60
-50
-50
-62
-69
-79
-86
-94
-101
-100
-102
-98
-96
-91
-86
-76
-74
-69
-64
-64
-64
-68
-72
-72
-63
-48
-36
-25
-24
-20
-22
-22
-26
-26
-15
-13
0
2
13
22
25
27
24
21
10
-1
-11
-27
-37
-30
10
50
91
115
130
158
174
202
202
195
187
176
149
114
78
48
21
6
-9
-11
-12
-25
-48
-44
-1
69
127
135
106
52
15
-13
0
15
37
50
52
54
57
29
-15
-36
-15
51
103
-5
-90
-192
-213
-195
-168
-108
-6
50
64
46
16
-1
26
85
160
200
196
173
146
121
99
82
76
71
63
49
32
21
17
14
18
6
-10
-21
-30
-31
-35
-35
-43
-53
-60
-67
-73
-77
-75
-67
-62
-59
-58
-56
-59
-64
-73
-86
-93
-97
-97
-91
-77
-66
-60
-57
-63
-66
-64
-57
-44
-36
-34
-42
-53
-63
-46
-37
-7
16
-3
9
-7
-5
-17
-45
-80
-105
-139
-148
-142
-134
-128
-130
-122
-96
-61
-25
-4
-2
-12
-25
-47
-52
-46
-22
4
24
21
9
-8
-21
-42
-57
-69
-75
-82
-89
-98
-92
-47
36
141
161
56
-27
-87
-49
-10
-12
-10
5
21
39
59
81
101
121
139
148
148
137
128
115
101
82
65
49
41
34
28
31
29
24
9
7
-2
-9
-18
-20
-14
-29
-26
5
65
109
105
57
-23
-99
-171
-202
-207
-188
-160
-141
-119
-99
-79
-56
-34
-40
-40
-41
5
59
108
97
50
17
-11
-31
-75
-120
-132
-121
-103
-90
-84
-76
-66
-45
-43
-57
-84
-103
-88
-62
-17
8
-106
-158
-225
-159
-54
4
30
59
81
85
70
61
63
71
79
77
68
59
55
60
68
82
97
103
99
89
75
61
48
35
22
-4
-22
-39
-54
-79
-80
-63
-30
10
27
53
63
79
80
86
96
97
89
79
82
87
89
84
48
17
-14
-30
-16
16
69
110
95
61
3
-45
-76
-88
-62
-36
-6
11
21
27
29
24
18
-9
-44
-62
-35
20
66
-24
-121
-236
-260
-210
-152
-72
3
38
39
-3
-28
-6
65
130
160
145
131
127
127
122
119
115
105
92
72
47
17
-16
-41
-59
-63
-63
-59
-53
-48
-37
-43
-54
-66
-72
-75
-87
-93
-99
-108
-117
-121
-121
-110
-86
-69
-49
-29
-25
-30
-38
-46
-49
-44
-43
-46
-53
-61
-63
-64
-56
-51
-32
-13
21
64
87
108
113
136
137
154
133
118
91
67
43
13
-4
-1
-2
3
1
-7
-8
-16
-19
-17
-24
-14
-3
11
17
11
-9
-41
-78
-100
-95
-63
-42
-22
-27
-29
-37
-49
-81
-100
-126
-127
-108
-113
-119
-122
-135
-126
-138
-145
-142
-134
-104
-84
-82
-78
-84
-84
-73
-57
-23
0
-22
-36
-63
-51
-16
32
60
70
54
34
19
18
15
17
14
15
17
18
15
20
21
32
48
61
74
78
75
68
63
54
54
57
59
58
51
45
57
69
89
106
117
133
133
125
102
65
24
2
-2
-11
-18
-43
-78
-84
-106
-87
-81
-64
-57
-49
-35
-30
-16
1
4
0
11
47
96
119
111
81
29
-25
-66
-61
-46
-23
-11
-14
-13
-27
-43
-59
-62
-43
-69
-155
-203
-227
-180
-130
-99
-43
3
21
5
-30
-39
7
66
113
119
96
74
55
34
14
1
-10
-12
-12
-4
-6
-3
-3
4
1
7
8
8
-2
-18
-28
-37
-28
-15
-11
-10
-10
1
6
6
9
6
2
5
5
10
14
9
16
8
-1
-10
-35
-51
-53
-41
-10
45
88
149
194
227
228
188
122
39
-8
-54
-49
-28
-10
9
10
11
6
-10
-13
-33
-28
-32
-34
-39
-22
-3
15
20
6
-10
-48
-38
-28
-6
-4
-26
-57
-107
-121
-92
-36
-37
-78
-186
-221
-222
-205
-148
-85
7
81
112
118
123
129
117
77
25
-7
4
23
70
-113
-201
-300
-250
-123
-100
-98
-79
-55
-39
-25
-14
-14
-18
-31
-45
-54
-55
-65
-71
-84
-83
-84
-77
-71
-69
-58
-46
-35
-32
-35
-32
-31
-34
-40
-37
-33
-16
-7
-4
-10
-17
-12
-12
-11
1
9
18
17
12
7
2
-3
0
-6
-9
-9
-10
-11
-19
-16
-10
-3
3
1
4
8
22
28
33
27
19
5
5
1
1
7
-4
-27
-61
-61
-44
-7
20
36
47
66
80
96
117
136
115
75
46
43
66
81
87
96
101
101
91
73
40
-4
-52
-83
-60
0
61
105
101
80
34
-10
-33
-38
-27
-32
-51
-84
-113
-160
-187
-198
-161
-101
-52
-17
-9
-22
-60
-98
-108
-107
-85
-69
-53
-17
-7
-31
-30
-39
-16
-14
-25
-34
-62
-53
-47
-34
-15
-6
4
7
-19
-3
-1
19
-3
-29
-211
-235
-152
67
314
396
404
412
351
245
166
168
242
315
353
341
304
257
203
150
109
89
82
82
75
55
41
18
15
13
17
28
32
32
30
15
5
2
-4
-5
-12
-20
-15
-24
-21
-22
-28
-36
-50
-66
-81
-89
-98
-105
-110
-108
-102
-94
-86
-86
-84
-86
-86
-90
-94
-94
-94
-84
-72
-65
-71
-78
-84
-86
-75
-62
-44
-33
-28
-22
-22
-20
-24
-27
-41
-45
-54
-62
-67
-70
-78
-85
-94
-88
-95
-103
-116
-124
-125
-99
-73
-54
-28
-33
-10
4
6
16
25
50
67
71
59
47
34
5
-15
-16
-15
-13
-12
-46
-64
-96
-129
-115
-101
-63
-45
-44
-43
-40
-39
-36
-23
-15
-6
6
15
-1
-29
-25
5
73
147
117
-82
-169
-253
-157
-83
-70
-27
12
41
44
37
30
60
137
213
255
246
216
184
164
148
141
148
157
169
165
153
138
121
110
103
91
80
75
73
74
70
65
61
59
62
60
54
43
38
28
16
4
-10
-22
-28
-37
-41
-44
-49
-62
-78
-92
-94
-97
-101
-116
-140
-167
-190
-207
-219
-229
-236
-244
-243
-236
-202
-176
-161
-161
-185
-217
-219
-214
-176
-148
-126
-94
-71
-51
-41
-38
-42
-58
-70
-81
-83
-80
-68
-66
-79
-89
-104
-79
-69
-67
-83
-107
-113
-112
-87
-61
-37
-34
-25
-26
-26
-31
-31
-34
-35
-37
-42
-38
-35
-27
-25
-22
-19
-19
-16
-19
-21
-28
-23
-11
-5
0
-5
-14
-22
-22
-16
-4
6
-3
-11
-31
-25
-12
5
45
75
109
102
101
119
168
223
267
279
275
246
194
147
87
33
5
31
92
159
188
158
96
36
-17
-31
-52
-83
-96
-123
-96
-54
5
63
25
30
8
42
77
90
109
126
130
116
108
93
84
48
3
-53
-93
-93
-103
-59
-60
-57
-66
-72
-55
-35
-18
-29
-38
-34
-17
-11
-9
-252
-299
-346
-168
71
194
285
330
315
233
165
124
169
232
298
311
289
268
242
221
208
205
202
188
169
147
130
112
103
89
72
54
31
6
-16
-35
-58
-79
-95
-113
-126
-140
-148
-155
-151
-149
-145
-145
-144
-136
-134
-128
-117
-102
-98
-104
-121
-131
-134
-126
-120
-121
-121
-122
-123
-108
-94
-77
-68
-62
-59
-56
-50
-35
-15
-10
-22
-37
-50
-67
-81
-97
-104
-117
-130
-152
-168
-173
-175
-164
-146
-131
-110
-103
-86
-72
-70
-69
-73
-79
-91
-96
-105
-91
-66
-48
-33
-34
-26
-30
-27
-7
2
11
6
0
-9
-17
-23
-44
-64
-63
-43
-12
27
55
63
43
27
14
20
19
19
17
13
15
19
28
30
33
39
42
43
33
23
15
9
-1
-15
-26
-41
-51
-60
-66
-69
-71
-48
-34
1
20
40
55
67
65
56
76
115
182
217
222
203
161
116
63
23
-17
-41
-47
-35
-30
-15
5
33
52
58
35
11
-14
-32
-34
-35
-7
4
9
4
1
-18
-33
-52
-60
-50
-24
-13
-33
-76
-115
-121
-116
-107
-85
-61
-39
-23
-32
-42
-57
-54
-62
-62
-70
-94
-107
-143
-147
-128
-88
-47
-24
-12
0
18
25
36
49
57
57
61
55
43
31
21
13
19
18
20
15
17
16
16
21
28
36
36
25
22
11
0
-13
-31
-48
-50
-52
-54
-54
-55
-57
-62
-75
-81
-97
-114
-142
-166
-167
-140
-94
-54
-16
7
45
69
110
128
139
154
178
201
203
188
159
131
111
91
65
54
20
6
2
25
80
122
144
132
102
53
15
-9
-29
-32
-30
-27
-27
-24
-22
-19
-2
16
34
16
-41
-108
-154
-148
-124
-93
-64
-56
-50
-45
-31
-22
-19
-28
-25
-21
-11
9
-22
-107
-176
-228
-204
-163
-131
-92
-76
-70
-59
-49
-33
-36
-37
-38
-30
-18
-9
-18
-27
-48
-61
-73
-76
-74
-73
-72
-58
-54
-38
-42
-45
-51
-45
-44
-40
-42
-40
-27
-20
-12
-15
-24
-25
-22
-9
-6
-12
-5
1
5
16
26
30
39
39
23
20
28
52
84
110
135
155
128
125
139
174
207
218
193
165
117
71
32
-7
-39
-38
-24
15
41
51
52
45
25
20
26
55
80
94
85
59
24
-16
-68
-83
-60
-12
24
-21
-51
-104
-109
-106
-104
-87
-73
-58
-43
-39
-63
-87
-109
-79
-73
-73
-206
-211
-231
-145
-110
-98
-82
-53
-39
-32
-35
-40
-49
-60
-68
-64
-59
-53
-43
-32
-10
-7
0
-7
-23
-32
-42
-43
-26
-11
-20
-27
-39
-42
-43
-47
-39
-32
-23
-15
-26
-23
-23
-16
-5
3
22
40
46
42
29
18
18
28
38
43
36
39
39
37
38
35
34
37
44
50
53
48
47
44
45
55
79
102
125
144
144
169
208
258
295
303
299
281
248
179
99
18
-47
-90
-114
-120
-112
-95
-64
-26
13
40
65
75
77
50
21
-2
-9
0
45
-93
-84
-104
-57
5
-17
0
36
52
8
-53
-80
-24
55
137
162
154
140
123
101
86
77
71
58
38
35
58
87
111
99
48
-29
-75
-96
-72
-60
-61
-60
-73
-73
-67
-62
-60
-67
-75
-90
-94
-96
-92
-90
-89
-94
-104
-113
-115
-115
-115
-109
-99
-90
-89
-91
-95
-98
-90
-88
-86
-92
-104
-113
-134
-143
-159
-170
-182
-188
-177
-141
-80
-22
38
74
99
113
116
115
119
105
96
89
80
60
5
-12
-32
-7
0
-23
-33
-40
-31
-12
-7
0
-4
-3
-34
-62
-59
-6
85
114
49
-52
-126
-125
-119
-116
-120
-81
3
75
123
144
146
138
126
119
110
94
63
26
-9
-18
-27
-7
-97
-218
-263
-296
-194
-191
-175
-133
-94
-74
-68
-66
-58
-49
-41
-34
-30
-34
-48
-61
-78
-74
-69
-69
-67
-62
-38
-22
-14
-16
-15
-20
-22
-30
-40
-47
-46
-50
-59
-68
-78
-89
-100
-112
-109
-103
-87
-75
-68
-64
-61
-64
-65
-57
-41
-31
-20
-25
-32
-33
-31
-23
-25
-28
-20
-4
11
36
56
70
81
103
126
157
174
188
198
197
191
176
180
177
162
137
108
82
61
45
39
46
48
51
47
44
46
46
48
38
29
25
17
-10
-36
-28
13
65
78
28
-45
-133
-197
-201
-164
-107
-58
-29
-31
-56
-70
1
93
170
193
178
170
169
162
157
154
154
158
158
152
149
144
136
122
104
77
59
46
42
38
39
43
47
45
36
22
4
-14
-29
-40
-54
-70
-92
-115
-136
-147
-161
-170
-176
-183
-178
-167
-158
-167
-185
-216
-253
-268
-277
-243
-212
-176
-139
-96
-62
-29
-14
-2
7
32
50
77
99
103
98
91
87
87
77
75
60
59
42
8
-22
-63
-78
-65
-37
-8
3
3
12
20
29
29
26
27
-7
-20
-12
13
43
-43
-103
-206
-173
-140
-82
-44
-15
43
91
122
124
103
77
45
23
7
19
30
6
-68
-133
-216
-207
-204
-179
-155
-139
-111
-88
-69
-51
-30
-8
2
-13
-44
-85
-105
-118
-91
-170
-242
-274
-247
-140
-94
-89
-65
-25
-2
12
14
32
53
78
89
94
84
71
62
52
39
22
-5
-17
-13
1
2
-2
-4
-6
-8
-19
-16
-8
7
16
16
2
-16
-37
-65
-81
-88
-79
-59
-47
-8
26
86
139
164
208
226
248
241
223
202
173
140
93
29
-71
-129
-146
-121
-85
-57
-56
-47
-36
-18
12
33
45
48
41
22
33
11
-10
-31
-63
-50
-59
-54
-44
-30
-13
-12
-31
-50
-65
-61
-59
-74
-113
-197
-235
-246
-196
-146
-109
-70
-43
-22
-4
-7
-21
-41
-69
-97
-119
-122
-120
-100
-74
-56
-34
-13
4
17
19
8
1
-14
-17
-25
-33
-39
-41
-34
-21
-7
10
15
22
36
44
45
34
18
10
-9
-9
-18
-12
0
10
13
14
16
19
17
15
10
-5
-20
-25
-30
-22
-14
-5
6
18
29
30
33
27
35
43
45
60
72
88
105
111
118
121
126
128
128
124
117
105
91
81
59
42
24
12
-4
-8
-7
-15
-6
-1
5
19
35
35
28
1
-13
-20
-34
-53
-78
-93
-88
-66
-33
-3
19
28
31
31
29
21
18
9
1
-11
-23
-29
-29
-23
-15
-8
-9
-10
-6
-7
-3
1
-1
-6
-14
-17
-21
-19
-14
-18
-17
-26
-30
-51
-58
-60
-57
-50
-39
-31
-24
-27
-27
-20
-19
-10
-12
-22
-32
-22
-5
24
39
64
76
91
106
131
155
154
116
66
-6
-55
-71
-33
24
81
78
50
29
11
0
-10
-20
-30
-33
-45
-58
-70
-55
-19
41
77
62
22
-33
-65
-89
-95
-92
-85
-78
-66
-58
-44
-33
-38
-42
-70
-101
-121
-126
-113
-98
-81
-57
-33
-30
-37
-41
-17
13
47
39
-108
-129
-165
-78
-30
-33
-15
27
59
80
105
124
134
133
126
118
117
114
109
103
94
87
71
51
43
36
35
36
39
42
46
37
23
5
-16
-25
-41
-53
-59
-68
-73
-84
-88
-101
-104
-92
-61
-11
29
63
77
88
91
87
87
77
71
57
43
34
40
38
42
37
32
32
28
24
15
7
-12
-24
-19
-8
1
-11
-9
-34
-68
-95
-107
-110
-99
-72
-42
-12
-5
-3
-16
-17
-15
-14
-3
1
6
-16
-46
-82
-92
-86
-64
-35
-67
-106
-146
-149
-119
-96
-78
-62
-56
-59
-66
-66
-59
-54
-56
-72
-79
-72
-62
-48
-40
-43
-34
-33
-33
-41
-43
-43
-39
-42
-40
-38
-42
-49
-64
-74
-55
-7
59
123
162
183
186
175
177
182
211
234
229
206
170
141
113
92
78
62
40
24
13
-5
-14
-25
-31
-30
-20
-21
-11
-6
11
10
-14
-45
-66
-81
-68
-57
-31
-12
-7
-1
-4
4
3
2
-8
-23
-28
-42
-53
-63
-83
-92
-92
-86
-73
-70
-72
-75
-85
-92
-92
-89
-74
-62
-57
-57
-57
-58
-57
-55
-53
-58
-60
-60
-66
-74
-82
-90
-97
-98
-102
-110
-131
-139
-111
-69
-4
44
88
129
161
184
192
193
187
177
163
152
153
144
125
95
57
23
-8
-35
-57
-56
-37
-11
21
44
68
52
46
21
11
-8
-49
-90
-99
-93
-58
-23
-2
20
29
26
16
6
-11
-31
-58
-68
-55
-28
-3
-22
-51
-83
-102
-106
-111
-100
-74
-54
-50
-53
-55
-40
-15
-3
2
10
10
14
7
-1
-11
-17
-13
-7
-3
-10
-21
-35
-41
-42
-38
-38
-34
-29
-30
-26
-22
-22
-20
-30
-40
-58
-72
-80
-94
-111
-141
-163
-149
-132
-74
-34
9
55
78
82
83
77
90
77
66
55
67
92
100
83
37
1
-51
-94
-121
-122
-87
-42
-6
24
41
30
29
9
-14
-19
-60
-59
-48
6
60
71
21
-33
-89
-114
-121
-120
-86
-49
-5
32
65
84
71
37
26
28
76
128
148
70
-34
-124
-163
-138
-124
-102
-75
-66
-52
-39
-20
-6
-3
-6
-12
-19
-25
-33
-38
-33
-27
-10
6
13
14
12
11
7
-6
-24
-45
-60
-72
-78
-78
-70
-52
-42
-30
-23
-19
-19
-20
-21
-29
-29
-26
-28
-44
-48
-34
-5
25
43
58
67
76
82
83
84
84
90
100
117
134
149
149
154
149
142
127
104
81
58
32
-14
-37
-44
-4
46
55
35
-8
-25
-29
-23
-37
-32
-9
33
75
110
133
152
153
137
96
70
23
1
27
76
105
34
-85
-206
-275
-297
-290
-240
-178
-109
-48
-6
31
59
81
84
70
48
22
-2
-20
-39
-47
-46
-42
-39
-33
-30
-24
-34
-42
-48
-50
-51
-53
-46
-37
-34
-30
-34
-39
-42
-44
-53
-67
-76
-75
-56
-32
-13
-4
-4
-10
-25
-37
-53
-55
-42
-33
-5
-1
25
47
76
103
119
113
102
90
82
55
42
27
28
32
35
52
75
98
106
93
64
31
-1
-28
-72
-83
-67
-35
4
31
52
64
59
32
-6
-56
-97
-108
-78
-30
4
5
-3
-7
-15
-47
-62
-101
-116
-118
-122
-140
-183
-216
-219
-198
-149
-94
-26
17
48
71
91
99
97
84
62
27
-9
-51
-74
-85
-79
-69
-59
-33
-10
8
27
28
27
9
-7
-27
-39
-50
-63
-62
-57
-47
-41
-21
-6
15
16
25
36
45
55
57
60
64
67
68
66
68
66
68
69
70
67
59
57
56
63
74
90
107
125
138
145
145
145
147
143
132
119
102
80
56
32
5
-19
-34
-49
-41
-46
-41
-54
-65
-71
-88
-92
-101
-105
-112
-117
-101
-93
-65
-32
0
29
33
21
8
9
-13
-28
-55
-54
-38
-24
-24
-35
-40
-57
-67
-84
-94
-102
-95
-91
-88
-80
-72
-69
-70
-66
-54
-41
-34
-30
-25
-23
-20
-18
-14
-7
2
3
0
-10
-24
-27
-27
-29
-28
-24
-27
-30
-44
-50
-45
-36
-29
-18
-17
-2
13
28
45
48
61
84
94
98
82
85
83
91
83
74
69
64
53
49
50
51
28
5
-17
-25
-28
-12
-10
0
-6
-8
-13
-7
-7
-14
-18
-15
-1
16
0
-11
-28
-44
-39
-57
-64
-64
-76
-48
-24
31
11
6
-34
-46
-60
-90
-106
-132
-145
-159
-173
-189
-310
-332
-335
-249
-154
-115
-81
-41
-2
-2
-19
-49
-51
-31
8
5
12
-39
-68
-57
-43
-6
27
56
113
137
146
144
148
150
138
116
104
93
90
93
92
91
83
71
62
56
50
54
69
81
101
107
100
81
61
45
29
17
4
-1
-2
-3
-5
2
-4
-27
-57
-91
-69
-32
24
82
133
176
190
176
146
-35
