47
43
34
24
17
8
-1
-8
-16
-28
-42
-52
-64
-66
-62
-52
-32
-3
31
56
79
91
96
90
81
70
50
36
19
2
-17
-35
-54
-73
-88
-96
-100
-102
-100
-97
-94
-88
-77
-67
-56
-39
-28
-20
-15
-5
3
4
10
7
4
4
-3
-8
-17
-26
-33
-39
-46
-50
-49
-53
-48
-42
-35
-28
-23
-9
-5
-1
5
3
5
-6
-7
-15
-17
-24
-23
-22
-14
8
17
28
36
41
41
40
40
31
26
16
11
5
8
9
8
3
8
15
19
30
36
39
44
45
48
46
49
48
43
37
29
19
9
4
0
-1
-4
3
2
9
13
22
31
39
54
58
62
61
54
42
29
17
-4
-21
-36
-53
-71
-89
-100
-112
-119
-123
-129
-136
-139
-140
-134
-121
-101
-81
-66
-49
-37
-28
-25
-23
-21
-27
-34
-45
-57
-70
-74
-80
-86
-90
-95
-95
-89
-76
-60
-43
-24
-9
0
13
26
30
34
34
32
25
18
20
14
13
17
25
25
29
35
42
50
59
57
50
48
49
45
47
46
43
37
33
27
17
11
3
-1
-12
-21
-23
-21
-5
16
42
62
82
87
88
82
73
66
48
36
22
6
-8
-17
-25
-32
-36
-40
-44
-42
-36
-24
-20
-12
-9
-3
2
17
24
25
26
23
16
11
12
9
10
14
15
6
4
2
-3
-1
2
0
-6
-12
-20
-27
-30
-30
-28
-30
-31
-35
-40
-43
-45
-50
-55
-57
-54
-53
-47
-38
-28
-17
-1
10
23
26
28
26
17
12
2
-15
-25
-37
-47
-56
-50
-47
-36
-26
-4
4
13
22
21
22
20
19
12
10
2
-6
-19
-30
-32
-40
-36
-27
-18
-9
-3
7
15
26
37
41
39
38
30
19
16
13
7
-1
-4
-15
-24
-31
-38
-41
-45
-39
-28
-12
6
32
50
64
77
73
66
54
42
24
3
-13
-35
-57
-77
-92
-108
-115
-111
-111
-110
-107
-97
-84
-66
-48
-34
-26
-22
-19
-22
-23
-26
-27
-35
-42
-48
-51
-50
-48
-44
-44
-43
-38
-40
-35
-24
-14
-7
-1
8
8
12
19
25
21
18
9
-2
0
1
0
-6
-4
-2
0
8
21
32
40
48
49
44
39
28
15
2
-11
-26
-42
-55
-62
-73
-77
-78
-82
-86
-86
-82
-71
-57
-32
-9
9
31
54
67
75
79
75
65
54
39
20
0
-11
-24
-37
-45
-54
-56
-49
-35
-20
-7
5
14
14
17
15
17
8
6
-1
-13
-16
-19
-25
-36
-46
-54
-57
-54
-45
-35
-27
-16
-11
-5
3
12
16
21
31
31
25
20
15
6
-5
-18
-34
-51
-61
-67
-73
-70
-65
-53
-44
-31
-14
1
17
28
39
40
41
32
25
10
3
-7
-21
-37
-53
-71
-79
-78
-71
-64
-50
-40
-34
-29
-24
-20
-16
-11
-16
-27
-36
-40
-44
-52
-54
-62
-69
-75
-74
-73
-68
-61
-54
-41
-25
-3
13
30
40
43
38
31
28
18
12
6
-3
-17
-20
-28
-23
-15
0
17
27
42
57
61
68
71
69
62
57
46
36
25
17
2
-16
-28
-39
-44
-40
-30
-18
-7
9
22
35
47
57
63
61
61
48
32
21
11
-3
-15
-27
-41
-56
-73
-79
-86
-85
-76
-63
-48
-30
-6
12
32
45
54
51
45
37
25
14
8
-5
-22
-35
-45
-59
-69
-78
-86
-94
-98
-96
-91
-83
-69
-56
-50
-41
-43
-51
-62
-71
-78
-87
-87
-92
-97
-101
-99
-100
-95
-83
-69
-49
-28
-4
14
31
48
55
55
47
40
28
16
9
-10
-25
-36
-43
-50
-49
-44
-26
-10
9
34
54
73
81
86
80
73
63
51
37
23
4
-19
-31
-45
-54
-57
-51
-45
-42
-33
-27
-18
-4
9
23
28
37
40
40
39
42
44
44
48
46
42
40
39
35
27
29
26
28
31
44
50
53
51
44
41
37
32
21
11
6
-8
-16
-23
-27
-32
-33
-31
-23
-15
0
17
26
39
46
53
51
54
58
54
50
43
38
31
22
9
-1
-16
-28
-33
-47
-48
-44
-37
-20
0
17
25
35
41
41
39
36
32
20
13
7
-1
-13
-18
-23
-26
-28
-30
-36
-36
-33
-35
-38
-34
-33
-35
-35
-33
-38
-33
-28
-24
-29
-31
-31
-45
-52
-59
-62
-66
-67
-61
-60
-48
-38
-24
-15
-6
0
-3
-7
-13
-19
-38
-51
-67
-80
-89
-92
-88
-88
-80
-70
-56
-35
-7
19
38
56
66
63
63
55
43
29
18
0
-17
-38
-50
-56
-55
-52
-51
-51
-55
-44
-36
-17
2
18
24
25
28
24
23
24
16
7
-4
-10
-18
-26
-28
-32
-34
-34
-33
-35
-31
-28
-18
-16
-5
4
16
17
25
26
19
16
6
-3
-11
-12
-14
-17
-18
-20
-16
-9
6
23
37
53
64
67
71
77
72
67
56
43
27
7
-3
-19
-28
-39
-46
-53
-52
-44
-44
-34
-29
-20
-16
-7
4
15
28
38
49
52
56
54
45
42
44
42
30
18
4
-4
-10
-7
-1
3
5
7
16
22
21
20
17
16
16
9
7
2
2
-2
-3
-1
-4
-3
-7
-16
-24
-25
-24
-22
-12
-4
-1
4
6
-2
-7
-18
-26
-36
-40
-45
-47
-45
-48
-40
-38
-30
-19
-8
-4
2
13
16
21
25
19
6
-7
-19
-34
-47
-53
-60
-64
-60
-53
-45
-32
-18
-8
2
8
10
4
-1
-13
-26
-45
-60
-73
-85
-96
-99
-105
-107
-100
-87
-73
-57
-35
-18
-2
14
22
22
15
12
0
-12
-24
-37
-49
-60
-65
-74
-79
-79
-80
-79
-72
-62
-47
-23
0
27
46
57
65
64
63
61
53
39
25
9
-12
-26
-39
-51
-60
-63
-66
-57
-50
-36
-28
-19
-9
-2
8
15
25
31
36
35
30
15
0
-13
-25
-37
-45
-58
-70
-80
-80
-87
-87
-87
-87
-86
-81
-69
-60
-45
-29
-14
1
11
25
30
37
36
36
22
15
4
-6
-13
-20
-29
-38
-40
-46
-51
-53
-47
-39
-31
-23
-18
-16
-13
-1
4
6
9
7
1
-8
-11
-22
-28
-34
-36
-37
-43
-37
-39
-34
-25
-12
5
28
50
63
76
85
91
92
89
88
77
66
51
36
15
-3
-13
-22
-22
-20
-16
-21
-22
-24
-30
-31
-24
-15
-8
8
24
36
44
44
42
32
22
13
-2
-10
-18
-27
-35
-37
-39
-39
-37
-32
-29
-27
-21
-14
-4
8
18
24
28
28
28
22
15
16
13
11
6
5
4
-1
1
-3
-5
-4
-2
-2
3
7
1
2
1
0
-3
-4
-4
-10
-9
-11
-11
-13
-11
-16
-23
-25
-27
-23
-21
-12
-9
-8
-1
6
19
23
35
36
35
32
33
32
27
24
16
8
2
-3
-9
-11
-20
-34
-45
-47
-44
-40
-32
-22
-13
-9
-4
1
-2
-3
-8
-23
-34
-49
-57
-70
-73
-74
-76
-80
-82
-83
-83
-77
-68
-52
-42
-28
-17
-11
-4
1
0
-12
-18
-27
-36
-46
-52
-56
-61
-64
-64
-68
-66
-67
-57
-51
-35
-23
-9
5
18
29
37
42
48
45
40
39
31
26
24
19
14
4
0
-8
-5
-5
-3
-3
-3
0
-1
0
2
7
3
3
4
-1
4
9
20
24
27
33
30
31
35
35
30
27
25
23
20
17
11
-2
-7
-18
-25
-34
-37
-38
-40
-30
-22
-14
-6
3
8
6
6
0
0
6
16
21
29
30
27
20
13
7
-1
-9
-11
-18
-22
-29
-28
-32
-33
-34
-39
-44
-49
-45
-48
-44
-42
-43
-48
-56
-56
-62
-61
-60
-59
-63
-67
-71
-75
-72
-62
-48
-36
-18
-2
6
15
20
26
28
28
21
18
5
-8
-20
-38
-48
-58
-65
-73
-75
-82
-90
-95
-101
-96
-85
-60
-43
-22
-7
5
12
20
30
37
45
51
51
45
44
48
47
47
41
29
13
5
-4
-13
-19
-16
-20
-21
-21
-18
-24
-21
-21
-11
-1
18
39
47
57
62
67
66
68
64
56
46
39
30
10
-6
-25
-45
-62
-73
-82
-85
-76
-62
-52
-40
-25
-15
-2
10
17
23
23
25
19
16
12
3
-5
-17
-22
-32
-39
-42
-41
-43
-37
-29
-19
-4
15
32
39
48
54
52
50
46
38
28
21
15
-1
-13
-25
-34
-43
-43
-42
-38
-30
-16
-4
1
11
13
18
20
29
29
28
25
18
8
-4
-6
-15
-24
-30
-34
-34
-32
-18
-6
4
22
30
37
39
41
31
22
8
-7
-26
-41
-56
-73
-87
-94
-96
-99
-99
-96
-93
-85
-77
-69
-63
-57
-47
-44
-41
-41
-43
-54
-59
-69
-75
-75
-75
-75
-82
-81
-81
-74
-61
-42
-24
-6
13
28
39
46
56
59
63
62
54
43
31
26
18
9
11
12
17
21
28
31
36
46
56
69
78
86
86
82
74
63
48
35
27
16
7
-5
-15
-29
-36
-44
-53
-50
-45
-36
-30
-20
-11
-1
3
5
4
0
0
-3
-4
-8
-9
-5
-8
-7
-13
-14
-14
-11
-6
-8
-4
-5
-5
-7
-2
-11
-14
-16
-24
-31
-41
-44
-45
-42
-32
-23
-13
-2
10
18
31
41
46
43
38
29
15
4
-3
-9
-17
-28
-32
-44
-54
-55
-53
-49
-39
-23
-4
19
39
59
71
82
83
75
61
45
25
1
-17
-36
-55
-63
-69
-72
-80
-84
-89
-95
-96
-92
-89
-85
-79
-74
-69
-60
-44
-33
-20
-9
2
4
7
6
2
3
1
-2
-9
-14
-14
-17
-10
-10
-1
3
13
20
27
35
39
42
36
39
36
39
35
34
30
18
14
9
4
-3
-12
-16
-23
-22
-17
-12
-9
-4
-1
2
3
-5
-14
-24
-23
-24
-22
-19
-19
-18
-19
-14
-16
-10
-1
11
24
31
44
40
41
37
21
4
-12
-26
-39
-52
-66
-76
-89
-94
-84
-77
-63
-50
-41
-27
-14
-1
2
-1
0
-3
-10
-13
-23
-35
-48
-54
-60
-69
-73
-81
-86
-86
-82
-80
-82
-80
-82
-86
-88
-85
-81
-75
-67
-62
-57
-53
-44
-36
-27
-14
-10
-8
-7
-2
1
2
6
8
11
9
10
6
-2
-8
-12
-19
-26
-28
-32
-28
-15
-12
-9
-6
-4
0
6
19
33
45
60
75
85
91
96
90
80
67
49
30
17
6
0
-12
-13
-21
-20
-14
-1
11
29
47
62
65
63
62
58
59
62
65
63
58
51
38
31
25
14
7
2
3
1
10
21
32
35
40
44
39
38
39
42
45
46
50
49
49
44
40
28
19
14
0
-6
-15
-16
-13
-4
4
10
18
20
22
14
9
-3
-16
-25
-32
-38
-48
-51
-56
-59
-61
-58
-58
-60
-56
-54
-51
-49
-42
-38
-37
-37
-43
-48
-55
-50
-55
-49
-42
-37
-36
-42
-41
-40
-34
-24
-13
-4
3
8
9
10
11
12
11
13
18
16
19
21
25
25
26
27
23
24
27
37
40
44
41
34
23
17
15
9
13
11
10
1
-4
-18
-30
-31
-31
-25
-14
9
24
45
63
76
83
83
84
77
70
62
45
35
20
11
-6
-16
-24
-28
-29
-26
-15
-8
3
15
23
25
28
31
26
24
19
15
4
-2
-12
-21
-25
-25
-28
-40
-47
-54
-61
-57
-45
-25
-9
9
26
35
45
45
43
36
31
18
1
-18
-32
-47
-52
-53
-55
-58
-58
-55
-49
-37
-23
-13
-4
-2
3
5
5
3
-5
-13
-24
-35
-50
-63
-77
-91
-101
-113
-108
-98
-77
-54
-31
-17
-3
4
7
11
15
17
11
9
1
-8
-20
-35
-44
-59
-65
-73
-76
-74
-68
-61
-51
-35
-14
0
15
30
39
43
48
47
44
37
36
29
26
25
17
13
6
3
-1
-5
-3
-6
-12
-15
-12
-11
-11
-12
-18
-29
-41
-46
-55
-61
-68
-76
-82
-80
-73
-70
-61
-47
-30
-17
-3
13
19
21
23
21
13
5
-7
-19
-27
-39
-50
-67
-79
-87
-85
-77
-56
-32
-15
9
21
31
33
37
30
25
22
11
-1
-17
-25
-40
-51
-58
-61
-64
-65
-61
-62
-57
-45
-31
-17
0
16
25
37
43
42
37
26
18
3
-5
-16
-26
-34
-45
-49
-52
-52
-48
-42
-44
-39
-38
-31
-20
-8
0
4
7
8
12
13
16
12
15
18
19
26
28
32
34
31
30
26
17
10
8
-1
-3
-9
-16
-24
-35
-39
-48
-54
-59
-63
-60
-50
-30
-9
6
24
37
41
45
42
35
31
20
11
-3
-5
-10
-13
-7
-8
-8
-18
-18
-22
-21
-16
-10
1
6
14
18
19
17
19
17
10
-1
-12
-26
-37
-43
-46
-42
-27
-18
-3
7
19
27
34
39
38
34
27
24
20
10
-1
-16
-30
-40
-45
-51
-50
-46
-36
-27
-18
-6
-2
1
12
15
19
17
13
2
0
-2
-5
-14
-21
-34
-51
-59
-63
-61
-58
-46
-33
-26
-13
-4
0
-2
-7
-16
-28
-39
-43
-45
-49
-47
-48
-54
-61
-62
-64
-66
-63
-60
-52
-39
-21
-9
2
12
17
24
27
33
27
20
9
-1
-11
-13
-10
-8
-8
-9
-11
-11
-3
4
5
9
6
-1
-7
-18
-26
-39
-53
-65
-79
-91
-98
-104
-108
-108
-107
-106
-109
-106
-102
-97
-90
-80
-70
-64
-53
-48
-45
-39
-32
-29
-31
-33
-39
-45
-53
-54
-57
-57
-51
-46
-39
-32
-19
-11
0
11
20
19
20
22
23
22
26
26
25
22
25
25
29
37
42
38
35
30
25
26
27
30
23
20
18
14
15
19
25
25
30
32
37
43
56
67
76
83
87
84
81
77
69
55
49
37
26
18
13
11
4
5
-3
-16
-27
-30
-29
-15
5
17
22
22
25
23
20
11
-5
-25
-47
-65
-87
-104
-115
-118
-121
-113
-105
-96
-85
-74
-58
-49
-36
-25
-24
-26
-31
-40
-48
-47
-43
-40
-40
-40
-39
-41
-31
-21
-9
4
19
28
35
38
36
32
25
18
8
2
1
-4
-6
-13
-13
-15
-13
-7
1
8
17
29
29
27
29
23
17
12
12
5
0
1
0
-1
-5
1
-4
-6
-4
2
8
14
26
33
41
46
48
44
38
28
13
2
-8
-19
-37
-46
-60
-70
-82
-87
-88
-86
-76
-66
-55
-46
-35
-29
-18
-9
-1
3
-1
-4
-13
-22
-30
-39
-46
-52
-51
-53
-49
-40
-32
-26
-18
-8
0
11
21
31
28
24
21
8
2
-1
-4
-8
-17
-23
-32
-39
-39
-39
-38
-39
-37
-40
-38
-28
-13
-4
10
19
23
29
35
41
36
33
27
22
18
12
3
-12
-17
-29
-37
-42
-37
-35
-31
-21
-15
-5
4
19
23
28
33
30
27
25
25
21
27
33
36
37
40
41
38
37
38
40
33
21
11
-7
-21
-40
-54
-75
-89
-102
-115
-121
-117
-110
-105
-96
-88
-78
-65
-48
-28
-15
1
11
16
19
22
20
13
6
-5
-22
-40
-54
-73
-91
-104
-110
-112
-103
-85
-67
-46
-20
-1
13
18
21
16
17
24
30
37
36
33
24
16
11
5
0
-5
0
8
19
28
33
33
30
28
19
21
24
25
19
12
1
-8
-14
-13
-10
-5
0
6
11
16
19
20
16
16
11
5
4
7
7
2
-1
-6
-12
-21
-25
-26
-24
-15
-13
-15
-19
-21
-21
-17
-9
-2
6
11
23
22
23
28
29
33
41
48
52
54
55
48
41
35
29
25
19
18
21
23
31
41
49
55
67
68
63
53
42
27
14
0
-11
-29
-42
-57
-75
-87
-96
-101
-106
-102
-97
-89
-72
-49
-27
-9
14
30
41
49
54
55
55
55
56
51
42
35
17
5
-3
-14
-23
-27
-28
-30
-25
-14
-1
19
34
55
67
75
81
78
69
53
36
17
1
-11
-20
-35
-48
-60
-73
-78
-81
-79
-78
-74
-71
-68
-62
-56
-50
-45
-34
-35
-35
-33
-33
-32
-39
-41
-46
-51
-59
-63
-73
-80
-83
-86
-85
-81
-70
-64
-52
-43
-30
-21
-13
-3
1
13
21
22
24
28
37
37
36
35
31
26
26
34
40
47
51
50
44
40
34
24
18
16
13
2
-8
-14
-23
-29
-32
-32
-34
-35
-34
-26
-11
6
22
36
48
53
50
45
39
34
26
21
12
-1
-13
-21
-34
-45
-51
-55
-55
-55
-48
-43
-34
-23
-14
-9
-7
-2
1
6
9
16
11
9
9
-1
-5
-14
-24
-39
-51
-58
-66
-62
-56
-44
-33
-21
-6
5
20
29
35
31
37
36
35
32
29
22
8
-3
-16
-29
-39
-40
-38
-35
-28
-24
-23
-20
-16
-13
-14
-10
-7
-9
-11
-9
-11
-8
-2
-2
-5
-4
2
6
16
30
28
27
24
19
5
-6
-18
-23
-25
-25
-27
-32
-39
-42
-44
-52
-51
-51
-47
-37
-25
-13
-6
7
18
22
21
23
19
13
13
7
-1
-9
-19
-27
-35
-35
-41
-45
-49
-47
-43
-33
-12
11
32
46
64
73
79
76
63
40
19
2
-18
-29
-40
-51
-61
-71
-74
-82
-81
-76
-66
-53
-32
-8
13
27
43
53
59
65
64
50
37
22
9
-8
-27
-43
-63
-77
-89
-97
-105
-106
-107
-102
-92
-75
-56
-44
-32
-26
-23
-15
-6
1
2
12
10
7
-5
-15
-27
-35
-34
-32
-30
-23
-15
-9
0
10
19
24
29
34
37
38
40
42
37
30
24
14
9
10
-3
-11
-15
-12
-10
-1
8
18
22
28
32
28
24
25
22
9
1
-11
-23
-30
-41
-43
-55
-56
-58
-57
-53
-42
-30
-21
-8
-1
3
9
15
15
11
12
3
4
-7
-6
-11
-12
-10
-7
-4
4
13
15
13
12
8
2
-5
-9
-19
-25
-35
-48
-63
-76
-82
-87
-92
-94
-95
-99
-93
-82
-67
-47
-26
-6
1
8
12
13
12
11
6
-3
-11
-21
-32
-47
-59
-73
-83
-85
-83
-76
-68
-51
-30
-9
16
29
37
44
55
55
56
51
44
33
26
25
16
12
-1
-18
-30
-40
-39
-34
-18
1
13
19
23
25
19
12
-1
-11
-25
-40
-51
-53
-57
-55
-56
-57
-59
-58
-59
-56
-49
-41
-37
-27
-22
-18
-10
-5
1
4
8
9
5
7
16
21
23
28
26
30
28
26
16
7
1
-13
-27
-39
-44
-49
-53
-55
-59
-61
-69
-64
-63
-48
-31
-16
0
6
18
25
34
41
45
42
38
30
16
7
1
-3
-5
-5
-5
-9
-5
14
32
51
66
74
77
74
71
63
47
33
8
-15
-34
-50
-68
-91
-106
-124
-135
-144
-143
-140
-129
-112
-92
-71
-49
-20
-3
18
37
50
58
64
65
64
60
59
57
51
50
48
41
36
28
25
22
17
14
10
6
4
-3
-6
-10
-12
-10
-14
-11
-13
-15
-16
-17
-21
-21
-17
-5
0
13
21
28
41
54
63
63
63
55
39
19
4
-7
-24
-32
-53
-68
-79
-81
-80
-75
-66
-58
-51
-45
-33
-23
-17
-13
-10
-16
-20
-18
-22
-20
-24
-28
-34
-37
-32
-28
-13
2
17
29
39
46
50
54
54
51
43
35
22
12
1
-12
-20
-37
-48
-57
-66
-64
-53
-38
-18
8
35
62
81
100
108
109
106
92
74
55
42
29
11
-1
-18
-32
-44
-48
-58
-66
-68
-66
-56
-43
-21
-7
9
24
34
39
42
44
36
31
24
19
17
15
19
13
11
5
3
-3
-1
5
5
4
6
8
4
8
1
2
-1
-1
-3
-2
3
9
12
9
8
6
2
4
8
20
26
33
37
33
41
43
43
42
41
29
18
10
-5
-19
-27
-38
-46
-60
-72
-80
-87
-85
-72
-57
-32
-3
23
40
52
59
53
49
42
28
13
-4
-19
-39
-54
-68
-82
-96
-106
-113
-118
-122
-121
-117
-114
-106
-102
-98
-97
-91
-89
-88
-89
-86
-84
-83
-78
-80
-84
-82
-85
-84
-82
-68
-58
-41
-26
-10
0
7
11
9
11
10
9
4
3
5
-4
-10
-12
-12
-8
-4
9
8
18
32
42
47
55
61
61
58
50
41
23
11
-2
-8
-16
-14
-15
-17
-11
-4
-1
5
10
10
7
10
12
18
24
35
44
48
52
49
45
45
44
41
33
27
21
12
6
6
0
2
6
6
11
14
23
29
34
41
32
20
3
-12
-32
-46
-57
-66
-79
-88
-92
-102
-104
-102
-93
-83
-64
-43
-24
-4
8
21
27
29
24
17
9
-2
-19
-35
-49
-59
-70
-79
-82
-81
-80
-73
-68
-61
-46
-26
-9
5
18
22
19
19
16
11
0
-8
-24
-36
-50
-56
-67
-68
-66
-61
-53
-39
-22
-4
15
30
39
44
47
47
40
39
33
28
18
1
-10
-25
-38
-45
-50
-55
-46
-35
-20
-4
19
38
54
59
65
57
47
34
24
11
4
-6
-14
-24
-24
-30
-32
-35
-41
-43
-44
-37
-34
-31
-27
-24
-21
-20
-15
-14
-12
-9
-8
-7
-11
-9
-15
-13
-17
-18
-19
-25
-26
-26
-15
-3
10
17
24
34
40
43
43
39
27
18
14
3
0
0
-4
-13
-21
-28
-39
-45
-44
-35
-25
-6
10
22
26
31
28
21
16
4
-10
-21
-33
-45
-55
-58
-64
-63
-59
-51
-42
-34
-22
-9
3
16
26
33
36
44
43
42
33
32
23
21
19
12
3
-2
-2
-9
-13
-11
-13
-11
-13
-5
-1
4
13
19
22
26
27
23
18
9
-3
-18
-28
-44
-58
-68
-69
-69
-66
-54
-40
-24
-8
7
15
21
28
26
22
14
10
5
1
-1
-8
-15
-23
-25
-31
-31
-24
-18
-14
-4
4
10
14
16
19
20
22
25
21
19
18
19
13
11
12
6
8
2
1
-1
1
6
-31
