-20
-32
-35
-52
-57
-61
-69
-70
-72
-68
-72
-79
-83
-78
-69
-55
-41
-39
-36
-37
-39
-43
-47
-52
-64
-69
-67
-60
-49
-42
-34
-35
-34
-24
-16
-14
-3
1
7
11
18
24
29
38
32
36
41
46
43
40
40
36
36
33
38
33
39
39
39
43
39
38
50
53
68
66
55
49
39
31
22
26
32
34
41
37
32
23
15
2
-8
-6
7
26
52
73
91
96
97
95
85
81
78
81
85
96
99
98
94
104
108
101
89
67
55
47
47
45
43
51
48
41
36
36
36
37
41
40
50
64
63
61
59
57
62
53
34
11
-21
-45
-59
-71
-75
-76
-58
-47
-36
-28
-20
-17
-14
-23
-47
-71
-85
-97
-102
-107
-108
-104
-98
-86
-73
-71
-77
-91
-101
-99
-95
-86
-74
-53
-24
1
25
35
36
27
23
20
15
18
14
10
2
7
4
11
11
19
25
24
25
12
8
3
8
-2
8
24
17
15
12
19
26
26
14
14
19
31
41
41
41
42
44
37
32
29
13
9
10
12
3
4
-1
-6
-8
-10
-18
-34
-45
-54
-72
-80
-94
-100
-104
-98
-89
-83
-73
-62
-46
-40
-32
-26
-30
-23
-16
-9
-18
-23
-31
-31
-27
-20
-22
-25
-17
-16
-9
-11
-21
-42
-56
-61
-63
-60
-60
-52
-50
-35
-19
-7
-2
-4
-2
-5
-8
-8
-15
-16
-18
-6
-3
1
2
7
23
32
43
44
54
71
85
86
90
90
89
81
71
54
35
7
-26
-62
-95
-107
-113
-107
-93
-76
-59
-51
-46
-46
-59
-62
-67
-62
-53
-31
-19
-4
11
24
33
33
30
15
3
-5
-6
-9
-13
-8
-13
-8
-5
-4
-13
-24
-27
-27
-19
-7
5
16
15
-9
-54
-87
-110
-114
-119
-108
-93
-74
-55
-41
-33
-33
-33
-42
-53
-60
-59
-47
-46
-36
-35
-43
-53
-42
-38
-32
-20
-27
-28
-38
-44
-50
-66
-82
-97
-107
-108
-99
-85
-83
-75
-76
-77
-84
-90
-91
-87
-71
-57
-45
-38
-31
-37
-46
-55
-59
-65
-65
-62
-62
-59
-53
-42
-39
-33
-27
-25
-20
-17
-19
-21
-19
-31
-38
-53
-63
-77
-91
-94
-100
-105
-109
-104
-100
-96
-87
-87
-84
-87
-98
-98
-109
-87
-69
-38
-17
-4
-8
-19
-19
-25
-27
-27
-14
-1
11
27
35
42
42
43
38
38
40
37
29
15
1
-21
-32
-31
-26
-26
-33
-39
-55
-72
-77
-74
-73
-69
-73
-71
-66
-57
-54
-74
-94
-110
-110
-99
-82
-66
-60
-58
-59
-69
-78
-70
-67
-64
-65
-63
-58
-41
-19
6
23
37
35
34
23
25
19
24
32
40
43
44
45
40
46
49
48
38
30
31
23
21
21
13
6
1
0
-11
-13
-15
-18
-29
-40
-43
-52
-61
-79
-101
-106
-105
-92
-98
-109
-108
-97
-69
-40
-11
0
-2
-12
-24
-35
-43
-55
-75
-95
-106
-102
-90
-70
-49
-36
-21
-6
5
10
20
25
28
31
36
33
27
12
-5
-16
-17
-12
-11
-11
-8
-10
-12
-17
-14
-24
-31
-35
-46
-54
-59
-51
-55
-61
-70
-73
-67
-48
-28
-17
-4
6
11
11
10
11
8
9
7
-1
-15
-20
-19
-16
-3
13
22
29
38
43
46
48
51
51
39
38
26
21
20
21
19
19
25
34
37
45
48
57
64
71
69
66
61
65
66
68
75
74
74
62
56
45
37
25
17
7
-2
0
13
23
38
35
24
18
17
9
8
9
19
22
18
11
-11
-26
-35
-37
-38
-42
-47
-53
-45
-31
-15
-7
1
4
1
-5
-9
-2
4
25
33
36
39
41
37
36
41
30
17
3
4
5
6
0
-23
-49
-71
-95
-129
-157
-178
-175
-176
-165
-143
-122
-88
-66
-45
-31
-21
-7
-1
10
20
28
28
25
21
11
5
3
1
-4
-9
-10
-16
-16
-16
-17
-24
-26
-30
-27
-27
-35
-31
-40
-28
-28
-31
-40
-54
-61
-65
-51
-41
-43
-42
-37
-25
-21
-12
-13
-9
-5
-1
4
1
1
-6
-24
-45
-60
-66
-59
-38
-18
-3
6
17
25
41
59
71
81
86
99
99
105
111
116
110
105
101
95
90
88
90
94
103
104
99
100
99
92
79
70
60
50
48
46
49
44
44
37
36
28
28
25
16
20
9
-9
-33
-53
-66
-70
-66
-67
-65
-66
-54
-52
-59
-62
-72
-76
-63
-51
-40
-37
-33
-29
-26
-31
-20
-17
-9
5
10
13
6
6
-4
-6
-6
-1
-1
-1
-4
-11
-3
9
25
31
36
43
37
42
44
51
51
52
52
55
61
72
77
74
69
61
49
43
35
27
9
7
-3
-2
-8
-14
-23
-33
-27
-39
-55
-76
-87
-93
-93
-85
-82
-80
-71
-68
-74
-80
-85
-83
-79
-79
-83
-98
-110
-118
-116
-106
-95
-87
-91
-91
-90
-85
-83
-78
-73
-71
-65
-57
-55
-54
-51
-61
-89
-123
-144
-160
-169
-173
-160
-135
-108
-90
-76
-69
-63
-62
-72
-74
-77
-78
-84
-86
-94
-99
-105
-105
-107
-108
-102
-100
-100
-100
-99
-104
-97
-81
-63
-52
-48
-49
-55
-60
-58
-61
-61
-59
-47
-40
-30
-19
-12
-9
-15
-26
-54
-66
-67
-67
-67
-56
-41
-26
-11
-2
5
-1
-5
-13
-25
-31
-39
-49
-57
-60
-55
-55
-51
-44
-38
-49
-66
-83
-84
-52
-7
38
72
103
114
120
113
102
88
72
59
47
35
29
24
5
-13
-48
-69
-84
-62
-29
7
33
43
36
20
9
10
6
11
6
9
5
-3
2
-3
11
23
34
43
52
67
82
98
117
122
114
96
83
76
91
101
101
87
54
36
10
-11
-30
-51
-61
-76
-89
-100
-117
-112
-111
-102
-91
-86
-86
-86
-85
-86
-94
-91
-90
-81
-66
-51
-32
-14
4
13
21
22
29
27
22
23
11
5
-14
-18
-31
-30
-24
-21
-21
-17
-9
-5
4
13
18
26
23
27
18
14
5
2
-8
-29
-39
-60
-63
-60
-60
-70
-63
-49
-27
-13
-7
-10
-11
-3
9
24
38
55
67
66
74
74
78
84
87
88
84
84
81
76
73
72
72
73
80
74
69
59
53
38
23
19
8
1
-12
-13
-24
-25
-21
-28
-37
-53
-61
-71
-76
-74
-75
-78
-75
-60
-42
-12
12
32
45
55
64
70
80
90
103
93
78
49
13
-22
-46
-63
-80
-89
-94
-97
-99
-103
-104
-105
-90
-78
-62
-42
-27
-26
-47
-74
-108
-137
-151
-149
-138
-139
-125
-121
-104
-90
-76
-71
-58
-40
-28
-13
-13
-10
-1
9
20
28
13
4
0
-9
-4
2
7
10
7
24
25
39
50
59
52
49
51
57
65
66
59
70
72
98
87
83
78
85
92
99
95
96
89
83
70
66
70
66
61
52
48
36
29
23
16
11
7
22
34
49
55
50
43
27
26
14
12
9
8
10
3
13
5
10
3
2
-7
-6
-8
-6
-1
5
9
9
11
15
9
7
9
2
1
0
-2
-14
-21
-18
-16
-15
-20
-26
-34
-32
-39
-34
-29
-9
5
12
13
19
22
19
23
20
16
12
10
13
13
21
26
33
47
72
92
110
112
92
72
57
68
71
73
71
60
47
33
20
4
-3
-6
-12
-23
-37
-53
-63
-67
-64
-60
-58
-51
-39
-36
-32
-33
-34
-31
-28
-26
-35
-37
-43
-35
-32
-29
-21
-24
-31
-29
-34
-37
-39
-53
-54
-51
-40
-23
-18
-3
5
16
27
42
51
58
70
74
81
78
74
65
51
45
43
47
50
53
49
49
53
55
55
53
60
51
49
34
14
-4
-21
-30
-42
-47
-50
-54
-52
-50
-38
-25
-11
-6
-6
-12
-20
-26
-31
-42
-45
-57
-58
-53
-47
-43
-38
-29
-21
-20
-9
-7
1
7
14
20
16
20
19
19
23
29
37
41
43
47
44
45
44
43
39
43
36
32
23
15
-3
-18
-30
-47
-74
-108
-130
-142
-126
-108
-93
-78
-69
-46
-38
-29
-25
-21
-27
-35
-36
-50
-53
-59
-59
-57
-57
-50
-48
-40
-34
-36
-44
-42
-39
-26
-24
-25
-35
-46
-52
-58
-60
-60
-48
-38
-28
-17
-17
-21
-21
-10
-1
4
-4
-28
-50
-73
-81
-88
-94
-102
-95
-78
-64
-38
-39
-32
-24
-22
-22
-26
-25
-26
-22
-15
-16
-28
-49
-66
-80
-93
-100
-103
-111
-100
-75
-48
-17
7
23
25
24
18
9
8
4
0
-23
-31
-40
-31
-13
5
13
12
12
6
-1
0
3
8
11
19
23
27
32
44
57
62
65
71
69
74
81
82
82
87
91
87
80
83
66
58
46
30
26
12
13
1
-3
-5
-8
-10
-15
-24
-47
-67
-76
-74
-61
-49
-32
-32
-32
-36
-42
-47
-51
-43
-44
-40
-36
-27
-18
-6
2
5
5
10
10
5
5
6
10
14
23
26
26
25
15
6
-9
2
4
16
21
19
27
27
37
40
46
47
46
38
31
26
26
27
32
33
28
19
15
12
18
21
21
15
15
9
4
-1
-4
2
4
16
29
21
19
22
20
16
3
-11
-21
-21
-10
-3
-6
-1
-1
-4
-3
-8
-5
-12
-11
-8
-4
1
5
4
-6
-9
-13
-11
-7
1
7
7
16
16
16
15
18
22
26
34
37
37
44
51
53
56
55
53
37
11
-15
-41
-58
-70
-88
-105
-113
-119
-118
-117
-108
-107
-103
-103
-101
-109
-117
-128
-133
-137
-146
-148
-149
-150
-145
-147
-145
-131
-110
-90
-69
-57
-52
-55
-47
-40
-34
-21
-11
-3
-3
3
6
8
14
18
20
14
10
-1
-2
-6
1
-2
-9
-5
-8
-12
-20
-26
-34
-40
-45
-51
-63
-72
-72
-80
-77
-85
-80
-83
-73
-59
-52
-37
-27
-14
-6
4
16
28
34
46
53
58
60
66
57
53
28
11
-13
-16
-21
-28
-34
-41
-46
-55
-55
-54
-61
-72
-80
-83
-76
-55
-45
-38
-42
-38
-33
-29
-28
-33
-40
-40
-38
-36
-33
-30
-33
-42
-55
-59
-69
-74
-72
-73
-74
-75
-72
-72
-77
-77
-77
-73
-65
-64
-63
-57
-44
-38
-41
-41
-33
-33
-29
-27
-15
-10
-1
3
12
18
28
39
45
55
63
58
58
58
68
71
80
82
84
90
99
111
118
129
130
123
119
112
95
72
81
72
77
56
42
28
6
-13
-45
-67
-82
-73
-56
-31
-8
-7
-12
-32
-43
-56
-64
-61
-55
-50
-42
-29
-26
-20
-17
-10
-6
-5
7
3
11
15
18
23
29
38
43
51
56
57
57
58
57
51
51
48
43
37
39
36
30
24
21
24
31
34
32
20
19
16
14
1
-1
-17
-36
-59
-75
-87
-91
-80
-61
-40
-23
-15
-20
-18
-14
-6
-1
-10
-10
-6
-3
12
12
9
15
10
3
3
-1
3
4
3
3
-11
-18
-31
-36
-49
-53
-57
-61
-58
-55
-51
-49
-39
-38
-36
-38
-40
-44
-48
-44
-41
-44
-41
-33
-14
1
32
48
59
61
66
71
75
85
83
78
71
72
69
68
70
68
62
52
31
3
-24
-50
-80
-114
-152
-181
-205
-210
-202
-183
-174
-163
-139
-117
-85
-61
-50
-44
-42
-42
-56
-62
-70
-75
-78
-71
-64
-57
-52
-52
-56
-70
-76
-87
-86
-76
-51
-25
-8
15
22
27
27
28
25
19
22
23
18
19
16
16
19
32
45
53
53
55
54
53
52
54
49
42
39
30
29
25
17
14
14
27
25
23
9
-9
-27
-52
-57
-64
-50
-38
-23
-15
-8
4
-5
11
17
37
40
35
38
35
39
45
42
40
26
23
21
25
34
37
37
39
34
29
35
41
45
50
49
49
47
43
48
53
58
66
61
54
38
36
36
42
50
44
43
33
29
12
9
8
3
-4
-13
-15
-22
-23
-28
-35
-50
-67
-76
-86
-86
-86
-83
-87
-88
-85
-85
-76
-69
-62
-63
-59
-46
-47
-40
-46
-49
-51
-53
-55
-65
-67
-67
-57
-54
-43
-49
-52
-56
-51
-40
-38
-23
-20
-21
-21
-15
-9
-6
5
0
7
6
12
9
9
9
1
-5
-15
-9
-8
-12
-6
-11
-9
-10
-4
-3
-1
1
-1
-5
-8
-19
-35
-45
-63
-80
-116
-145
-161
-165
-153
-129
-105
-94
-83
-80
-83
-85
-95
-109
-124
-130
-130
-128
-120
-113
-105
-103
-97
-96
-93
-88
-79
-77
-82
-64
-59
-47
-52
-53
-59
-65
-69
-75
-82
-94
-100
-103
-104
-97
-97
-90
-84
-64
-60
-53
-40
-29
-25
-35
-37
-52
-59
-72
-99
-120
-133
-131
-131
-127
-117
-108
-91
-81
-66
-61
-50
-38
-27
-20
-16
-15
-14
-14
-10
-13
-22
-28
-40
-33
-27
-15
-11
-20
-43
-50
-70
-76
-86
-103
-114
-109
-90
-73
-62
-54
-51
-54
-51
-47
-48
-38
-29
-24
-22
-19
-21
-20
-19
-11
-12
-10
-1
1
5
7
17
19
27
39
41
46
43
45
38
33
40
39
40
43
47
43
47
45
48
41
42
35
30
25
26
24
16
12
-1
-19
-41
-44
-41
-25
0
25
49
72
85
88
78
66
51
36
29
35
41
50
66
69
77
81
88
85
75
63
43
19
19
32
51
67
74
80
85
81
86
77
74
70
57
47
40
49
43
46
40
30
16
-4
-14
-30
-38
-51
-63
-73
-78
-77
-80
-74
-57
-42
-16
18
46
61
69
76
83
71
67
59
46
43
43
46
53
64
73
65
55
38
33
32
45
45
40
10
-9
-33
-34
-30
-33
-40
-47
-44
-49
-52
-40
-25
-26
-33
-41
-41
-31
-25
-26
-31
-37
-37
-45
-46
-50
-55
-67
-76
-76
-67
-59
-41
-32
-21
-11
-1
-4
1
1
-4
-20
-25
-37
-16
-13
0
8
-9
-19
-40
-64
-91
-108
-121
-138
-140
-150
-147
-137
-116
-96
-82
-62
-53
-46
-39
-28
-28
-25
-25
-28
-37
-44
-45
-59
-68
-69
-79
-85
-93
-98
-103
-94
-84
-74
-66
-65
-57
-57
-50
-41
-39
-42
-45
-39
-37
-19
0
25
34
41
39
40
44
48
53
51
59
62
67
67
65
63
44
64
53
59
49
46
51
52
52
36
14
-12
-36
-61
-85
-92
-90
-93
-96
-116
-109
-92
-56
-12
16
31
34
21
18
18
3
-10
-30
-37
-50
-46
-39
-35
-35
-38
-27
-20
-6
7
15
18
21
22
28
17
10
3
-1
0
2
-2
2
5
8
9
8
11
5
5
0
-1
-4
-2
-3
-1
8
9
17
15
30
40
43
50
62
70
70
75
73
73
70
65
44
24
2
-20
-42
-60
-73
-86
-102
-122
-120
-108
-67
-25
1
22
38
41
45
44
47
42
45
45
54
53
59
60
61
64
63
65
55
53
47
34
21
12
0
-22
-32
-48
-53
-50
-46
-38
-38
-37
-37
-38
-21
-1
14
21
23
20
20
15
21
19
12
9
0
-11
-19
-15
-18
-11
-1
7
16
16
27
29
32
33
23
17
7
20
31
42
51
51
43
29
27
26
22
22
14
28
38
60
60
61
65
58
44
30
9
-6
-12
-12
-3
-4
2
-1
-4
-9
-12
0
-6
-2
-3
-6
3
12
18
20
26
33
38
42
50
56
56
60
53
54
51
57
58
56
55
50
45
30
17
-7
-22
-32
-35
-34
-31
-26
-34
-50
-54
-62
-66
-76
-75
-79
-71
-60
-49
-45
-39
-34
-33
-26
-25
-33
-47
-53
-56
-54
-53
-49
-45
-43
-36
-30
-33
-36
-31
-28
-46
-67
-100
-121
-131
-128
-123
-114
-96
-86
-72
-65
-58
-61
-56
-46
-41
-42
-45
-50
-59
-62
-63
-61
-56
-62
-49
-57
-44
-38
-36
-27
-25
-19
-27
-32
-39
-44
-51
-59
-55
-63
-62
-61
-53
-47
-40
-27
-17
-7
9
24
32
45
49
51
52
52
56
51
55
54
50
52
49
52
46
54
50
54
45
51
48
42
37
22
14
3
-7
-29
-54
-64
-67
-59
-53
-43
-41
-31
-21
-16
-9
-13
-11
-20
-19
-18
-20
-25
-31
-29
-28
-28
-20
-19
-19
-19
-14
-16
-9
1
11
16
17
20
14
19
26
34
32
33
29
19
12
7
4
-3
-8
-11
-19
-21
-22
-22
-25
-18
-15
-12
-16
-19
-26
-34
-41
-53
-68
-75
-82
-103
-129
-141
-134
-114
-92
-61
-26
9
33
38
41
39
53
58
65
62
64
63
62
69
61
61
55
54
44
40
39
35
38
35
21
1
-20
-23
-27
-23
-17
-9
-3
-7
-23
-49
-71
-78
-72
-61
-45
-28
-17
-4
3
4
-5
-13
-29
-40
-51
-59
-73
-85
-84
-86
-79
-78
-65
-56
-47
-35
-29
-27
-26
-23
-23
-17
-12
-11
-11
-18
-12
-18
-10
-3
-10
-29
-49
-65
-89
-96
-96
-75
-51
-29
-10
-5
2
4
4
-5
-7
-11
-14
-22
-26
-33
-41
-39
-41
-50
-61
-71
-79
-88
-87
-89
-85
-84
-76
-65
-59
-45
-48
-49
-57
-62
-66
-67
-51
-28
-13
1
13
28
51
71
87
94
93
94
89
86
84
79
70
57
47
27
6
-13
-30
-35
-30
-16
-24
-39
-65
-78
-78
-60
-31
-26
-18
-19
-14
-14
-22
-26
-38
-26
-22
-9
-8
-1
6
7
6
4
2
-7
-12
-21
-33
-33
-30
-20
-21
-14
-20
-25
-35
-36
-38
-40
-33
-29
-27
-21
-8
2
13
20
29
40
46
47
34
15
-3
-17
-32
-42
-38
-37
-21
-1
18
35
43
47
35
23
10
4
-13
-37
-72
-92
-82
-58
-34
-22
-18
-17
-22
-30
-29
-27
-34
-41
-52
-50
-44
-22
-8
-1
8
3
-8
-15
-22
-26
-35
-35
-46
-58
-70
-80
-90
-102
-103
-106
-102
-99
-87
-83
-72
-64
-57
-53
-44
-32
-27
-18
-6
9
11
3
-3
-17
-13
1
17
3
-27
-50
-67
-57
-32
-10
10
25
35
40
42
38
27
9
2
-3
-1
-1
7
12
5
1
0
10
36
68
99
110
121
115
108
102
103
106
106
115
114
120
116
124
123
119
118
115
114
112
119
124
127
132
117
77
36
3
-25
-58
-88
-96
-94
-84
-83
-86
-76
-62
-48
-37
-29
-7
-1
10
3
-14
-44
-76
-91
-102
-93
-76
-57
-41
-20
-11
-14
-22
-21
-13
5
24
25
25
19
14
6
-6
-13
-18
-25
-27
-35
-38
-44
-40
-34
-27
-26
-21
-7
10
28
38
37
35
41
38
35
31
41
49
56
50
27
4
-14
-30
-45
-62
-68
-91
-97
-93
-85
-81
-73
-54
-40
-20
-16
-15
-24
-28
-37
-56
-78
-111
-150
-185
-198
-187
-157
-130
-89
-62
-35
-14
-12
-14
-28
-41
-45
-53
-49
-47
-42
-30
-12
1
4
24
39
54
66
72
63
40
2
-25
-39
-23
4
21
33
39
32
15
-2
-11
-24
-30
-34
-40
-43
-50
-44
-24
-13
5
-4
-18
-29
-36
-48
-57
-74
-85
-101
-100
-91
-78
-53
-29
-15
-12
-5
1
8
14
22
33
33
35
33
27
31
30
32
30
33
16
19
11
19
13
5
-4
-16
-23
-36
-36
-41
-51
-61
-76
-82
-82
-62
-40
-11
16
38
50
52
58
55
59
65
75
81
88
96
83
74
66
59
61
58
63
55
45
32
28
18
13
7
-4
-13
-16
-10
-3
4
0
-13
-28
-36
-32
-31
-18
-23
-20
-10
4
16
17
4
-4
-24
-36
-40
-47
-53
-39
-34
-25
-26
-16
-16
-23
-23
-36
-34
-39
-40
-48
-49
-53
-56
-59
-64
-55
-56
-48
-39
-31
-24
-25
-27
-25
-4
23
47
69
86
97
89
77
68
76
73
78
71
55
28
9
-5
-17
-24
-31
-50
-66
-80
-93
-109
-114
-120
-121
-116
-120
-131
-142
-141
-122
-94
-58
-23
2
13
23
19
8
-2
-8
-17
-29
-34
-41
-39
-41
-31
-32
-29
-25
-23
-21
-25
-26
-26
-13
3
17
16
8
-1
-6
-2
10
18
29
32
46
46
55
60
66
68
68
75
75
81
84
83
76
74
66
58
50
40
32
14
5
-8
-19
-28
-30
-28
-33
-35
-47
-57
-67
-63
-68
-79
-82
-89
-78
-64
-48
-30
-17
2
5
7
6
8
12
15
15
9
-9
-22
-30
-31
-24
-15
-2
6
17
32
36
45
40
41
32
30
21
11
5
5
1
-11
-23
-34
-46
-51
-52
-46
-49
-46
-52
-61
-73
-70
-68
-68
-73
-81
-88
-92
-87
-95
-101
-94
-79
-68
-42
-20
10
27
37
34
30
28
31
33
31
30
25
20
8
6
0
5
9
6
3
-1
0
-3
-3
-4
-2
2
3
11
14
18
26
27
27
27
27
19
19
15
16
7
0
-5
-8
-4
5
13
16
22
21
26
30
38
44
46
59
58
59
60
63
70
67
73
70
66
57
52
44
35
29
17
4
0
5
-2
-6
-14
-23
-31
-35
-40
-56
-66
-64
-59
-57
-65
-72
-76
-84
-79
-86
-82
-75
-63
-58
-55
-59
-60
-75
-90
-105
-119
-114
-98
-78
-55
-36
-20
-18
-18
-22
-22
-27
-18
-23
-24
-26
-24
-14
-17
-9
-14
-9
-8
-6
16
21
36
26
25
29
46
44
37
21
2
-29
-59
-78
-94
-104
-113
-117
-118
-113
-104
-101
-97
-93
-91
-97
-115
-127
-150
-167
-178
-188
-183
-164
-127
-96
-64
-43
-37
-48
-58
-69
-80
-83
-82
-83
-86
-84
-70
-63
-47
-32
-12
-5
3
5
5
13
24
36
44
53
54
63
72
81
80
76
83
86
92
91
93
99
96
102
101
101
107
114
105
105
99
97
93
82
77
67
68
71
63
49
42
37
28
16
-1
-22
-31
-52
-44
-45
-34
-19
-7
-12
-14
-22
-29
-33
-36
-27
-18
-5
3
12
13
26
34
45
50
38
29
-54
