-66
-70
-67
-67
-70
-69
-64
-62
-63
-62
-66
-68
-65
-64
-65
-73
-81
-85
-86
-80
-72
-69
-63
-64
-63
-65
-67
-59
-57
-53
-53
-53
-57
-59
-61
-61
-59
-57
-57
-58
-52
-49
-43
-39
-34
-27
-24
-25
-20
-17
-17
-13
-16
-18
-15
-15
-13
-16
-22
-29
-35
-35
-32
-36
-41
-37
-35
-26
-17
-12
-9
-13
-15
-14
-15
-6
1
5
12
14
9
5
0
-3
-11
-8
-8
-1
-3
-3
-3
-4
-4
1
1
1
6
8
9
0
-6
-10
-8
-5
2
8
15
16
16
11
4
1
-14
-25
-36
-45
-62
-62
-66
-63
-58
-56
-44
-40
-29
-22
-21
-25
-27
-31
-39
-41
-40
-39
-41
-49
-52
-52
-52
-46
-46
-40
-39
-34
-25
-14
-11
-15
-15
-4
-4
10
16
8
7
10
19
23
17
12
7
1
-6
-8
-11
-12
-5
8
26
42
59
67
72
73
78
84
87
94
99
109
117
125
126
127
122
115
97
78
57
37
15
-2
-16
-26
-39
-47
-56
-67
-72
-80
-81
-79
-74
-64
-59
-50
-46
-44
-48
-43
-49
-48
-46
-42
-35
-33
-33
-39
-54
-61
-65
-62
-61
-64
-72
-74
-66
-57
-50
-44
-47
-47
-53
-52
-50
-42
-41
-40
-41
-42
-36
-30
-38
-31
-34
-31
-28
-27
-25
-24
-25
-23
-27
-30
-29
-23
-25
-22
-26
-32
-38
-45
-58
-61
-66
-65
-70
-77
-82
-84
-79
-72
-64
-67
-68
-70
-74
-65
-63
-60
-60
-55
-51
-48
-44
-39
-26
-20
-11
-4
-2
-3
-2
-8
-15
-20
-21
-22
-23
-24
-23
-17
-6
-9
-14
-18
-17
-9
4
14
23
28
29
27
23
19
10
-2
-6
-8
1
8
12
4
-2
-13
-12
-10
-6
8
12
12
3
-3
-4
6
19
32
43
50
59
68
73
77
78
76
76
79
72
66
58
58
56
56
55
47
39
22
2
-12
-20
-21
-25
-39
-52
-55
-58
-47
-39
-25
-26
-22
-17
-15
-6
0
10
14
18
19
13
7
-3
-10
-11
-16
-35
-59
-79
-85
-83
-81
-87
-86
-86
-81
-73
-59
-49
-38
-24
-17
-14
-17
-16
-10
-8
0
3
9
11
13
10
1
-11
-28
-38
-40
-39
-33
-29
-22
-24
-32
-38
-51
-57
-59
-60
-61
-66
-70
-79
-86
-82
-76
-63
-50
-38
-37
-37
-35
-40
-39
-43
-44
-47
-52
-50
-46
-44
-35
-37
-37
-40
-38
-35
-34
-36
-40
-48
-60
-73
-83
-93
-89
-78
-64
-47
-26
-13
-3
1
7
12
19
27
25
28
21
20
19
17
21
20
15
7
-8
-30
-45
-57
-70
-72
-69
-64
-60
-58
-58
-53
-47
-36
-35
-29
-23
-16
-11
-6
-1
-6
-12
-23
-23
-27
-29
-34
-33
-35
-28
-20
-17
-15
-9
-5
-5
-5
-2
3
7
10
10
13
13
15
13
15
13
11
0
-6
-7
-5
-6
-12
-19
-25
-21
-7
6
19
24
27
28
32
35
36
40
45
48
51
50
50
48
47
46
46
44
45
42
34
22
24
26
28
27
22
17
13
16
14
14
4
-3
-10
-12
-9
-8
-9
-11
-11
-15
-17
-16
-17
-6
1
6
4
3
7
10
12
10
9
4
9
11
12
14
8
3
-1
-4
-14
-22
-29
-40
-40
-47
-48
-57
-69
-79
-79
-89
-96
-107
-115
-122
-121
-117
-103
-92
-80
-67
-59
-51
-44
-46
-45
-32
-35
-32
-31
-25
-23
-23
-25
-25
-27
-28
-27
-29
-24
-22
-16
-10
2
10
3
-3
-1
26
46
65
71
71
73
68
62
55
56
50
43
30
19
3
-3
-8
-10
-11
-15
-10
-1
7
17
24
25
30
33
31
27
23
16
11
0
-10
-23
-29
-29
-33
-36
-46
-50
-57
-51
-36
-29
-20
-12
-3
2
12
18
20
26
28
31
29
28
19
13
0
-4
-9
-13
-23
-33
-46
-58
-65
-67
-69
-64
-65
-60
-62
-64
-69
-69
-71
-68
-67
-73
-75
-73
-74
-73
-73
-78
-80
-82
-83
-86
-86
-87
-94
-97
-94
-86
-83
-78
-81
-87
-85
-82
-77
-76
-69
-62
-59
-54
-53
-48
-55
-58
-53
-45
-33
-22
-12
-5
0
0
-2
-5
-2
-2
3
3
5
10
10
7
5
0
2
1
1
7
14
17
14
6
-4
-17
-25
-30
-30
-23
-21
-19
-22
-26
-33
-35
-42
-41
-37
-31
-26
-22
-22
-20
-18
-10
-4
0
7
11
6
4
0
0
0
5
0
1
-1
5
10
10
4
-4
-14
-16
-17
-12
-7
-9
-8
-10
-8
-18
-32
-37
-44
-47
-51
-54
-54
-50
-38
-37
-37
-34
-26
-21
-17
-3
-1
4
3
2
2
0
-1
-9
-18
-28
-35
-39
-35
-37
-34
-39
-38
-41
-44
-42
-36
-35
-42
-50
-63
-80
-83
-86
-82
-75
-66
-50
-28
-7
15
32
40
42
38
33
31
28
24
17
12
12
8
9
4
3
4
3
5
1
1
2
7
12
11
10
8
4
2
-3
2
9
5
-6
-23
-35
-40
-35
-20
0
20
37
44
47
46
43
38
34
34
28
25
25
27
28
22
11
1
-10
-19
-34
-45
-55
-61
-61
-66
-63
-63
-62
-65
-55
-48
-36
-37
-35
-39
-39
-36
-32
-32
-29
-29
-27
-24
-31
-29
-32
-33
-35
-36
-37
-33
-35
-32
-32
-30
-32
-35
-30
-21
-12
-8
0
3
4
1
-1
-11
-21
-23
-25
-18
-10
1
6
9
11
6
6
7
5
-1
-8
-7
-7
-3
1
5
3
5
2
3
1
-2
-12
-19
-20
-15
-10
-7
0
1
2
0
-3
-8
-9
-10
-9
-12
-11
-13
-13
-14
-11
-12
-7
-9
-9
-16
-16
-11
-9
-3
4
5
4
6
8
13
16
19
21
19
15
12
6
8
11
15
10
5
0
-3
-5
-4
-4
-7
-12
-12
-16
-19
-22
-21
-20
-16
-19
-25
-29
-27
-24
-21
-18
-16
-15
-13
-6
-3
-3
-1
-1
-1
-7
-15
-28
-35
-34
-36
-32
-33
-27
-20
-6
-4
-4
-6
-9
-9
-9
-12
-10
-7
-3
2
5
4
6
3
2
-6
-9
-14
-20
-17
-19
-20
-23
-30
-35
-39
-44
-47
-52
-49
-49
-51
-56
-54
-50
-45
-42
-40
-40
-35
-31
-13
-6
7
13
18
21
14
16
10
13
12
12
8
6
4
-3
-3
-4
-1
-3
-8
-9
-18
-13
-13
-8
-8
-10
-12
-15
-14
-10
-13
-11
-10
-5
-3
-3
-9
-15
-24
-30
-34
-38
-38
-32
-38
-35
-35
-32
-21
-15
-11
-14
-19
-26
-34
-36
-41
-33
-30
-28
-26
-21
-22
-17
-10
-4
4
16
15
6
-7
-12
-10
1
13
22
28
35
37
44
45
48
46
44
36
28
13
3
-2
-11
-16
-16
-13
-18
-18
-19
-17
-21
-20
-19
-18
-18
-9
-2
7
15
16
16
8
8
1
-4
-10
-15
-20
-14
-17
-19
-19
-22
-22
-27
-29
-28
-26
-25
-21
-24
-32
-40
-35
-32
-37
-34
-31
-43
-44
-47
-50
-47
-50
-50
-54
-61
-71
-76
-72
-72
-66
-73
-75
-82
-84
-81
-72
-61
-58
-55
-57
-59
-49
-41
-32
-28
-16
-6
3
9
20
31
37
40
40
40
44
49
48
40
26
15
8
5
9
16
28
41
37
31
10
-2
-14
-36
-63
-96
-117
-121
-118
-117
-130
-128
-106
-80
-55
-34
-18
3
21
35
47
56
66
75
79
75
66
51
34
18
2
-8
-12
-15
-17
-21
-30
-37
-43
-46
-52
-55
-60
-65
-73
-74
-76
-79
-83
-89
-90
-83
-75
-57
-38
-25
-16
-19
-18
-20
-20
-26
-33
-21
-10
-4
-2
-5
-6
-8
-5
-13
-20
-24
-28
-32
-35
-35
-40
-45
-49
-45
-45
-48
-41
-39
-34
-27
-25
-20
-8
-9
-18
-29
-40
-40
-40
-37
-38
-38
-47
-56
-57
-56
-57
-52
-51
-50
-48
-47
-49
-51
-48
-39
-30
-28
-23
-20
-19
-12
-9
-6
-7
-10
-18
-25
-28
-32
-27
-24
-20
-22
-26
-27
-28
-22
-14
-4
6
17
26
29
28
28
26
20
13
5
-6
-16
-28
-32
-39
-41
-42
-41
-35
-30
-30
-25
-26
-27
-26
-15
-3
10
16
22
22
25
28
36
43
44
45
46
41
43
42
40
35
29
23
24
32
38
42
46
43
35
27
21
15
11
3
-3
-10
-12
-10
-7
-5
-6
-11
-12
-18
-21
-19
-22
-21
-18
-17
-13
-13
-13
-14
-22
-28
-38
-44
-53
-58
-60
-63
-58
-55
-51
-46
-43
-49
-56
-68
-77
-82
-81
-74
-69
-70
-70
-69
-68
-66
-69
-73
-72
-67
-62
-59
-54
-47
-43
-33
-23
-12
-4
1
-1
-8
-19
-32
-43
-57
-56
-50
-46
-30
-17
-3
8
18
23
32
33
36
33
26
26
26
28
31
35
36
39
41
43
44
44
39
31
25
19
13
8
1
-6
-17
-33
-52
-63
-66
-65
-67
-73
-73
-72
-64
-55
-45
-38
-28
-21
-6
2
7
10
11
12
11
9
3
-5
-12
-15
-23
-28
-40
-57
-69
-74
-77
-74
-64
-55
-48
-40
-32
-20
-8
1
9
10
11
9
9
7
6
5
8
11
6
0
-16
-27
-34
-33
-36
-31
-27
-16
-12
-5
-2
1
6
6
2
-3
-17
-23
-28
-36
-47
-52
-57
-64
-67
-73
-74
-71
-67
-47
-33
-14
6
25
37
46
52
52
51
53
51
47
39
30
21
14
7
2
-9
-26
-39
-53
-60
-66
-72
-70
-70
-62
-53
-52
-52
-47
-42
-34
-25
-16
-8
-3
0
-2
-5
-10
-21
-26
-34
-28
-24
-9
7
11
12
4
2
-3
3
8
19
26
32
35
34
30
28
29
31
37
38
40
46
47
46
40
36
31
20
12
5
-3
-7
-13
-21
-28
-31
-34
-32
-37
-35
-33
-33
-32
-31
-24
-16
-13
-8
-14
-9
-13
-15
-27
-32
-39
-49
-56
-59
-60
-53
-47
-42
-35
-33
-35
-34
-33
-32
-30
-27
-19
-8
0
9
12
21
28
37
41
38
35
27
17
8
0
-8
-19
-23
-26
-28
-34
-35
-35
-32
-32
-21
-17
-13
-2
10
23
34
36
33
25
21
24
26
34
35
34
28
24
20
14
8
1
-5
-13
-24
-29
-32
-32
-19
-11
-3
-4
-6
-3
6
14
19
17
21
23
29
28
21
10
1
2
-1
1
7
11
9
9
9
6
6
9
0
-9
-18
-24
-19
-9
5
17
0
-18
-60
-80
-80
-84
-76
-84
-92
-92
-95
-110
-117
-113
-91
-68
-56
-56
-49
-39
-12
12
34
50
63
77
87
95
100
96
91
83
81
81
79
78
77
75
71
65
55
42
34
31
37
39
34
25
12
7
2
5
6
12
16
14
15
15
16
13
13
12
10
-3
-23
-48
-70
-80
-85
-89
-91
-94
-97
-97
-99
-93
-90
-83
-75
-82
-82
-91
-104
-121
-130
-129
-120
-110
-94
-86
-80
-76
-71
-67
-63
-61
-52
-51
-48
-51
-50
-52
-47
-48
-47
-47
-47
-48
-52
-53
-51
-44
-39
-37
-38
-34
-32
-33
-35
-41
-42
-54
-59
-64
-74
-84
-93
-95
-94
-91
-85
-87
-91
-90
-91
-88
-85
-81
-76
-74
-73
-78
-79
-82
-79
-78
-77
-73
-70
-60
-49
-43
-40
-44
-46
-45
-49
-46
-38
-32
-21
-20
-21
-25
-30
-27
-26
-19
-6
-3
-7
-12
-16
-13
-11
-8
-2
-3
0
-2
-2
-3
-3
-2
-5
-10
-13
-15
-17
-11
-6
-6
-1
6
2
2
-6
-11
-17
-18
-17
-15
-12
-9
-9
-9
-12
-16
-16
-14
-5
2
12
14
16
12
9
8
11
9
8
7
-1
-4
-9
-12
-14
-16
-17
-23
-22
-23
-21
-19
-13
-11
-3
1
5
7
4
1
1
0
3
4
2
-1
-3
-6
-9
-11
-14
-14
-10
-1
8
12
9
7
2
3
8
12
17
24
27
28
24
17
10
7
1
-1
-11
-17
-18
-16
-18
-22
-22
-28
-32
-35
-46
-57
-63
-82
-102
-110
-107
-96
-80
-64
-51
-48
-46
-43
-39
-36
-31
-20
-15
-12
-14
-16
-18
-20
-21
-20
-16
-4
5
9
13
12
11
12
10
4
1
-4
-7
-9
-15
-17
-12
-8
-3
0
-1
-3
-14
-25
-32
-35
-35
-20
-3
14
27
37
41
41
37
34
32
37
39
45
43
43
39
33
23
21
16
14
13
6
-6
-15
-24
-33
-32
-28
-24
-24
-26
-28
-31
-32
-30
-30
-31
-31
-30
-31
-35
-34
-32
-32
-34
-38
-39
-44
-46
-46
-45
-45
-43
-39
-38
-36
-31
-29
-19
-19
-16
-20
-21
-25
-30
-32
-36
-42
-51
-60
-73
-86
-96
-106
-110
-118
-123
-123
-125
-118
-105
-84
-65
-45
-28
-15
-3
6
20
29
36
33
27
19
10
2
-8
-22
-28
-36
-44
-43
-39
-37
-32
-33
-37
-41
-38
-39
-41
-39
-41
-44
-45
-56
-66
-77
-86
-95
-100
-100
-97
-97
-92
-91
-87
-86
-81
-76
-71
-60
-48
-34
-25
-19
-15
-12
-3
7
19
26
37
38
38
37
39
41
39
42
44
47
52
55
55
55
53
47
37
31
29
34
34
34
29
22
18
16
14
13
10
9
2
-7
-14
-26
-28
-19
-23
-22
-52
-69
-74
-58
-44
-39
-43
-42
-40
-34
-38
-34
-34
-36
-34
-31
-30
-29
-19
-11
-4
-6
-4
-6
-5
-10
-13
-23
-25
-24
-20
-14
-9
-10
-11
-14
-14
-19
-22
-27
-29
-33
-43
-53
-69
-82
-90
-87
-76
-52
-29
-18
-9
7
15
20
23
20
11
-13
-41
-51
-43
-29
-23
-24
-28
-31
-35
-39
-39
-35
-29
-23
-14
-9
-5
-1
-2
0
12
29
45
60
76
90
101
114
126
132
136
134
132
126
115
104
89
81
70
63
56
56
53
48
40
30
21
11
1
-3
-7
-5
1
1
-3
-8
-19
-21
-25
-27
-26
-31
-30
-37
-35
-37
-41
-44
-43
-43
-38
-36
-37
-28
-31
-28
-21
-18
-11
-10
-6
-6
-4
-4
-4
-8
-12
-24
-36
-42
-44
-44
-48
-49
-50
-56
-51
-40
-29
-28
-30
-31
-29
-26
-9
-1
2
2
-1
-1
-2
4
5
6
2
-1
-4
-5
-1
6
14
22
25
29
32
36
38
38
35
28
20
18
13
3
-5
-10
-11
-15
-15
-20
-25
-27
-23
-19
-16
-11
-5
-6
-11
-13
-21
-26
-29
-43
-51
-52
-52
-51
-49
-43
-40
-39
-33
-25
-19
-16
-7
-1
3
4
7
10
6
8
2
-5
-14
-22
-24
-24
-23
-22
-19
-19
-19
-28
-32
-35
-34
-37
-40
-41
-41
-42
-50
-55
-65
-69
-65
-62
-53
-42
-36
-28
-21
-12
-3
1
8
11
9
7
5
1
4
6
6
6
5
5
1
-2
-8
-16
-22
-27
-25
-21
-18
-12
-9
-12
-12
-15
-15
-11
-14
-13
-17
-22
-28
-35
-45
-53
-57
-55
-54
-46
-47
-44
-47
-50
-49
-50
-47
-50
-47
-42
-42
-35
-34
-34
-37
-37
-37
-41
-36
-35
-32
-25
-16
-13
-11
-9
-11
-8
-7
-9
-11
-15
-16
-11
-10
-4
-5
-10
-13
-20
-28
-29
-28
-26
-24
-24
-30
-31
-34
-33
-29
-26
-26
-27
-24
-21
-21
-14
-11
-11
-13
-19
-16
-15
-15
-10
-16
-20
-23
-25
-29
-34
-33
-36
-34
-30
-32
-30
-26
-30
-32
-30
-24
-20
-17
-11
-12
-15
-15
-17
-17
-15
-8
-8
-5
1
5
8
6
2
-3
-5
-3
-5
-2
-1
7
1
-8
-22
-30
-36
-43
-39
-41
-45
-39
-37
-34
-26
-17
-2
11
23
30
26
20
4
-12
-20
-20
-9
4
14
20
19
17
19
21
20
16
14
12
13
12
13
7
8
1
-10
-18
-24
-23
-23
-26
-30
-32
-32
-30
-41
-54
-74
-98
-120
-134
-145
-151
-156
-163
-170
-174
-179
-176
-168
-146
-116
-81
-55
-31
-9
10
28
39
51
59
62
66
66
65
60
47
32
14
1
-6
-14
-19
-19
-19
-24
-32
-39
-42
-41
-32
-27
-19
-14
-15
-11
-12
-15
-20
-29
-40
-51
-59
-58
-54
-49
-47
-45
-40
-31
-16
-12
-15
-13
1
25
35
41
29
14
-2
-13
-19
-10
-4
1
-2
-5
-5
-1
4
6
6
4
4
2
0
-2
-2
0
4
12
16
18
17
11
10
11
10
10
5
2
2
-1
-1
5
15
23
35
49
56
67
73
81
84
87
87
89
86
86
75
69
65
58
47
39
24
10
-2
-15
-21
-33
-40
-39
-42
-45
-37
-35
-33
-30
-28
-28
-30
-36
-41
-50
-55
-64
-78
-91
-99
-103
-109
-108
-104
-93
-78
-64
-51
-36
-28
-20
-12
-10
-4
1
5
7
7
10
10
9
-2
-11
-18
-21
-16
-21
-18
-18
-15
-19
-14
-8
6
16
23
22
18
12
14
12
18
18
20
20
24
30
31
33
34
37
40
41
36
30
30
28
36
39
42
40
40
39
37
32
29
27
28
29
32
31
34
32
25
13
6
-1
-6
-6
-5
4
7
8
2
-3
-1
-5
-9
-19
-23
-27
-33
-32
-33
-36
-39
-43
-49
-43
-45
-44
-40
-46
-53
-59
-68
-77
-73
-78
-77
-67
-52
-34
-18
-11
-2
-1
4
7
8
12
9
6
7
12
13
11
1
-3
-15
-25
-32
-38
-33
-23
-11
4
14
20
21
15
15
10
3
-5
-12
-21
-29
-34
-35
-34
-28
-22
-21
-14
-11
-13
-19
-26
-24
-33
-39
-44
-48
-52
-61
-71
-74
-74
-68
-63
-65
-68
-75
-83
-89
-95
-97
-98
-101
-98
-87
-79
-65
-58
-46
-39
-31
-31
-29
-26
-29
-26
-17
-5
3
7
9
4
4
5
-1
-11
-31
-39
-55
-59
-57
-53
-45
-37
-29
-24
-22
-27
-22
-24
-36
-44
-58
-69
-70
-71
-69
-61
-45
-32
-12
0
4
-2
-10
-16
-25
-24
-25
-24
-17
-7
-7
-6
-20
-40
-53
-62
-63
-56
-43
-31
-21
-14
-11
-11
-11
-15
-17
-18
-20
-29
-33
-41
-41
-33
-26
-23
-29
-32
-37
-40
-44
-40
-32
-23
-10
-3
2
7
13
13
14
13
18
16
10
5
2
-3
-2
-3
3
14
28
41
53
65
71
80
87
90
88
83
76
65
48
35
20
5
-7
-16
-22
-27
-26
-29
-33
-28
-19
-1
11
24
28
29
29
30
27
26
19
9
-1
-10
-24
-32
-42
-49
-63
-81
-103
-120
-137
-151
-162
-176
-182
-175
-154
-133
-119
-111
-101
-90
-69
-43
-27
-12
0
5
15
22
25
22
18
19
28
34
37
37
37
38
44
47
44
42
37
27
19
14
10
8
8
2
-3
-10
-10
-6
-4
-1
5
7
7
6
6
6
7
6
0
-5
-12
-17
-12
-12
-10
-14
-20
-17
-11
-3
3
2
-1
-4
-14
-19
-27
-24
-30
-40
-43
-56
-72
-75
-81
-73
-65
-57
-50
-48
-43
-35
-28
-23
-24
-23
-27
-35
-38
-40
-44
-47
-42
-44
-42
-47
-51
-57
-56
-53
-57
-57
-66
-65
-67
-71
-72
-78
-75
-70
-57
-49
-44
-38
-27
-21
-22
-31
-41
-44
-47
-42
-39
-37
-36
-36
-30
-29
-30
-34
-32
-39
-39
-39
-32
-27
-22
-22
-21
-18
-15
-11
-9
-1
7
6
12
11
13
12
5
-5
-20
-38
-53
-58
-60
-46
-32
-28
-16
-1
20
43
61
70
75
87
112
127
130
114
91
82
73
69
59
52
45
33
21
10
15
3
-5
-12
-20
-25
-27
-27
-22
-11
-7
4
6
15
21
19
17
15
18
18
30
36
47
50
57
56
55
53
49
45
41
43
42
30
18
-5
-19
-36
-42
-44
-41
-39
-29
-27
-24
-24
-24
-26
-21
-24
-17
-14
-22
-27
-40
-46
-53
-59
-65
-69
-72
-81
-93
-111
-123
-128
-127
-115
-107
-103
-101
-100
-93
-86
-77
-61
-52
-41
-35
-33
-30
-23
-17
-15
-7
-14
-9
-18
-25
-31
-33
-33
-33
-36
-44
-46
-49
-47
-53
-52
-54
-60
-68
-72
-77
-77
-82
-81
-84
-87
-87
-88
-77
-70
-64
-57
-51
-40
-33
-37
-29
-23
-19
-20
-19
-16
-18
-14
-19
-13
-18
-23
-27
-22
-23
-15
-10
-6
-3
-4
-4
-2
1
9
15
16
13
12
16
21
23
26
24
26
23
23
24
18
15
10
11
14
21
28
29
29
24
21
12
11
11
7
5
-1
-7
-14
-24
-30
-32
-38
-37
-46
-55
-64
-72
-78
-85
-83
-81
-75
-69
-57
-57
-58
-56
-50
-45
-45
-47
-54
-51
-42
-33
-27
-16
-13
-10
-11
-6
-2
-4
-4
-8
-15
-16
-19
-12
-11
-6
-3
-1
-2
-4
-5
-2
3
7
10
6
2
1
4
11
10
5
3
0
1
1
1
1
-1
-1
-3
-8
-10
-10
-8
-4
0
2
-1
-6
-8
-11
-10
-14
-11
-12
-17
-18
-18
-8
0
8
13
19
21
21
13
12
9
3
-3
-4
-5
-4
-4
-6
-6
-7
-1
6
8
8
0
-9
-21
-34
-45
-52
-54
-53
-55
-52
-48
-41
-31
-21
-15
-11
-8
-8
-6
-10
-15
-16
-22
-21
-17
-16
-12
-10
-6
-10
-16
-22
-28
-33
-29
-31
-34
-35
-41
-36
-38
-36
-26
-18
-11
-6
-15
-21
-30
-36
-40
-36
-30
-27
-26
-28
-30
-38
-41
-43
-34
-27
-14
-5
0
10
9
7
4
2
2
3
9
13
18
22
19
16
8
11
11
15
20
19
16
11
7
2
-1
-4
-5
-2
1
2
2
2
3
-1
-6
-11
-9
-5
-1
2
4
10
13
14
14
4
-7
-11
-14
-8
-4
2
0
-1
-9
-17
-20
-28
-33
-43
-50
-64
-78
-90
-90
-85
-77
-72
-67
-64
-58
-52
-40
-30
-15
-5
3
4
9
9
13
21
14
12
2
4
5
2
2
-4
-16
-28
-36
-39
-37
-33
-28
-26
-22
-23
-24
-25
-22
-19
-23
-23
-23
-18
-8
3
12
10
3
-12
-28
-35
-40
-41
-41
-43
-38
-40
-42
-39
-46
-50
-50
-45
-42
-37
-31
-27
-22
-19
-21
-29
-36
