-32
-28
-25
-22
-10
-12
-8
-21
-27
-29
-31
-33
-37
-39
-44
-50
-55
-58
-65
-64
-62
-53
-43
-37
-35
-48
-60
-62
-63
-59
-57
-52
-52
-57
-50
-44
-40
-32
-32
-19
-9
-5
-10
-10
-8
-9
-4
2
-3
-5
0
-13
-8
-15
-19
-27
-30
-26
-25
-24
-21
-24
-28
-24
-19
-20
-14
-6
-2
8
15
35
39
48
53
52
51
46
41
36
23
20
3
-3
-5
-4
0
9
10
11
18
20
17
14
12
10
10
10
8
8
1
-3
-21
-39
-53
-62
-67
-63
-50
-41
-33
-35
-36
-39
-47
-48
-54
-49
-42
-50
-52
-57
-57
-53
-58
-45
-45
-37
-37
-37
-35
-41
-43
-46
-49
-51
-50
-49
-49
-39
-40
-39
-47
-48
-52
-51
-50
-39
-33
-29
-18
-13
-7
6
10
10
11
10
0
5
11
20
19
18
18
17
15
21
22
18
13
2
-2
-10
-14
-14
-11
-8
-8
-9
-7
-13
-7
-6
-6
-3
0
0
-1
15
19
29
24
20
35
58
70
74
70
68
67
68
72
71
67
65
61
52
49
39
28
14
5
-7
-19
-26
-26
-28
-18
-15
-12
-18
-25
-28
-37
-40
-40
-44
-43
-42
-36
-31
-26
-17
-15
-13
-11
-13
-19
-21
-15
-11
-6
-3
-12
-24
-28
-21
-28
-24
-32
-43
-61
-81
-96
-102
-106
-100
-98
-106
-114
-115
-116
-120
-116
-114
-111
-108
-100
-94
-87
-73
-62
-53
-41
-18
-7
13
17
17
9
-3
-9
-2
4
23
41
55
54
53
51
52
57
62
69
72
74
79
73
81
80
76
80
78
82
87
94
95
84
84
81
82
78
74
63
57
56
55
48
43
42
33
32
33
32
30
27
32
35
35
39
38
33
31
31
28
21
12
5
-6
-13
-14
-23
-16
-5
-1
5
7
13
15
18
15
28
33
29
27
25
30
41
61
62
70
78
82
76
68
62
56
55
53
56
49
48
41
35
27
12
6
-6
-8
-12
-10
-5
-9
-19
-28
-34
-38
-43
-46
-47
-44
-43
-37
-40
-39
-29
-31
-31
-39
-49
-62
-75
-86
-88
-96
-93
-88
-83
-81
-72
-74
-72
-66
-56
-52
-44
-33
-27
-18
-16
-4
1
2
5
10
8
0
-5
-10
-7
-4
-1
2
4
-2
0
2
10
12
10
16
26
36
39
43
52
51
52
49
34
32
24
8
2
1
7
8
11
14
15
18
20
23
21
14
13
1
-8
-13
-5
-9
-9
-20
-20
-21
-26
-27
-29
-29
-15
-7
2
22
34
34
39
44
47
45
46
43
37
32
25
11
6
-2
1
-1
4
5
1
-4
-8
-1
-10
-12
-16
-27
-30
-31
-21
-7
-6
-20
-45
-58
-65
-68
-64
-56
-49
-42
-43
-37
-32
-22
-13
-7
-3
1
3
-4
-16
-25
-32
-39
-37
-35
-47
-55
-63
-69
-74
-78
-85
-94
-100
-99
-93
-88
-82
-80
-85
-87
-88
-85
-83
-72
-65
-57
-44
-35
-30
-27
-23
-11
-3
1
18
16
17
16
17
10
0
-10
-18
-23
-16
-12
-6
-7
-2
-4
-1
11
26
37
38
45
42
46
55
64
69
70
78
81
81
77
75
77
77
85
86
93
100
108
113
117
117
112
104
97
91
77
68
53
34
22
10
3
-10
-15
-25
-24
-22
-13
-8
-1
9
17
13
8
5
4
-4
-6
-12
-17
-25
-26
-30
-23
-12
1
14
21
23
26
30
34
36
36
30
31
26
18
10
9
9
7
4
-4
-8
-10
-7
-6
-5
-11
-11
-20
-21
-26
-26
-23
-26
-29
-33
-40
-46
-54
-49
-52
-48
-44
-40
-35
-25
-15
-9
-10
-16
-20
-16
-16
-8
-12
-17
-24
-24
-22
-16
-12
-6
-7
-5
-2
-7
-9
-14
-12
-11
-10
-4
-12
-15
-17
-27
-31
-32
-31
-32
-32
-32
-32
-41
-47
-52
-59
-67
-66
-58
-51
-34
-25
-9
3
6
15
12
10
-6
-15
-23
-31
-29
-36
-44
-53
-59
-75
-86
-104
-111
-108
-98
-85
-78
-73
-65
-60
-56
-54
-51
-44
-44
-45
-50
-56
-59
-67
-68
-65
-60
-51
-34
-25
-23
-21
-20
-17
-15
-6
-6
-7
-3
-4
-3
3
3
7
11
9
6
7
7
11
14
17
18
19
18
23
26
35
38
35
36
33
24
30
22
15
10
8
1
-5
-3
-5
-11
-4
-2
-6
-23
-33
-44
-56
-68
-83
-102
-122
-133
-143
-143
-149
-154
-155
-150
-141
-131
-114
-106
-96
-87
-74
-68
-67
-63
-57
-38
-30
-13
-8
0
6
15
20
23
33
42
51
51
43
36
25
19
17
6
-2
-1
-7
-11
-12
-20
-31
-40
-49
-62
-74
-83
-101
-108
-118
-122
-124
-116
-103
-91
-72
-67
-58
-60
-57
-48
-49
-46
-43
-38
-27
-15
3
2
-3
-4
-8
-12
-10
7
39
54
57
42
35
37
50
68
81
101
115
125
137
142
143
133
124
105
94
81
78
70
56
40
24
10
-4
-13
-23
-27
-25
-17
-10
2
8
14
19
27
34
39
34
36
35
42
49
53
55
50
44
40
40
40
39
44
46
47
54
58
69
83
91
98
105
103
101
101
89
108
123
125
97
56
44
63
86
106
111
115
127
137
144
147
145
142
137
137
139
137
134
127
114
100
83
69
62
53
49
43
40
30
38
35
34
36
30
25
20
20
10
-1
-4
-11
-18
-28
-31
-41
-50
-59
-74
-90
-98
-98
-94
-92
-84
-76
-69
-56
-54
-53
-60
-66
-73
-90
-98
-104
-110
-108
-103
-98
-94
-91
-80
-60
-61
-69
-91
-101
-89
-87
-83
-89
-83
-80
-73
-61
-50
-38
-30
-34
-43
-37
-20
-7
1
1
-4
2
10
18
32
35
38
42
45
46
40
38
24
24
21
26
34
42
45
44
44
43
41
38
33
34
29
31
19
7
-7
-23
-37
-48
-47
-51
-48
-46
-34
-20
-12
1
-6
-6
-16
-15
-20
-16
-6
1
2
-4
-6
-14
-17
-17
-20
-22
-26
-27
-26
-24
-13
11
25
25
8
-22
-44
-55
-53
-54
-47
-49
-65
-79
-92
-88
-91
-80
-76
-67
-70
-59
-52
-42
-21
-7
-1
-6
-7
1
0
0
12
13
22
39
39
50
52
53
53
49
43
35
30
32
35
40
32
30
31
29
27
25
21
19
26
32
34
45
53
61
59
56
56
62
68
85
90
95
89
74
67
55
47
35
37
30
23
19
20
24
32
40
47
43
44
48
60
62
66
54
49
39
37
40
41
50
51
50
44
43
46
37
32
21
8
4
0
-2
-7
-10
-22
-34
-46
-55
-65
-68
-74
-74
-84
-87
-85
-84
-76
-63
-53
-44
-40
-37
-37
-42
-51
-58
-69
-70
-64
-67
-68
-70
-68
-68
-67
-60
-64
-70
-73
-71
-73
-62
-67
-66
-69
-63
-64
-69
-64
-58
-48
-35
-20
-14
-4
9
17
24
24
26
28
29
41
48
50
53
55
55
53
58
67
71
66
62
56
42
41
34
23
14
13
19
25
36
43
49
64
67
61
63
56
58
49
50
53
60
66
70
70
68
68
60
51
39
33
29
24
31
28
28
19
14
12
10
4
2
3
8
5
14
0
-1
10
9
14
18
14
7
1
2
-3
-8
-14
-17
-17
-22
-16
-23
-26
-23
-30
-34
-39
-32
-28
-20
-20
-16
-17
-14
-16
-12
-7
-14
-20
-26
-27
-27
-29
-29
-20
-14
-10
-4
-2
1
2
-6
-2
-5
-6
-9
-14
-8
-15
-17
-28
-21
-24
-15
-13
-16
-16
-28
-31
-38
-40
-43
-45
-53
-62
-51
-57
-51
-49
-54
-55
-51
-42
-35
-24
-20
-20
-21
-22
-20
-29
-38
-42
-48
-51
-51
-53
-51
-50
-48
-38
-41
-34
-37
-27
-37
-57
-87
-117
-131
-137
-143
-134
-110
-87
-63
-45
-41
-35
-31
-28
-28
-29
-30
-37
-41
-49
-56
-70
-86
-103
-114
-128
-142
-148
-161
-164
-163
-159
-154
-145
-133
-125
-112
-97
-79
-66
-59
-46
-42
-35
-23
-20
-20
-25
-27
-30
-36
-35
-39
-46
-46
-51
-51
-47
-34
-22
-14
-4
0
0
1
12
22
25
30
28
26
28
35
39
45
54
65
54
51
51
54
65
74
80
79
76
71
62
59
56
59
59
60
64
62
75
77
73
67
66
72
75
84
87
91
90
84
75
64
56
59
57
53
55
53
58
58
59
61
46
42
40
31
32
31
41
40
47
48
50
42
38
37
24
20
8
-4
-15
-28
-23
-17
-11
-6
-8
-9
-4
0
10
19
26
37
37
37
38
38
40
41
36
33
32
34
33
34
40
36
36
34
39
39
32
27
16
11
2
-7
-11
-14
-14
-11
-6
-8
-8
-5
1
5
3
12
8
5
4
-2
-1
-11
-18
-23
-34
-44
-47
-50
-55
-57
-54
-50
-46
-49
-56
-61
-58
-51
-43
-30
-12
-5
6
0
3
6
7
10
2
-2
-1
-2
1
-4
-6
-13
-15
-16
-9
-11
-4
-3
-1
-6
-2
-6
-8
-1
-3
3
6
16
11
20
28
26
30
36
34
36
29
21
19
22
29
26
26
25
27
26
23
22
32
22
28
27
20
15
5
12
-4
-7
-15
-14
-18
-19
-14
-16
-14
-9
2
3
3
1
-9
-19
-12
-17
-16
-10
-6
-1
2
7
11
14
16
9
2
-9
-11
-4
-3
-7
-21
-38
-50
-53
-54
-60
-59
-49
-35
-30
-34
-45
-57
-54
-52
-50
-50
-39
-33
-32
-27
-20
-16
-14
-15
-22
-22
-25
-23
-23
-22
-20
-24
-24
-24
-15
-16
-14
-28
-37
-45
-55
-60
-72
-75
-71
-77
-77
-76
-77
-84
-90
-99
-101
-106
-109
-110
-109
-101
-92
-84
-76
-60
-44
-41
-32
-29
-29
-27
-34
-40
-50
-56
-64
-78
-86
-86
-82
-72
-61
-49
-46
-39
-37
-31
-28
-25
-27
-32
-42
-43
-51
-55
-54
-53
-54
-52
-55
-52
-50
-47
-46
-44
-37
-36
-25
-20
-12
-13
-19
-24
-22
-19
-7
8
16
17
25
27
26
21
18
24
22
14
-2
-16
-24
-15
-14
-3
7
17
24
31
53
79
91
94
91
85
79
76
74
70
79
85
91
82
75
65
65
65
61
59
56
56
52
62
72
79
78
72
64
57
54
55
54
52
49
44
40
32
29
29
21
13
-2
-10
-18
-10
-8
2
0
-2
-10
-23
-33
-37
-35
-29
-22
-15
-10
3
5
5
-1
-14
-19
-20
-16
-25
-28
-35
-30
-31
-33
-29
-27
-26
-15
-17
-24
-28
-32
-34
-34
-28
-30
-26
-22
-19
-11
-9
-2
5
2
2
4
0
4
3
9
8
12
11
8
2
-1
9
12
31
34
38
44
48
53
51
46
48
48
40
37
35
31
36
28
20
6
3
-6
-3
1
3
0
-5
0
5
8
13
20
14
18
6
12
15
20
15
15
14
14
12
5
3
-1
2
4
12
18
26
39
50
59
57
56
52
54
62
66
57
54
39
29
13
2
-7
-18
-26
-27
-29
-27
-21
-6
-7
1
-1
-4
-10
-12
-20
-33
-42
-58
-72
-79
-83
-81
-79
-71
-71
-73
-75
-72
-68
-54
-42
-29
-22
-12
-10
-4
-5
3
7
6
4
0
-5
-5
-6
-10
-18
-25
-33
-37
-43
-43
-32
-28
-22
-15
-13
-15
-10
-12
-7
-9
-14
-18
-19
-21
-18
-26
-29
-29
-30
-34
-23
-12
3
14
33
40
48
51
53
56
57
60
56
43
35
22
10
1
-7
-21
-27
-24
-24
-21
-13
-9
-1
8
19
26
28
29
35
43
49
49
50
40
32
28
26
20
18
11
10
13
23
30
39
41
40
40
38
32
21
14
0
-8
-14
-20
-26
-32
-39
-46
-53
-66
-67
-67
-52
-27
-23
-32
-48
-60
-64
-63
-54
-54
-47
-47
-37
-34
-27
-23
-20
-25
-26
-22
-23
-20
-11
-5
-4
-10
-20
-33
-39
-39
-34
-31
-23
-17
-22
-20
-17
-18
-12
-14
-12
-12
-15
-16
-22
-27
-31
-44
-56
-62
-63
-59
-52
-47
-39
-39
-37
-28
-21
-14
-3
-1
3
-2
7
13
9
7
3
3
-5
-5
3
8
20
28
31
36
47
59
59
59
53
47
39
50
44
51
50
49
50
44
44
42
32
35
29
28
18
10
4
-1
1
2
0
-1
3
-1
2
5
19
20
25
25
19
20
14
12
9
13
12
12
6
6
8
7
7
4
-2
-1
1
-9
-10
-3
-4
-3
-5
-7
-6
-6
-1
-8
-16
-28
-31
-41
-45
-44
-47
-48
-46
-51
-50
-44
-35
-30
-31
-31
-45
-48
-51
-51
-50
-40
-31
-31
-32
-37
-37
-38
-38
-32
-35
-40
-51
-53
-61
-66
-64
-63
-59
-48
-32
-16
-7
-1
0
-3
-11
-8
-8
-7
-5
1
8
7
16
27
36
46
49
50
41
33
26
14
19
17
10
6
5
-4
-9
-12
-8
-12
-6
-5
-1
1
8
6
4
5
-1
-2
-7
-12
-16
-16
-13
-12
-3
-3
1
-2
-6
-3
-6
-5
-4
-2
-1
1
5
3
-2
-12
-16
-21
-29
-33
-37
-40
-44
-42
-46
-48
-43
-39
-39
-36
-40
-44
-44
-40
-35
-31
-29
-22
-14
-6
-3
-7
-10
-16
-25
-34
-37
-39
-34
-37
-40
-43
-54
-63
-57
-58
-56
-47
-41
-36
-37
-33
-27
-30
-28
-37
-38
-39
-35
-28
-26
-25
-33
-41
-51
-49
-56
-57
-57
-69
-80
-92
-91
-92
-90
-95
-104
-111
-118
-117
-121
-115
-110
-101
-93
-84
-70
-71
-63
-54
-41
-34
-19
-9
-4
-2
4
5
-1
-7
-20
-29
-35
-40
-31
-27
-20
-11
-7
-12
-9
-5
3
11
15
19
24
34
36
31
23
15
14
21
16
8
-9
-25
-42
-59
-79
-89
-102
-109
-106
-102
-101
-99
-95
-94
-84
-69
-51
-24
-1
15
1
-3
-3
9
19
26
32
31
37
46
51
42
38
40
38
53
57
55
60
61
66
73
81
93
100
93
82
64
49
42
49
57
68
75
80
89
95
108
115
113
112
107
100
100
98
95
92
88
86
87
88
92
94
97
100
94
85
84
83
88
93
92
89
78
75
76
70
64
61
60
55
57
55
54
44
40
42
37
40
27
11
0
-10
-23
-46
-58
-65
-73
-79
-81
-83
-93
-88
-90
-93
-93
-77
-62
-47
-41
-32
-37
-39
-38
-34
-23
-11
-1
0
-4
0
0
2
4
0
-11
-18
-12
-8
0
10
16
13
12
1
5
14
18
23
27
26
28
29
27
36
35
37
37
36
32
33
39
44
46
49
44
44
39
39
39
40
41
41
38
29
27
31
35
29
23
12
3
-10
-16
-17
-3
1
14
26
38
39
36
31
27
18
8
3
0
-3
-5
0
5
13
21
29
32
32
39
42
44
45
35
29
12
8
-2
-8
-15
-18
-25
-38
-52
-61
-67
-71
-74
-77
-73
-64
-55
-39
-27
-21
-17
-9
-20
-23
-18
-21
-25
-27
-31
-34
-38
-35
-37
-37
-38
-35
-39
-47
-50
-59
-60
-54
-46
-43
-36
-35
-22
-21
-24
-31
-37
-38
-34
-34
-36
-42
-41
-44
-44
-39
-32
-34
-42
-43
-49
-49
-46
-40
-35
-20
-11
-4
8
19
28
31
39
37
29
32
33
27
22
16
11
9
8
9
6
-1
-1
-3
-9
-8
-4
7
9
16
16
17
9
9
6
14
21
25
24
16
21
10
8
1
10
18
25
35
43
51
57
60
62
64
67
67
63
64
63
62
52
49
47
44
40
46
39
45
43
41
36
28
29
13
8
-5
-8
-9
-2
-1
-5
-9
-3
-4
-3
2
9
6
9
9
11
11
2
12
16
13
14
13
7
6
7
6
10
11
14
17
10
4
-7
-15
-36
-55
-67
-73
-80
-90
-98
-106
-113
-114
-120
-118
-116
-104
-93
-79
-65
-61
-56
-54
-44
-42
-41
-40
-41
-42
-39
-37
-36
-38
-37
-42
-47
-52
-47
-42
-35
-26
-26
-27
-32
-28
-31
-32
-32
-28
-18
-21
-17
-17
-15
-18
-17
-12
-10
0
1
9
18
31
35
36
40
44
49
51
56
58
63
65
65
65
61
54
48
38
32
26
23
16
20
20
26
28
23
21
24
30
24
28
18
14
14
9
8
0
4
1
-2
-8
-18
-19
-24
-22
-21
-21
-21
-20
-17
-13
1
9
7
9
9
15
19
29
34
34
28
23
14
4
-6
-4
-6
-1
3
5
9
3
-1
-10
-14
-12
-15
-22
-26
-31
-41
-42
-44
-54
-53
-52
-54
-58
-61
-67
-72
-76
-76
-72
-75
-72
-71
-77
-77
-76
-74
-68
-56
-47
-42
-43
-37
-31
-30
-28
-33
-33
-41
-39
-41
-42
-35
-39
-47
-58
-65
-70
-66
-65
-62
-61
-64
-65
-71
-65
-51
-36
-27
-16
-1
4
10
20
25
25
24
21
19
26
31
34
39
43
49
53
57
64
75
77
85
86
83
74
63
50
35
30
18
10
-2
-10
-16
-20
-18
-25
-25
-29
-23
-20
-23
-13
-9
-17
-10
-5
-11
-11
-9
-12
-20
-24
-29
-25
-21
-23
-17
-24
-36
-35
-41
-38
-35
-34
-39
-44
-43
-50
-52
-53
-52
-55
-56
-42
-35
-22
-3
6
10
19
17
10
-3
-8
-14
-10
-12
-18
-20
-26
-21
-30
-35
-34
-38
-41
-37
-36
-32
-35
-33
-34
-37
-46
-46
-50
-44
-35
-33
-33
-34
-23
-20
-12
-13
-7
-4
3
13
21
24
25
34
34
38
39
39
43
47
46
39
31
30
26
21
18
14
14
14
11
8
14
16
21
13
11
3
-5
-9
-15
-22
-24
-22
-15
-12
-19
-15
-21
-21
-27
-27
-29
-35
-31
-21
-15
-6
-3
-3
0
12
15
25
31
40
36
31
35
32
36
35
30
21
17
13
3
-3
-15
-6
-4
-3
0
9
10
20
29
32
28
21
6
-15
-35
-50
-64
-66
-73
-72
-72
-73
-74
-80
-84
-94
-107
-127
-137
-148
-151
-146
-142
-145
-151
-155
-161
-161
-160
-156
-152
-152
-145
-148
-146
-133
-121
-114
-116
-111
-114
-109
-97
-78
-75
-64
-49
-32
-10
4
12
18
29
36
53
56
71
83
92
107
108
114
116
121
128
136
138
134
117
100
74
58
42
31
19
6
-4
-14
-20
-30
-39
-39
-31
-22
-6
-3
-2
-5
-12
-21
-22
-14
-2
11
24
27
22
24
24
22
29
34
39
42
39
39
35
45
47
58
68
72
72
67
78
82
95
99
103
114
120
124
116
105
82
66
49
46
41
42
39
38
40
45
46
41
30
29
31
33
28
24
10
15
2
0
10
28
22
15
-1
-24
-28
-23
-17
-17
-17
-20
-20
-14
-3
5
11
16
19
20
24
23
22
30
16
9
6
9
23
34
30
33
29
32
23
26
32
44
51
56
47
36
29
21
9
4
-9
-11
-17
-23
-20
-23
-15
-17
-16
-10
-9
-4
-9
-13
-19
-23
-31
-27
-24
-19
-8
-4
0
-6
-6
-12
-2
7
8
12
0
-2
-1
2
2
0
-1
-20
-12
-19
-25
-28
-27
-33
-41
-45
-53
-55
-52
-47
-50
-51
-53
-61
-63
-63
-63
-64
-59
-56
-48
-46
-31
-29
-23
-18
-13
-8
-3
10
20
23
38
47
55
57
55
55
47
45
32
22
18
16
12
12
11
17
26
30
36
39
37
35
32
29
22
24
23
24
26
29
26
24
29
32
26
27
29
30
31
37
31
32
29
29
28
44
49
50
49
52
57
56
58
47
31
25
29
33
48
58
64
63
68
66
58
50
49
46
45
44
43
49
53
62
60
49
42
42
36
38
37
46
41
35
28
14
-1
-9
-13
-25
-29
-27
-26
-24
-21
-17
-19
-22
-27
-27
-24
-24
-27
-26
-24
-25
-22
-22
-24
-19
-23
-16
-13
-11
-13
-16
-21
-30
-30
-37
-40
-41
-39
-33
-33
-33
-22
-20
-22
-22
-24
-26
-25
-32
-40
-48
-46
-50
-52
-58
-54
-58
-57
-57
-49
-39
-35
-29
-23
-15
0
7
11
24
29
20
18
15
13
9
14
21
19
18
10
4
4
1
-5
-15
-12
-14
-5
4
15
14
8
5
2
8
9
13
16
11
9
5
-6
-15
-22
-28
-34
-39
-41
-39
-37
-29
-36
-38
-37
-35
-31
-30
-30
-23
-23
-18
-19
-22
-24
-30
-33
-34
-35
-34
-34
-27
-30
-27
-26
-21
-16
-19
-20
-31
-45
-57
-62
-62
-59
-48
-46
-50
-54
-55
-50
-50
-47
-46
-44
-53
-56
-60
-56
-50
-43
-34
-29
-22
-21
-20
-17
-22
-24
-36
-35
-44
-43
-35
-36
-35
-36
-28
-22
-14
-10
-8
-5
-9
4
-5
-2
2
5
9
21
33
46
46
39
28
17
4
-1
-4
4
6
9
3
-4
-9
-13
-17
-22
-24
-24
-21
-19
-20
-16
-9
-8
-6
-2
-3
-1
0
0
-7
-4
5
6
3
3
3
7
11
20
18
12
4
6
-4
-4
-1
-4
-4
-3
6
10
17
21
25
24
25
23
29
30
28
32
27
22
19
11
0
4
-1
-1
0
2
3
3
-6
-6
-7
3
6
8
5
8
4
9
19
26
39
38
49
55
57
62
51
44
34
33
33
34
34
34
32
24
30
21
19
17
7
-2
-10
-16
-27
-34
-41
-45
-48
-52
-50
-44
-40
-31
-30
-22
-17
-10
-2
7
22
36
42
42
42
30
22
15
4
-2
-2
-14
-24
-35
-40
-42
-43
-35
-34
-36
-33
-33
-29
-22
-17
-22
-26
-29
-35
-36
-42
-39
-54
-61
-66
-62
-56
-48
-42
-38
-38
-37
-32
-32
-29
-29
-27
-30
-30
-29
-34
-40
-41
-41
-42
-43
-39
-28
-26
