-55
-59
-64
-77
-66
-72
-57
-31
12
44
55
70
71
66
70
65
56
39
21
4
-6
-4
19
34
49
56
56
50
53
61
58
63
61
51
23
5
4
11
5
2
1
7
30
39
29
2
-14
-32
-61
-86
-87
-79
-42
-12
4
3
-11
-29
-37
-39
-32
-40
-53
-69
-90
-110
-112
-110
-119
-135
-142
-150
-145
-152
-137
-137
-123
-123
-124
-121
-112
-76
-68
-53
-52
-63
-74
-68
-43
-30
-1
16
25
21
9
0
11
26
36
39
30
43
56
51
53
53
43
41
23
21
13
7
-5
-10
-10
-31
-16
-31
-23
-32
-27
-16
-6
14
30
40
62
83
99
99
106
100
91
81
71
59
41
34
20
3
-6
-10
-33
-49
-63
-37
-22
11
44
64
87
89
105
106
110
114
95
82
64
47
16
-12
-32
-58
-83
-98
-111
-112
-98
-65
-41
-13
7
26
21
23
24
17
17
-16
-56
-121
-150
-187
-207
-210
-179
-149
-102
-70
-46
-35
-34
-28
-27
-33
-13
-4
31
52
46
27
13
0
9
16
21
13
-4
-26
-32
-49
-54
-35
-15
3
19
38
49
42
43
50
58
44
29
-7
-56
-78
-116
-130
-151
-146
-148
-149
-135
-118
-89
-52
-22
-17
-20
-27
-20
-24
-23
-33
-54
-72
-71
-72
-73
-73
-68
-58
-64
-65
-66
-73
-69
-55
-28
-8
16
41
56
84
107
115
110
98
83
52
23
15
-11
-29
-37
-42
-49
-52
-48
-61
-59
-52
-28
-8
13
32
35
32
17
13
-8
-15
-12
-10
-10
-21
-31
-41
-51
-43
-51
-42
-29
-31
-34
-45
-48
-49
-56
-59
-56
-65
-58
-53
-53
-42
-16
-2
2
11
5
0
2
1
-1
-27
-33
-44
-42
-29
-1
10
23
31
32
22
1
-11
-42
-68
-84
-101
-121
-152
-169
-190
-195
-203
-201
-197
-178
-145
-114
-89
-69
-47
-52
-34
-11
5
13
20
12
6
0
-8
-14
-4
-8
2
-16
-17
-20
-16
-1
31
67
69
87
75
65
54
42
27
2
-16
-20
-26
-35
-20
-25
-12
-12
-7
-2
-1
22
39
47
60
81
84
77
70
41
11
-19
-36
-71
-57
-42
-38
-13
-53
-52
-66
-45
-13
21
53
95
107
97
93
79
73
74
54
29
-11
-33
-49
-53
-70
-81
-108
-128
-134
-143
-162
-161
-127
-96
-89
-80
-76
-53
-42
-20
-11
-2
7
20
34
47
54
47
23
20
3
-10
-7
-17
-2
-2
-11
-17
-22
-22
-24
-29
-26
-18
-22
-30
-26
-17
-15
2
8
15
0
4
13
15
19
25
9
-20
-47
-64
-77
-80
-63
-35
-17
-1
16
32
69
84
114
109
113
108
86
61
34
-11
-52
-74
-93
-96
-88
-80
-80
-83
-80
-77
-61
-48
-12
4
23
44
57
66
61
24
-22
-72
-107
-123
-141
-137
-116
-102
-78
-59
-10
24
71
139
179
210
219
219
203
191
173
151
124
100
79
44
33
16
-5
-24
-43
-52
-53
-30
1
10
13
-18
-51
-120
-161
-199
-216
-225
-211
-180
-129
-69
-12
43
87
110
104
73
61
43
38
58
71
82
73
59
33
-5
-35
-53
-41
-39
-34
-44
-46
-40
-3
23
64
98
118
135
145
152
162
170
169
151
121
89
65
36
20
12
13
5
10
10
-15
-18
-19
-4
-13
-19
-22
-17
-10
-10
-7
-25
-33
-47
-74
-90
-97
-124
-144
-154
-166
-173
-159
-131
-105
-84
-60
-42
-28
-22
-20
-23
-30
-47
-75
-99
-111
-101
-89
-77
-72
-92
-109
-117
-98
-77
-46
-25
-6
1
11
22
36
45
53
28
-5
-37
-60
-81
-86
-83
-71
-69
-52
-32
-28
-5
26
35
34
34
29
28
6
-14
-52
-91
-119
-161
-178
-199
-175
-163
-142
-115
-97
-65
-41
0
24
34
25
22
5
6
-5
-31
-43
-72
-74
-86
-76
-59
-40
-28
-1
17
23
42
69
79
92
94
75
45
13
-1
-26
-51
-84
-109
-143
-139
-123
-95
-65
-34
-20
-5
7
19
26
36
53
59
46
30
9
-3
-17
-27
-43
-69
-92
-125
-141
-151
-144
-134
-102
-56
-15
18
37
44
23
-23
-43
-71
-97
-111
-133
-128
-107
-72
-42
-21
-14
-3
-30
-42
-51
-67
-81
-87
-72
-64
-48
-45
-32
-51
-54
-61
-47
-42
-32
-22
-23
-18
-15
-11
-2
-2
-7
-21
-8
3
23
39
57
78
72
90
83
94
101
108
101
68
47
20
3
-9
-20
-35
-58
-73
-73
-69
-50
-30
-14
-5
-4
-19
-24
-40
-32
-48
-55
-65
-63
-58
-54
-25
-23
-17
-13
-19
-26
-40
-25
-21
4
10
17
17
16
23
25
32
43
43
44
47
36
34
14
7
-10
-31
-30
-27
-16
-2
-4
-2
-11
-20
-19
-11
9
30
43
52
62
44
27
-3
0
-12
-24
-45
-78
-108
-119
-111
-107
-97
-84
-58
-48
-12
23
48
73
78
75
54
36
22
5
-11
-20
-46
-74
-97
-101
-90
-66
-28
4
28
43
68
80
83
90
89
72
60
41
9
-3
-16
-28
-52
-45
-43
-13
-1
26
54
75
100
109
117
114
117
99
83
68
49
32
2
-22
-39
-48
-50
-49
-49
-41
-20
6
18
33
35
31
33
31
31
23
30
16
2
-28
-25
-41
-40
-59
-74
-107
-109
-109
-100
-76
-48
-34
-21
1
32
59
80
82
57
14
-14
-43
-58
-68
-73
-92
-119
-141
-152
-155
-150
-139
-137
-138
-135
-127
-110
-93
-57
-44
-32
-22
-20
-25
-19
-11
13
9
1
-38
-66
-73
-70
-60
-60
-61
-68
-78
-74
-57
-50
-27
-26
-7
-34
-19
-9
-3
0
-16
-37
-74
-102
-122
-149
-162
-191
-219
-247
-244
-227
-196
-170
-140
-105
-77
-56
-46
-17
-3
22
20
-13
-32
-58
-84
-95
-113
-113
-104
-73
-49
-23
-1
18
35
45
58
61
63
71
84
79
55
25
2
-20
-29
-32
-41
-43
-52
-39
-39
-21
7
17
32
22
21
3
10
36
45
60
62
65
64
57
56
43
32
24
13
-6
-9
-37
-50
-57
-39
-30
-39
-39
-57
-45
-39
-10
7
24
16
7
-4
-9
-14
-21
-42
-60
-88
-100
-99
-89
-82
-71
-59
-31
-20
5
36
56
75
90
85
71
39
25
-7
-32
-55
-82
-98
-110
-110
-114
-96
-76
-42
-28
-2
20
51
60
92
100
98
102
99
91
69
49
26
0
-16
-28
-36
-56
-69
-84
-104
-105
-110
-108
-105
-90
-80
-68
-47
-24
-9
8
21
31
40
43
37
25
11
4
-12
-28
-56
-65
-78
-73
-48
-31
-6
28
62
73
92
117
128
136
139
122
98
74
42
26
3
-8
-2
-3
3
12
19
35
56
75
87
100
116
129
147
145
142
97
60
10
-23
-45
-64
-84
-113
-125
-127
-113
-88
-40
-13
-2
10
25
41
68
91
108
119
139
154
175
193
214
209
201
178
146
111
73
64
52
38
16
1
-16
-25
-36
-46
-51
-53
-53
-46
-27
2
24
37
37
26
-16
-42
-67
-79
-82
-84
-81
-100
-92
-77
-64
-48
-25
-25
-21
-14
-15
-13
-11
-25
-50
-76
-94
-114
-131
-148
-131
-119
-102
-78
-78
-52
-56
-26
-20
-3
-1
0
6
6
22
21
17
7
-17
-41
-66
-80
-81
-82
-64
-61
-56
-38
0
24
40
38
37
8
-21
-39
-76
-95
-113
-127
-132
-127
-117
-112
-105
-89
-83
-87
-89
-88
-92
-92
-93
-103
-104
-89
-87
-56
-39
2
25
27
29
33
18
19
13
-3
-11
-23
-23
-39
-58
-59
-68
-61
-63
-45
-44
-35
-9
-11
5
-8
-3
-19
-14
-25
-30
-32
-44
-59
-74
-68
-36
-8
28
50
72
87
103
118
117
99
71
20
-45
-87
-115
-124
-129
-138
-161
-169
-157
-126
-89
-46
14
61
67
69
69
59
67
63
52
35
11
-12
-32
-39
-34
-38
-36
-44
-45
-45
-39
-18
-17
-11
-24
-39
-54
-62
-42
-49
-57
-102
-124
-150
-132
-94
-47
3
33
48
37
47
49
57
64
63
52
35
26
20
22
21
9
-4
-43
-66
-106
-125
-133
-116
-102
-82
-53
-24
4
28
52
53
60
57
54
53
45
36
11
-25
-54
-66
-73
-60
-43
-41
-47
-36
-19
8
37
70
79
98
99
101
88
71
56
24
-17
-46
-64
-96
-132
-142
-161
-143
-136
-119
-110
-73
-31
8
53
103
147
172
173
133
75
-4
-74
-144
-211
-274
-296
-300
-273
-234
-186
-134
-81
-40
-3
29
70
77
78
42
29
-12
-38
-64
-100
-123
-150
-185
-204
-207
-186
-156
-114
-70
-26
0
19
36
41
41
26
14
-18
-30
-36
-37
-43
-55
-69
-79
-77
-63
-63
-55
-36
-8
2
22
38
48
62
66
69
54
33
8
-1
-10
-7
-15
-33
-37
-50
-62
-67
-63
-68
-66
-53
-39
-39
-37
-17
-6
-6
-4
-5
5
-3
13
9
30
34
35
16
8
-3
-3
1
5
11
26
30
49
57
73
79
84
62
61
46
45
26
15
-2
-39
-48
-55
-57
-47
-30
-17
3
14
40
51
65
80
78
47
37
11
-7
-27
-33
-47
-65
-70
-73
-59
-41
-21
-5
19
18
10
-6
-13
6
5
7
0
-13
-27
-49
-58
-81
-93
-88
-82
-75
-66
-40
-31
-7
-3
14
-5
-6
-1
7
6
10
-13
-37
-41
-54
-66
-77
-103
-124
-159
-163
-162
-137
-102
-66
-44
-46
-54
-57
-63
-56
-51
-54
-75
-85
-92
-100
-97
-80
-54
-33
-2
7
25
33
55
52
45
36
17
-1
-13
1
15
19
17
13
-2
-14
2
5
9
18
22
32
33
38
37
29
16
0
-8
-6
-13
-6
-1
7
1
-19
-24
-31
-38
-46
-42
-65
-79
-74
-87
-63
-50
-20
6
8
24
31
44
49
53
49
37
23
2
-22
-38
-40
-55
-67
-72
-83
-80
-62
-24
4
31
64
72
85
73
76
54
54
34
0
-39
-75
-96
-96
-84
-58
-37
-22
6
34
59
84
84
102
86
76
60
46
27
16
-3
-48
-72
-101
-100
-86
-47
-18
5
30
36
54
32
-3
-9
-24
-23
-43
-63
-78
-74
-75
-54
-34
-11
-7
13
25
43
59
88
94
100
92
84
49
43
18
-2
-20
-34
-44
-71
-77
-70
-60
-60
-64
-83
-106
-120
-122
-127
-116
-103
-87
-80
-76
-66
-59
-29
-6
18
11
13
-3
-9
-24
-23
-34
-41
-52
-48
-40
-26
-1
20
37
48
60
62
73
90
83
75
55
38
13
5
-4
-15
-32
-25
-29
-36
-42
-40
-38
-18
-2
11
22
39
54
64
65
53
45
12
2
-27
-35
-43
-25
-8
-1
17
22
47
52
70
74
56
54
35
23
0
-17
-17
-39
-48
-75
-85
-84
-62
-72
-65
-60
-54
-39
-31
-2
13
24
27
23
14
18
16
22
15
28
24
8
-1
-17
-23
-23
-28
-28
-35
-34
-11
-3
13
23
33
19
32
29
51
58
55
54
41
44
60
58
58
52
42
22
23
22
26
24
49
56
51
46
42
47
63
71
61
40
25
12
-12
-27
-33
-39
-45
-56
-64
-68
-46
-22
-12
-7
-5
7
6
9
12
30
45
48
51
27
0
-15
-34
-44
-41
-30
-35
-10
16
36
46
36
20
-6
-6
-10
5
28
74
98
119
132
141
136
127
97
56
-5
-48
-75
-87
-69
-38
-10
0
11
14
24
30
48
59
54
38
-3
-40
-71
-76
-82
-85
-105
-131
-143
-153
-141
-140
-143
-135
-132
-133
-115
-98
-85
-63
-73
-71
-99
-112
-108
-119
-112
-107
-103
-105
-105
-106
-119
-124
-137
-155
-148
-140
-111
-103
-96
-92
-87
-91
-86
-81
-76
-82
-74
-83
-81
-83
-82
-80
-78
-63
-61
-57
-51
-60
-47
-39
-18
-18
-26
-21
-10
14
24
44
37
51
38
25
-9
-4
-1
1
-11
-30
-53
-57
-62
-43
-43
-25
-8
15
16
20
25
44
59
64
58
40
26
49
47
58
47
27
-13
-27
-34
-37
-28
-17
-18
-15
-29
-36
-30
-14
10
15
15
3
0
-4
12
27
21
-13
-33
-44
-43
-42
-34
-34
-24
-10
-1
-14
-1
7
6
5
5
0
-13
-1
9
20
14
2
-4
-8
-9
-17
-43
-53
-68
-62
-68
-52
-31
0
15
37
48
44
49
35
29
30
34
36
13
-7
-19
-24
-13
-4
11
16
20
33
39
55
69
69
69
54
41
32
32
36
40
20
12
-7
-10
-10
9
-10
-16
-23
-22
-23
-16
-3
5
11
6
8
5
5
11
-11
-24
-54
-82
-108
-131
-149
-166
-172
-180
-181
-193
-186
-173
-140
-105
-57
-16
7
37
51
57
67
65
39
-9
-57
-110
-159
-195
-210
-195
-176
-134
-105
-77
-63
-22
1
20
34
26
16
17
20
8
-18
-38
-61
-75
-87
-98
-124
-153
-174
-176
-169
-139
-103
-72
-43
-5
20
37
65
92
127
147
155
163
160
155
144
119
81
59
26
5
-1
0
-24
-28
-30
-34
-38
-44
-41
-29
-19
7
12
15
16
11
6
6
12
1
-6
-27
-27
-42
-30
-33
-36
-54
-70
-82
-90
-98
-93
-89
-89
-74
-73
-63
-55
-21
-8
15
13
13
4
-6
-9
-18
-1
5
12
-2
5
12
14
9
-4
-28
-49
-64
-71
-66
-46
-25
-15
-27
-28
-29
-25
-31
-39
-69
-99
-119
-123
-114
-105
-82
-70
-70
-63
-72
-87
-97
-87
-74
-62
-43
-26
1
36
70
93
104
93
82
48
23
7
-17
-37
-57
-67
-76
-61
-27
18
65
95
130
153
165
178
181
179
171
143
88
22
-40
-82
-117
-120
-128
-136
-113
-85
-41
-12
20
56
73
81
72
50
41
25
1
-48
-85
-129
-148
-162
-151
-139
-123
-95
-67
-34
2
46
70
87
91
88
76
54
31
-10
-44
-86
-114
-137
-133
-124
-112
-88
-66
-18
6
37
68
81
101
97
94
68
62
55
40
9
-20
-62
-96
-128
-141
-137
-114
-77
-46
-14
0
-1
-5
-29
-29
-50
-65
-85
-115
-152
-192
-206
-209
-218
-203
-201
-166
-145
-94
-56
-24
2
13
10
3
-6
-20
-38
-46
-40
-48
-34
-26
-31
-26
-52
-64
-80
-77
-65
-60
-41
-16
-3
-10
-16
-18
-11
-14
-19
-36
-66
-87
-94
-103
-81
-73
-58
-70
-62
-42
-25
6
25
39
54
76
81
79
70
72
58
25
-19
-56
-61
-73
-51
-35
-26
0
-10
-6
-8
6
21
-4
-5
-42
-41
-43
-33
-51
-57
-69
-73
-95
-103
-85
-76
-49
-39
-16
6
33
71
95
102
105
91
69
61
75
72
79
64
32
-13
-38
-51
-38
-33
-1
15
13
35
53
77
84
106
103
89
73
65
64
59
56
42
22
8
-8
-13
-5
17
32
42
50
56
62
70
75
59
63
71
65
51
30
18
-4
-23
-44
-67
-98
-117
-134
-144
-133
-130
-105
-95
-73
-36
-18
3
14
25
13
3
8
-17
-23
-41
-66
-107
-130
-136
-125
-104
-94
-68
-66
-41
-44
-31
-32
-21
-29
-49
-61
-82
-88
-71
-41
-7
14
34
40
52
63
84
72
58
42
20
2
-1
3
3
-6
-7
-16
-33
-20
-7
21
46
61
62
46
34
20
-4
-24
-50
-58
-68
-51
-17
0
10
21
34
46
57
71
76
101
109
103
86
68
48
19
-13
-36
-54
-81
-99
-116
-115
-95
-73
-37
-34
4
14
39
50
68
66
59
42
16
2
-19
-32
-62
-91
-116
-131
-131
-123
-99
-89
-67
-48
-31
-13
-4
21
20
3
-22
-48
-75
-90
-92
-104
-96
-87
-69
-57
-39
-18
-1
30
55
62
41
29
39
26
11
-4
-22
-36
-52
-65
-65
-55
-38
-20
-24
-12
3
7
24
35
36
32
26
15
14
15
19
19
2
-10
-13
-18
-1
7
24
24
24
11
-6
-16
-14
-14
-32
-40
-51
-52
-42
-32
-21
-27
-19
-33
-35
-42
-20
-7
-8
-14
-28
-38
-43
-46
-53
-60
-51
-48
-47
-48
-40
-45
-48
-59
-65
-69
-57
-42
-18
4
16
31
34
68
86
106
114
118
137
124
116
82
68
55
65
30
13
-25
-41
-61
-86
-90
-91
-95
-87
-77
-62
-55
-44
-33
-37
-16
-15
-12
-21
-9
-31
-30
-51
-81
-102
-113
-100
-103
-87
-62
-40
-29
-5
21
36
50
54
41
29
19
16
11
1
18
24
19
12
-7
-41
-52
-65
-59
-70
-64
-63
-49
-39
-16
3
11
34
21
21
23
33
30
15
3
-10
-35
-46
-56
-68
-91
-111
-136
-159
-173
-173
-154
-128
-107
-82
-75
-56
-43
-29
-14
-1
0
4
-10
-5
-13
-15
-7
-15
-49
-60
-66
-38
-22
0
2
-14
-2
2
12
19
6
5
-26
-31
-27
-30
-10
15
23
15
5
10
12
24
44
51
52
55
59
56
52
46
41
24
18
2
-14
-19
-13
-10
-9
-3
-11
-3
-1
34
43
44
49
45
45
44
44
42
38
36
17
-25
-50
-55
-53
-53
-59
-74
-90
-96
-89
-73
-44
-11
5
23
26
32
15
13
12
5
-12
-27
-38
-56
-60
-70
-65
-64
-73
-84
-97
-96
-67
-45
-22
-9
-1
-2
8
25
33
23
9
-12
-33
-34
-21
-28
-7
0
29
48
69
105
111
121
124
103
69
22
-6
-32
-63
-90
-110
-131
-139
-120
-95
-49
-28
-21
-24
-11
3
18
18
17
12
-11
-26
-41
-45
-60
-62
-79
-87
-71
-62
-36
-15
16
40
55
68
82
87
80
77
57
37
9
-36
-50
-63
-55
-51
-49
-52
-41
-49
-34
-15
5
16
23
29
35
37
54
39
15
-6
-33
-59
-72
-73
-71
-61
-61
-66
-64
-51
-19
-14
10
13
24
-3
-21
-52
-68
-87
-103
-119
-152
-155
-159
-147
-126
-113
-90
-90
-72
-43
-22
11
40
79
98
100
78
46
23
4
-23
-63
-80
-80
-76
-61
-63
-42
-38
-30
-20
-18
14
43
74
96
93
85
52
41
22
-11
-41
-63
-55
-53
-49
-66
-64
-81
-59
-37
-19
5
20
56
80
102
120
117
112
113
81
52
16
-24
-56
-69
-80
-97
-121
-147
-167
-177
-164
-155
-142
-118
-75
-38
-2
21
45
46
53
40
10
-21
-61
-82
-100
-110
-100
-123
-131
-135
-137
-127
-100
-73
-55
-32
-40
-12
-13
-6
-9
-37
-50
-49
-70
-85
-108
-116
-113
-116
-108
-92
-91
-84
-69
-71
-54
-38
-30
-18
-9
-17
-18
-24
-26
-28
-51
-55
-68
-65
-63
-57
-60
-59
-48
-43
-26
-14
21
30
55
56
53
47
42
55
46
37
19
20
1
-13
-8
-7
-2
-1
-5
-13
-11
13
16
30
35
57
57
64
59
71
60
65
53
47
38
49
45
47
50
52
63
72
77
87
102
123
136
144
142
138
129
115
106
79
29
-20
-54
-67
-73
-57
-48
-45
-46
-53
-52
-47
-25
-14
-2
12
14
22
22
31
19
19
5
-6
-48
-65
-72
-77
-60
-60
-56
-56
-54
-38
-19
2
21
35
22
14
3
-26
-32
-48
-56
-79
-86
-87
-83
-92
-91
-103
-106
-92
-69
-55
-39
-23
-5
-9
7
25
39
55
57
49
22
4
-14
-29
-33
-28
-36
-53
-55
-69
-63
-47
-29
-5
16
14
15
-7
-18
-23
-21
-27
-17
-20
-24
-19
-9
0
-4
-7
-13
-25
-26
-7
0
22
29
37
13
15
6
1
-15
-45
-85
-133
-164
-154
-128
-95
-55
-23
-15
-18
-24
-26
-14
6
7
1
11
-7
17
15
22
8
-10
-32
-34
-32
-32
-7
-2
-8
-23
-39
-61
-78
-91
-111
-118
-124
-125
-142
-144
-134
-116
-112
-105
-119
-142
-149
-126
-94
-50
-34
-30
-43
-50
-42
-60
-63
-84
-81
-86
-58
-32
11
32
55
48
25
10
-21
-21
-21
-19
-18
-28
-36
-21
-17
-11
16
22
58
83
93
89
88
94
96
83
46
23
-19
-37
-59
-71
-69
-63
-48
-28
8
45
84
98
94
79
50
39
29
18
3
-19
-40
-70
-72
-60
-29
2
26
30
35
32
30
19
11
15
6
-10
-25
-34
-32
-54
-68
-76
-106
-107
-122
-125
-111
-92
-58
-38
-19
2
9
17
23
24
3
-17
-50
-67
-71
-55
-53
-33
-14
-10
-22
-40
-40
-44
-21
-10
3
-3
-5
8
4
3
-2
-9
-22
-1
20
54
81
96
109
105
104
102
89
68
45
27
0
-14
-31
-48
-58
-74
-79
-101
-120
-117
-94
-35
4
38
54
58
70
54
60
38
19
-30
-61
-95
-90
-94
-71
-61
-61
-73
-97
-110
-98
-61
-32
-10
-5
-14
-40
-56
-73
-90
-98
-108
-109
-122
-106
-101
-95
-80
-68
-66
-63
-45
-13
16
43
36
36
11
16
23
43
53
65
70
53
73
71
71
67
50
27
-7
-29
-37
-42
-31
-13
5
-4
4
-4
28
57
89
101
84
78
58
42
38
21
5
-7
-37
-62
-94
-123
-134
-142
-144
-150
-158
-159
-132
-89
-43
-6
24
34
30
27
17
3
-4
-20
-32
-48
-56
-50
-55
-56
-53
-51
-65
-60
-50
-46
-28
-31
-22
-27
-20
-28
-30
-37
-36
-60
-92
-107
-116
-105
-91
-58
-45
-45
-50
-53
-44
-28
-1
-2
-13
-12
-28
-43
-55
-72
-66
-76
-69
-58
-36
-17
9
32
39
53
57
45
46
47
40
29
8
2
-37
-47
-65
-47
-24
3
24
28
43
53
56
49
27
5
-37
-49
-49
-40
-39
-27
-31
-49
-58
-68
-49
-22
14
42
43
44
44
26
22
5
-22
-45
-51
-69
-76
-87
-83
-87
-86
-67
-64
-52
-52
-40
-27
-1
29
40
31
18
13
-10
-25
-57
-70
-87
-89
-64
-66
-55
-59
-48
-47
-43
-31
-32
-28
-31
-41
-56
-65
-59
-51
-41
-29
-2
11
26
34
50
57
76
87
69
64
60
69
82
101
109
97
79
-151
