-16
-16
-20
-17
-19
-14
-11
-5
-5
-6
-2
1
3
4
11
11
11
5
6
1
2
6
4
5
3
-2
-7
-10
-13
-12
-8
-1
7
14
15
16
24
35
44
51
52
52
47
43
44
36
24
18
8
0
-5
-4
-4
-6
-5
-7
1
-1
-3
-1
-7
-6
-3
-1
-3
6
7
-3
-17
-30
-37
-33
-35
-38
-43
-37
-34
-30
-22
-11
-2
0
1
6
-3
-9
-13
-23
-24
-21
-23
-25
-21
-23
-16
-14
-23
-26
-26
-18
-14
-7
-10
-1
6
7
14
14
12
9
6
3
-2
6
10
21
30
44
61
67
52
26
-6
-25
-27
-18
-9
11
26
41
41
46
43
28
9
-13
-43
-68
-86
-104
-117
-129
-132
-132
-131
-126
-121
-114
-108
-95
-86
-77
-71
-58
-48
-35
-34
-35
-40
-41
-35
-26
-19
-20
-22
-29
-28
-27
-23
-22
-23
-11
-8
5
15
21
24
33
37
40
52
59
63
66
69
64
60
54
46
39
39
41
37
27
21
21
22
21
30
35
42
44
45
38
36
27
29
36
43
48
45
51
54
63
67
70
69
65
59
53
48
39
32
21
11
5
0
-8
-14
-15
-20
-24
-36
-37
-36
-27
-18
-6
1
-6
-6
-16
-25
-33
-48
-56
-54
-51
-50
-48
-39
-28
-19
-7
-1
-3
-6
-11
-7
-12
-7
-13
-19
-19
-17
-14
-12
-17
-26
-34
-41
-45
-46
-59
-66
-75
-68
-52
-34
-21
-13
-5
3
13
19
24
20
27
41
53
65
72
85
84
82
79
76
72
73
71
66
67
65
69
69
62
59
48
40
29
19
13
7
8
10
12
11
11
9
5
1
4
17
26
32
34
40
29
21
7
5
-1
-10
-2
3
15
23
33
38
47
67
76
84
78
75
69
58
49
38
25
15
11
0
-9
-23
-29
-41
-49
-63
-74
-81
-89
-91
-88
-77
-56
-50
-46
-48
-49
-47
-43
-39
-36
-21
-5
7
10
4
6
7
14
18
21
21
20
10
3
-1
1
5
10
13
12
10
0
-4
-18
-25
-24
-18
-12
-5
-8
-14
-23
-32
-39
-51
-64
-75
-90
-104
-116
-123
-115
-100
-82
-67
-54
-44
-33
-23
-11
5
4
4
7
16
25
36
41
44
51
57
61
64
64
69
70
66
58
52
42
32
24
17
13
10
9
9
10
7
9
10
15
24
37
41
45
45
47
44
39
28
22
10
-4
-15
-18
-26
-40
-51
-69
-79
-79
-66
-56
-34
-22
-6
8
12
16
8
-6
-17
-27
-35
-42
-50
-55
-61
-59
-54
-47
-38
-35
-34
-32
-27
-24
-29
-29
-29
-36
-37
-34
-30
-35
-31
-27
-20
-17
-8
-7
2
8
6
-3
-11
-15
-21
-27
-29
-38
-42
-46
-42
-44
-42
-44
-50
-52
-51
-45
-39
-30
-20
-23
-22
-26
-20
-21
-17
-21
-18
-27
-29
-34
-27
-25
-13
-7
0
0
-1
-4
-6
-2
-2
-8
-10
-11
-5
0
15
26
34
41
43
40
42
37
36
37
36
35
29
32
31
28
21
10
-1
-13
-15
-13
-12
-15
-22
-28
-34
-39
-43
-42
-40
-45
-44
-48
-48
-43
-41
-42
-43
-46
-50
-56
-59
-65
-70
-71
-72
-70
-64
-58
-53
-55
-50
-48
-41
-42
-44
-53
-61
-73
-79
-88
-86
-81
-84
-85
-86
-81
-71
-64
-56
-50
-46
-38
-40
-39
-35
-31
-27
-19
-12
-6
5
8
25
38
48
59
69
79
96
103
107
103
100
91
87
84
79
75
70
69
67
65
64
65
66
65
58
43
28
20
7
-4
-18
-24
-31
-32
-30
-25
-20
-13
-11
-2
-2
4
1
0
7
7
2
2
1
-3
-11
-18
-16
-23
-30
-28
-28
-26
-22
-21
-19
-20
-22
-24
-25
-25
-24
-27
-31
-33
-37
-37
-34
-27
-20
-16
-7
-5
-6
-15
-17
-19
-19
-21
-20
-22
-14
-17
-16
-27
-27
-28
-27
-30
-31
-40
-41
-48
-52
-56
-58
-57
-60
-66
-71
-73
-68
-57
-43
-37
-34
-36
-41
-45
-49
-50
-55
-49
-52
-54
-56
-52
-47
-37
-24
-5
3
14
16
19
14
9
11
18
21
24
21
17
16
15
15
15
16
15
13
19
25
36
47
53
51
43
33
30
30
30
23
7
-2
-11
-11
-11
-8
-10
-19
-25
-25
-26
-36
-37
-31
-27
-17
-14
-10
-7
2
14
22
26
34
42
52
59
63
67
68
73
72
75
74
71
67
64
61
55
51
45
41
31
18
7
-6
-10
-15
-20
-27
-31
-34
-40
-38
-40
-43
-49
-55
-57
-60
-69
-76
-80
-76
-70
-59
-53
-49
-40
-35
-26
-23
-31
-38
-45
-42
-40
-34
-30
-22
-22
-21
-22
-27
-31
-39
-51
-62
-76
-83
-92
-94
-93
-88
-84
-71
-62
-58
-62
-65
-65
-61
-55
-47
-34
-19
0
12
25
35
38
45
49
56
66
62
51
44
31
27
24
16
5
-6
-12
-16
-22
-27
-45
-69
-84
-89
-80
-69
-55
-45
-38
-37
-36
-37
-32
-32
-31
-16
-9
11
23
36
45
46
50
56
59
63
65
65
66
58
50
43
37
33
34
30
31
38
42
45
48
54
56
56
64
65
66
60
53
43
32
17
7
0
-4
-1
-4
-2
5
1
-11
-22
-32
-39
-38
-34
-28
-19
-22
-22
-30
-38
-47
-50
-51
-36
-17
-3
11
24
35
39
45
45
36
36
30
27
27
26
29
22
23
20
23
15
9
-5
-23
-35
-36
-30
-25
-13
-10
-10
-11
-22
-25
-34
-37
-38
-37
-32
-27
-28
-25
-13
-6
1
1
6
13
14
15
10
10
11
6
-1
-17
-24
-30
-34
-39
-43
-45
-49
-49
-56
-66
-75
-82
-80
-75
-58
-43
-30
-23
-21
-21
-17
-21
-30
-36
-43
-41
-40
-35
-32
-27
-28
-30
-28
-28
-20
-11
-3
16
28
39
41
32
23
10
-2
-15
-13
-13
-11
-11
-15
-17
-15
-20
-20
-16
-20
-18
-13
-14
-12
-9
3
11
9
0
-6
-4
-1
8
19
21
26
28
29
31
38
39
41
44
52
56
56
54
45
45
42
45
44
43
42
46
46
48
49
44
37
32
28
31
34
43
46
47
46
37
23
11
1
2
13
20
23
15
-1
-9
-12
-10
-3
-5
-8
-16
-24
-31
-31
-31
-28
-24
-30
-39
-50
-60
-62
-64
-66
-69
-64
-57
-49
-40
-30
-20
-12
-8
-7
-15
-19
-25
-30
-25
-27
-22
-21
-21
-18
-19
-15
-15
-16
-18
-18
-13
-14
-11
-17
-24
-25
-24
-25
-18
-13
-7
-10
-5
-5
7
11
10
17
19
26
34
37
39
38
40
36
27
24
18
7
9
2
0
-4
-16
-21
-24
-19
-15
-6
2
14
16
24
31
39
45
48
51
47
43
44
43
34
22
12
-2
-1
0
8
9
10
14
7
1
-10
-26
-44
-63
-84
-107
-126
-140
-151
-160
-167
-167
-163
-151
-137
-127
-121
-111
-101
-87
-69
-53
-34
-21
-1
19
35
45
55
71
89
100
98
87
71
53
28
0
-15
-32
-45
-44
-43
-38
-34
-31
-33
-36
-36
-38
-40
-45
-44
-47
-45
-46
-57
-69
-76
-74
-59
-45
-27
-12
-1
13
25
32
40
45
49
49
50
50
47
38
31
16
-4
-25
-40
-58
-70
-81
-90
-95
-99
-98
-98
-99
-95
-84
-69
-43
-16
5
28
42
55
61
65
66
65
67
70
76
72
70
66
64
69
72
72
70
65
63
60
64
76
79
70
47
24
6
0
6
19
23
30
32
32
28
22
14
8
1
-12
-26
-45
-64
-79
-82
-74
-65
-54
-45
-33
-30
-35
-34
-38
-46
-62
-75
-83
-83
-75
-61
-47
-27
-1
13
15
17
22
27
33
28
20
9
-5
-14
-31
-33
-32
-30
-23
-14
1
11
20
27
28
35
32
27
21
17
14
18
22
21
16
6
1
2
8
13
18
18
21
18
12
9
4
-1
-12
-18
-21
-26
-42
-58
-82
-107
-127
-144
-154
-158
-157
-145
-134
-121
-107
-97
-88
-76
-67
-58
-50
-36
-24
-17
-12
-5
3
1
-12
-17
-29
-36
-40
-41
-42
-46
-49
-58
-64
-72
-76
-72
-64
-55
-50
-45
-43
-43
-42
-40
-42
-34
-27
-16
-7
-1
2
5
1
0
1
4
7
3
4
9
14
17
15
10
3
-4
-3
2
8
18
22
29
31
44
53
68
79
90
99
97
97
97
94
96
101
104
112
116
112
109
97
83
65
44
28
10
-8
-27
-29
-33
-44
-67
-82
-94
-91
-84
-67
-48
-33
-18
-9
-1
1
5
5
-9
-26
-43
-55
-66
-70
-78
-86
-91
-95
-93
-84
-67
-52
-40
-34
-25
-18
-2
8
12
18
13
10
6
6
-3
-15
-29
-41
-56
-70
-80
-91
-96
-98
-97
-95
-98
-101
-108
-112
-112
-111
-104
-94
-74
-55
-43
-38
-41
-46
-59
-68
-77
-80
-77
-72
-70
-62
-59
-49
-47
-38
-30
-17
-3
9
11
17
36
66
96
121
140
150
151
149
141
131
123
115
107
99
93
90
92
90
92
89
87
80
68
50
29
13
0
-11
-10
-16
-16
-20
-15
-15
-5
0
-5
-3
-8
-15
-22
-29
-41
-51
-65
-71
-77
-68
-51
-30
-12
-4
-3
0
-4
0
-4
8
15
29
43
47
45
36
29
29
31
32
32
31
34
30
21
16
4
-2
-11
-16
-23
-27
-29
-28
-29
-27
-21
-19
-5
2
4
14
21
28
32
31
41
45
52
50
50
41
35
27
19
10
3
-2
-2
1
10
18
22
27
24
19
21
20
21
21
17
17
14
15
14
14
15
21
7
1
-7
-13
-9
3
13
21
13
9
3
-3
-12
-15
-11
-13
-14
-14
-19
-28
-27
-33
-32
-29
-16
-6
0
-6
0
6
12
15
15
12
6
-1
-7
-10
-16
-19
-27
-30
-32
-33
-34
-37
-35
-37
-40
-43
-41
-32
-25
-25
-31
-41
-49
-58
-62
-68
-65
-59
-50
-43
-38
-33
-32
-31
-33
-26
-22
-15
-12
-7
-11
-17
-16
-22
-21
-23
-24
-26
-30
-35
-46
-58
-66
-65
-55
-38
-26
-8
8
15
25
21
13
5
-9
-28
-36
-48
-51
-49
-47
-42
-32
-19
-18
-8
1
8
16
22
25
26
23
23
23
14
22
18
10
1
-8
-24
-43
-67
-84
-96
-97
-94
-88
-80
-75
-70
-61
-48
-34
-26
-21
-20
-20
-25
-28
-30
-27
-23
-17
-18
-14
-13
-9
-14
-13
-13
-9
-7
-4
-1
-1
-1
-1
-14
-18
-25
-27
-30
-29
-24
-26
-30
-29
-27
-23
-20
-11
-3
1
-2
8
11
15
12
9
7
-9
-15
-14
-19
-10
-7
3
13
15
19
17
20
18
16
9
9
14
20
28
41
47
55
55
56
50
40
31
21
18
20
16
12
12
9
9
12
11
2
-6
-10
-6
7
18
26
31
36
41
40
38
44
48
55
57
60
62
57
49
37
22
18
10
8
2
4
2
2
-5
-10
-18
-23
-21
-17
-11
-6
-3
-5
-10
-11
-12
-16
-18
-19
-22
-27
-28
-30
-31
-26
-26
-26
-29
-27
-34
-35
-44
-48
-51
-55
-60
-63
-65
-62
-59
-58
-56
-52
-50
-46
-46
-47
-44
-39
-26
-23
-19
-18
-12
-6
-1
0
-9
-15
-13
-11
-13
-14
-17
-22
-24
-25
-28
-28
-26
-18
-12
-5
-4
-3
-9
-16
-27
-35
-49
-62
-71
-82
-90
-94
-94
-85
-67
-51
-32
-20
-10
-5
-11
-4
-7
-10
-8
-16
-15
-22
-29
-35
-40
-42
-30
-28
-19
-4
3
11
14
23
32
45
55
60
57
47
39
29
24
17
14
11
4
-1
-6
-18
-28
-39
-44
-36
-39
-38
-37
-39
-40
-36
-33
-34
-34
-34
-32
-36
-32
-32
-27
-24
-24
-24
-16
-16
-8
-1
5
5
1
-4
-5
-7
-17
-27
-41
-56
-64
-63
-63
-52
-46
-37
-39
-48
-58
-59
-51
-37
-26
-18
-16
-10
2
19
41
58
70
71
69
69
63
56
49
45
41
38
36
27
27
23
18
12
3
-1
-8
-15
-19
-13
-15
-13
-12
-4
7
15
23
32
41
51
55
55
53
47
39
38
34
37
30
17
-8
-26
-51
-61
-66
-63
-58
-61
-65
-71
-69
-69
-63
-58
-51
-48
-41
-30
-26
-17
-17
-24
-31
-37
-42
-36
-31
-16
-7
-9
-3
-3
-2
-5
-1
1
7
18
26
31
35
36
33
33
30
26
15
8
-3
-11
-17
-13
-4
-1
3
1
1
-1
-9
-4
-1
6
10
16
19
26
31
32
36
35
44
50
58
58
55
49
43
29
18
7
-1
-1
-2
3
9
17
30
40
48
52
51
41
30
19
11
4
1
3
5
17
26
30
35
35
27
31
36
45
57
62
65
62
56
50
40
32
21
16
15
3
-2
-14
-23
-31
-32
-36
-31
-18
-7
10
27
46
62
74
81
88
90
91
85
77
64
58
51
43
43
41
36
36
38
37
37
35
34
23
21
14
12
6
-7
-18
-31
-48
-53
-59
-57
-60
-62
-66
-64
-56
-50
-49
-61
-76
-99
-110
-110
-97
-82
-76
-68
-81
-90
-100
-111
-110
-109
-107
-105
-104
-99
-100
-97
-95
-85
-73
-75
-64
-54
-50
-40
-33
-8
20
37
40
36
38
45
43
22
-2
-37
-61
-60
-56
-44
-30
-12
5
12
22
37
46
56
68
76
84
92
91
89
80
68
54
38
23
11
7
-4
-15
-29
-40
-49
-55
-59
-55
-51
-43
-37
-26
-22
-20
-15
-6
4
-1
1
2
1
2
3
13
19
27
33
32
30
33
27
29
28
27
14
8
-1
-15
-22
-27
-34
-39
-44
-45
-41
-37
-36
-35
-35
-32
-24
-17
-10
-5
-1
8
5
1
0
-3
-6
-18
-25
-31
-34
-36
-27
-19
-18
-15
-15
-17
-25
-27
-31
-30
-33
-36
-41
-51
-53
-59
-64
-71
-67
-65
-60
-55
-51
-49
-47
-49
-57
-68
-77
-86
-89
-90
-82
-76
-68
-62
-55
-52
-49
-44
-49
-47
-49
-44
-39
-28
-22
-18
-21
-23
-27
-31
-31
-22
-13
-10
-4
-8
-13
-20
-29
-43
-45
-44
-37
-39
-31
-28
-27
-19
-23
-21
-19
-15
-12
-17
-22
-15
-3
6
13
20
18
17
26
30
34
38
35
34
36
39
43
43
37
29
14
-2
-12
-15
-11
-4
-2
7
18
25
31
36
45
48
48
40
33
31
31
36
41
47
49
53
49
45
34
24
12
-1
-11
-19
-26
-41
-58
-82
-105
-121
-133
-138
-141
-133
-124
-110
-99
-91
-86
-78
-75
-70
-66
-70
-70
-72
-59
-51
-35
-29
-20
-21
-11
-4
2
9
16
19
30
29
34
36
35
40
47
54
57
54
42
33
26
21
8
7
-2
-6
-10
-6
-4
-2
4
8
11
16
22
22
24
34
41
44
47
48
48
40
40
34
24
15
11
8
6
4
6
11
10
13
14
15
12
6
6
9
15
19
16
15
8
11
3
0
-2
-7
-11
-13
-17
-25
-30
-41
-53
-64
-74
-78
-80
-79
-85
-86
-87
-85
-85
-80
-78
-73
-67
-54
-40
-29
-14
1
2
11
21
25
35
43
50
54
60
67
72
71
72
72
72
77
75
74
71
64
56
45
33
25
23
20
22
17
14
18
23
30
27
24
14
6
3
0
7
4
13
20
22
17
9
-1
-5
-3
-3
-4
-9
-9
-5
-17
-19
-18
-24
-23
-22
-14
-8
7
13
20
23
20
18
15
15
18
20
24
21
15
13
13
9
10
13
19
22
16
11
16
21
30
23
26
22
14
4
-4
-14
-16
-20
-19
-25
-36
-36
-37
-31
-26
-26
-33
-39
-46
-50
-50
-47
-42
-35
-32
-29
-27
-24
-25
-28
-14
-15
-8
-5
-4
-2
-7
-8
-22
-31
-31
-33
-29
-21
-16
-13
-11
-14
-15
-16
-14
-11
-8
0
4
3
-7
-13
-24
-32
-37
-41
-43
-53
-53
-59
-52
-48
-51
-54
-52
-50
-40
-28
-16
-2
14
20
23
18
23
22
19
15
14
14
15
15
9
3
-11
-19
-22
-21
-17
-19
-11
-7
-4
1
1
7
10
15
10
13
14
13
10
-6
-6
-5
-1
10
26
31
27
24
28
29
35
34
30
24
13
6
-2
-13
-20
-26
-36
-46
-51
-50
-41
-36
-30
-32
-32
-35
-35
-30
-25
-15
-8
-7
-8
-6
-1
-11
-9
-11
-22
-30
-38
-45
-55
-63
-71
-69
-67
-55
-45
-35
-33
-27
-22
-20
-14
-11
1
9
18
24
24
19
17
9
5
4
1
-2
-5
-5
-13
-3
-6
-2
-8
-17
-19
-27
-31
-35
-43
-43
-39
-35
-34
-30
-27
-28
-20
-21
-20
-19
-13
-6
-1
1
1
-6
-16
-20
-29
-31
-31
-21
-13
-1
5
10
11
3
1
3
-1
-1
2
-6
-4
1
5
9
13
27
30
37
35
32
26
28
27
29
36
43
50
52
52
49
43
32
27
16
16
18
17
9
3
-1
-7
-12
-9
-19
-24
-22
-30
-34
-43
-53
-55
-63
-64
-66
-67
-66
-64
-61
-57
-60
-67
-72
-72
-69
-68
-69
-66
-62
-61
-62
-62
-64
-67
-64
-56
-44
-37
-41
-45
-50
-48
-45
-41
-34
-31
-24
-22
-25
-28
-28
-23
-17
-15
-17
-18
-18
-22
-28
-41
-51
-59
-64
-68
-66
-62
-60
-65
-67
-69
-65
-63
-59
-52
-53
-51
-50
-46
-41
-29
-17
-3
10
17
22
25
25
28
27
19
11
0
-7
-8
-10
-4
5
13
23
25
24
18
5
-6
-16
-24
-37
-42
-48
-51
-53
-55
-62
-76
-93
-111
-119
-119
-110
-98
-83
-64
-52
-40
-31
-25
-23
-32
-38
-51
-64
-77
-92
-104
-109
-108
-103
-96
-90
-85
-79
-78
-73
-69
-62
-49
-34
-29
-19
-11
-6
0
2
10
14
25
41
62
78
96
107
113
120
127
134
137
140
138
135
133
132
131
126
126
128
125
123
113
105
91
77
62
50
33
20
6
-2
-5
-15
-20
-25
-19
-18
-14
-10
-10
-8
-12
-10
-8
-6
2
9
14
20
22
24
23
29
34
38
35
24
11
1
-13
-26
-39
-47
-53
-56
-61
-62
-68
-71
-74
-71
-65
-54
-46
-40
-42
-36
-38
-37
-37
-40
-42
-40
-39
-36
-38
-37
-38
-37
-31
-27
-23
-20
-12
-5
7
8
11
6
8
-1
1
-3
-1
-4
-1
-9
-20
-27
-36
-33
-33
-30
-25
-18
-8
-10
-4
-7
0
-1
2
4
11
18
28
33
33
31
32
33
34
26
29
22
22
22
23
20
27
24
26
25
24
21
17
24
27
29
26
17
11
-1
-14
-19
-26
-14
-17
-16
-14
-13
-13
-12
-11
-12
-15
-18
-18
-24
-23
-23
-21
-20
-18
-15
-14
-16
-13
-7
1
10
13
13
17
15
17
17
18
22
18
8
5
-5
-21
-31
-39
-44
-50
-54
-61
-66
-73
-79
-84
-90
-92
-95
-96
-91
-78
-59
-35
-16
-3
-1
3
-4
-5
-6
1
0
0
3
-1
7
12
11
7
4
3
-7
-18
-32
-38
-35
-30
-21
-18
-10
-6
-6
-5
-7
-8
-7
-6
-1
-1
-3
-1
6
8
16
20
21
31
38
42
46
56
66
79
89
101
112
119
124
123
122
123
122
124
124
119
114
104
89
75
64
46
20
-2
-29
-38
-42
-40
-30
-20
-7
-5
-7
-10
-6
-7
2
-1
1
5
16
20
22
22
25
23
21
15
15
14
7
3
-3
-6
-5
-4
-3
-6
-7
-14
-16
-17
-22
-28
-29
-29
-34
-46
-53
-60
-69
-74
-78
-81
-80
-75
-71
-75
-79
-83
-83
-82
-75
-68
-59
-53
-49
-40
-36
-22
-12
3
8
18
23
26
32
34
35
37
39
40
40
43
44
44
43
36
23
12
10
11
18
22
26
21
15
9
1
-6
-6
-10
-18
-24
-30
-30
-28
-25
-21
-18
-15
-21
-26
-34
-39
-38
-34
-26
-23
-20
-18
-7
4
11
19
18
10
8
1
5
5
24
24
31
33
34
33
28
37
38
45
51
62
68
70
71
66
61
54
51
42
34
27
15
5
0
3
-4
-8
-19
-21
-20
-13
-5
3
13
22
28
35
37
44
46
44
35
27
12
5
5
8
5
-2
-7
-20
-16
-14
-14
-11
-7
-10
-14
-15
-24
-29
-34
-40
-47
-60
-71
-69
-66
-58
-49
-46
-43
-40
-33
-36
-26
-15
-4
9
22
33
37
39
35
32
22
5
-7
-19
-29
-32
-37
-51
-57
-63
-67
-71
-79
-78
-72
-58
-40
-31
-20
-9
0
-1
-4
-10
-17
-21
-29
-35
-43
-40
-43
-40
-45
-40
-37
-35
-28
-25
-30
-39
-50
-58
-61
-60
-61
-63
-66
-69
-80
-92
-107
-123
-137
-142
-138
-131
-118
-104
-89
-80
-71
-60
-48
-41
-42
-41
-40
-33
-24
-20
-13
-8
7
21
25
31
30
28
31
33
35
39
38
36
33
28
17
9
2
1
-6
-9
-3
0
4
6
4
-6
-8
-4
12
22
35
44
55
60
62
61
59
61
64
62
58
53
47
37
34
28
24
21
24
28
40
48
55
54
53
55
56
53
50
42
36
40
49
51
53
43
27
3
-22
-49
-68
-76
-81
-81
-81
-72
-51
-29
2
23
33
40
48
49
51
50
48
51
53
56
59
57
47
40
25
5
-5
-28
-34
-43
-41
-38
-40
-39
-39
-52
-62
-63
-64
-51
-31
-19
-7
-3
-5
-7
-9
-13
-12
-11
-9
-12
-21
-31
-41
-49
-57
-61
-62
-62
-56
-57
-59
-64
-78
-89
-99
-100
-96
-90
-82
-71
-58
-47
-34
-15
-3
9
25
38
48
55
61
59
56
50
45
37
34
38
32
33
29
24
35
39
36
37
34
31
28
23
19
17
13
10
7
3
-20
