-24
-15
-5
-1
4
3
6
10
11
7
8
12
10
10
5
-1
-11
-13
-24
-39
-44
-52
-50
-49
-43
-41
-44
-49
-49
-53
-60
-58
-59
-55
-49
-40
-34
-29
-29
-20
-15
-17
-22
-31
-35
-40
-38
-37
-35
-33
-36
-45
-53
-53
-57
-55
-52
-47
-47
-53
-62
-70
-80
-84
-92
-101
-103
-104
-100
-87
-70
-50
-33
-13
0
14
23
26
26
18
13
6
8
10
16
20
21
18
15
15
9
6
2
2
-5
-13
-25
-36
-33
-32
-31
-37
-52
-75
-99
-109
-114
-110
-99
-86
-69
-47
-35
-27
-21
-13
-9
-9
-8
-8
-9
-8
-5
-5
-9
-12
-17
-22
-26
-27
-27
-31
-30
-37
-44
-52
-57
-58
-58
-55
-51
-49
-47
-39
-41
-33
-26
-24
-22
-21
-19
-20
-16
-7
-10
-13
-19
-13
-15
-13
-13
-4
3
15
19
21
25
29
33
32
35
36
34
32
26
23
18
20
12
3
-9
-22
-32
-42
-40
-40
-35
-32
-15
8
31
49
50
55
70
92
108
112
118
118
116
118
120
110
86
58
37
27
16
7
-17
-44
-71
-85
-97
-107
-113
-123
-127
-132
-136
-139
-147
-155
-167
-174
-181
-187
-194
-193
-179
-160
-138
-119
-104
-90
-78
-67
-59
-52
-40
-24
-11
6
17
26
37
47
63
72
92
98
96
89
83
79
74
74
63
48
36
30
24
17
12
4
-3
-7
-7
-5
0
5
12
22
22
22
19
23
25
25
24
10
-2
-11
-18
-15
-3
8
17
29
25
30
33
36
37
33
31
28
27
31
42
49
60
69
70
70
68
67
63
70
75
77
72
64
55
49
44
42
41
38
40
38
34
33
25
15
3
-1
-4
-1
5
17
28
28
24
18
11
6
0
-12
-23
-31
-38
-44
-48
-50
-51
-54
-50
-46
-36
-23
-20
-10
2
16
27
29
39
48
63
71
72
65
55
43
32
20
9
0
-10
-14
-11
-16
-20
-24
-27
-28
-29
-20
-4
5
17
16
11
-4
-12
-21
-27
-26
-29
-31
-31
-22
-10
1
9
10
15
7
11
4
-1
-7
-11
-18
-25
-32
-47
-49
-53
-54
-53
-51
-43
-35
-28
-16
-12
-12
-8
-4
0
4
9
10
11
14
15
10
5
6
9
3
-4
-13
-17
-20
-19
-18
-21
-20
-21
-23
-24
-21
-13
-11
-9
-15
-25
-42
-52
-59
-63
-60
-63
-65
-72
-70
-69
-59
-47
-39
-33
-30
-25
-30
-30
-35
-38
-46
-52
-50
-53
-49
-48
-37
-21
-15
-3
-1
4
14
25
28
33
38
44
46
49
47
35
27
11
-1
-9
-9
-5
-6
-4
-10
-16
-22
-27
-24
-33
-33
-40
-39
-36
-26
-15
-3
17
19
7
-15
-30
-28
-22
-14
-20
-24
-31
-32
-30
-25
-18
-15
-16
-26
-37
-59
-76
-92
-106
-111
-118
-119
-129
-136
-145
-153
-162
-168
-172
-174
-177
-175
-164
-156
-141
-131
-121
-117
-105
-93
-81
-66
-53
-44
-34
-20
-13
-14
-8
-8
-4
-2
9
20
29
36
40
46
50
52
51
48
46
44
36
26
16
18
18
29
42
51
63
73
80
93
107
122
132
141
148
145
139
131
124
117
118
122
124
122
124
122
120
118
114
108
102
104
106
104
102
97
89
77
65
48
27
14
0
-9
-15
-20
-15
-9
0
1
3
1
3
5
6
4
4
6
8
9
10
17
20
24
22
16
16
18
25
37
47
50
44
33
22
11
4
-6
-13
-18
-17
-15
-14
-11
-11
-13
-13
-11
-14
-20
-18
-21
-25
-26
-24
-24
-25
-22
-26
-30
-31
-32
-30
-26
-19
-9
2
16
24
22
17
12
5
-4
2
4
9
16
23
27
30
34
37
41
39
39
32
26
21
16
19
19
20
12
8
2
-2
-7
-11
-13
-17
-23
-30
-35
-44
-49
-57
-72
-87
-99
-105
-111
-110
-109
-103
-96
-85
-73
-64
-51
-38
-28
-20
-5
-6
-5
-1
3
1
1
-2
-8
-19
-31
-39
-41
-48
-47
-48
-43
-31
-16
-4
0
5
4
-1
-9
-20
-32
-38
-40
-42
-44
-42
-50
-55
-59
-58
-57
-53
-46
-36
-29
-24
-14
-10
-1
6
9
1
-7
-9
-15
-15
-13
-13
-17
-13
-13
-11
-5
3
14
18
28
23
13
10
9
18
17
14
5
-7
-14
-12
-12
-7
-4
-3
-6
-15
-23
-30
-37
-44
-51
-59
-73
-84
-99
-108
-117
-129
-141
-142
-130
-117
-105
-98
-95
-95
-101
-103
-104
-98
-86
-65
-45
-25
-5
10
22
33
39
42
48
55
56
58
52
45
35
29
16
2
-13
-22
-29
-40
-50
-61
-75
-83
-91
-98
-109
-120
-139
-153
-171
-184
-197
-203
-206
-205
-198
-189
-172
-158
-137
-112
-87
-67
-51
-33
-24
-13
-4
7
14
16
25
25
34
55
76
102
105
89
65
40
36
47
61
69
73
71
71
77
84
85
86
76
64
51
37
22
1
-12
-32
-54
-76
-96
-114
-135
-149
-158
-164
-165
-162
-161
-154
-142
-125
-114
-102
-85
-67
-41
-16
9
31
36
44
48
56
63
68
65
64
71
77
88
98
108
117
126
132
136
140
144
145
149
154
160
156
137
138
144
155
164
169
177
185
188
185
179
176
170
162
152
141
133
120
106
95
82
70
63
52
46
43
39
29
21
18
18
17
16
16
26
28
35
34
32
35
36
29
25
23
20
19
19
15
12
13
18
23
20
17
13
7
10
14
16
10
3
-3
-17
-28
-30
-30
-25
-20
-12
-11
-9
-4
2
1
-8
-27
-48
-66
-73
-71
-66
-63
-72
-83
-101
-116
-129
-143
-152
-163
-161
-151
-140
-136
-139
-133
-125
-107
-90
-86
-87
-92
-91
-93
-93
-95
-102
-110
-115
-114
-112
-105
-99
-95
-89
-82
-76
-74
-69
-59
-45
-32
-18
-16
-13
-16
-20
-16
-17
-10
-5
1
6
15
25
30
36
34
31
29
31
33
36
48
59
65
61
57
53
50
50
47
40
30
23
15
12
13
28
29
35
24
4
-10
-14
-12
-8
-8
-19
-32
-41
-47
-44
-50
-51
-55
-62
-77
-88
-97
-109
-112
-109
-103
-97
-93
-90
-89
-80
-72
-65
-53
-42
-32
-21
-9
9
29
46
62
70
74
75
71
61
51
41
38
38
40
31
20
9
4
7
18
30
46
56
59
63
65
67
83
101
114
120
120
107
90
69
50
32
26
25
24
30
39
50
58
70
76
84
89
93
96
94
98
97
92
90
87
92
92
98
91
77
53
30
14
1
-2
-4
-3
-8
-5
-3
-3
-1
-9
-17
-26
-28
-32
-34
-34
-35
-36
-39
-32
-28
-19
-12
-13
-20
-34
-46
-49
-55
-56
-53
-52
-43
-38
-36
-33
-30
-30
-29
-32
-35
-39
-40
-36
-34
-30
-27
-23
-20
-23
-23
-26
-33
-28
-25
-16
-12
-7
-5
-11
-5
0
-1
-2
-4
4
14
29
42
54
64
76
79
82
88
94
99
99
97
93
85
79
72
58
42
34
27
26
31
38
40
50
55
56
56
53
51
44
43
47
54
54
54
53
50
53
51
49
55
57
60
60
62
59
55
44
37
29
18
5
-13
-21
-26
-23
-21
-22
-14
-13
-8
-9
-5
-11
-23
-32
-42
-53
-67
-75
-90
-99
-103
-105
-111
-116
-112
-110
-105
-97
-89
-81
-78
-67
-59
-50
-41
-37
-32
-31
-27
-30
-34
-30
-25
-21
-16
-10
-4
-1
5
10
8
2
-11
-25
-35
-30
-25
-16
-8
-6
-9
-15
-13
-13
-14
-12
-5
1
0
-3
-11
-15
-18
-22
-30
-39
-42
-50
-55
-61
-68
-78
-88
-93
-97
-97
-97
-106
-112
-122
-127
-131
-131
-128
-126
-129
-130
-129
-123
-116
-102
-90
-74
-59
-39
-35
-45
-58
-85
-115
-137
-149
-143
-129
-115
-102
-94
-76
-70
-66
-64
-59
-58
-63
-71
-86
-101
-118
-129
-144
-161
-176
-191
-203
-217
-228
-243
-253
-265
-273
-276
-277
-270
-263
-250
-236
-225
-213
-196
-171
-153
-139
-130
-119
-115
-101
-85
-75
-65
-57
-52
-46
-35
-27
-12
0
15
35
46
56
57
56
58
59
62
62
60
57
56
54
66
79
94
114
124
130
133
143
152
155
155
149
142
134
130
122
116
116
113
106
102
96
85
79
74
71
70
66
71
72
80
86
93
95
97
97
94
97
99
99
92
83
71
59
47
39
36
32
32
37
34
38
41
44
40
49
56
72
86
102
117
125
134
130
119
102
83
67
47
31
19
0
-6
-7
-4
2
14
22
25
28
32
31
28
23
15
6
0
8
8
9
9
14
17
17
21
23
23
26
25
26
28
27
27
25
27
27
25
23
23
21
22
25
24
15
12
0
-11
-23
-32
-38
-46
-49
-54
-56
-54
-47
-45
-44
-45
-53
-58
-62
-63
-66
-63
-56
-51
-47
-45
-39
-31
-25
-16
-10
-9
-8
3
18
33
45
50
53
54
57
53
54
52
53
48
44
36
25
7
-7
-26
-45
-48
-48
-38
-28
-7
9
27
43
53
59
63
67
69
61
57
52
51
49
51
52
43
36
33
33
35
38
35
30
34
27
22
7
7
3
4
4
-1
-14
-28
-39
-42
-47
-42
-41
-44
-46
-42
-47
-50
-49
-49
-50
-45
-35
-21
-7
3
5
3
0
-8
-19
-33
-47
-56
-63
-63
-68
-72
-77
-81
-84
-84
-74
-56
-45
-28
-18
-7
-14
-9
-7
-4
0
2
12
16
25
24
26
26
29
22
7
-7
-21
-36
-53
-61
-72
-73
-68
-59
-51
-48
-47
-55
-61
-64
-70
-80
-88
-93
-102
-110
-114
-113
-115
-111
-108
-109
-108
-106
-100
-96
-79
-68
-64
-64
-64
-59
-62
-61
-64
-63
-56
-47
-35
-26
-17
-9
-9
-15
-17
-19
-19
-12
-6
1
9
24
35
42
39
27
12
-5
-17
-31
-47
-55
-63
-62
-60
-53
-44
-45
-44
-45
-46
-49
-47
-45
-45
-42
-45
-51
-55
-51
-44
-35
-25
-12
-5
5
9
7
10
11
10
4
0
-18
-31
-41
-42
-36
-35
-33
-39
-52
-63
-63
-51
-30
-7
10
18
27
30
28
27
35
39
46
44
47
44
45
41
36
29
19
16
18
31
44
56
52
47
43
40
36
37
34
33
30
29
33
34
39
44
40
28
8
-10
-29
-35
-32
-32
-30
-32
-35
-35
-32
-28
-27
-17
-13
-10
-7
-6
-5
-4
-2
-5
-5
-5
1
-2
3
7
9
11
5
6
9
15
19
19
12
4
3
2
-1
0
-5
-14
-21
-27
-32
-31
-20
-10
0
4
8
8
10
11
16
12
11
6
-4
-18
-32
-42
-47
-43
-35
-25
-12
8
27
40
51
58
67
71
75
75
70
67
63
58
49
43
40
32
32
24
16
1
-2
1
3
12
12
13
11
7
1
-8
-9
-14
-25
-39
-46
-59
-66
-76
-81
-84
-84
-79
-79
-73
-59
-39
-19
-1
15
25
36
46
55
58
63
68
70
62
58
52
41
35
23
17
17
27
40
47
54
53
50
40
34
23
14
5
-4
-7
-15
-13
-12
-16
-23
-38
-53
-69
-71
-75
-69
-62
-51
-41
-39
-29
-26
-19
-7
3
5
0
3
-1
-3
-10
-16
-26
-38
-51
-67
-74
-79
-81
-90
-95
-101
-111
-115
-112
-106
-100
-91
-85
-81
-80
-80
-81
-85
-79
-76
-68
-61
-45
-34
-21
-10
0
6
13
24
25
31
37
44
50
42
34
22
9
0
-15
-25
-34
-31
-31
-25
-21
-13
-7
7
26
43
60
69
81
87
95
104
110
116
117
116
113
106
100
90
82
79
79
75
76
76
80
88
92
92
84
80
74
69
64
57
48
30
16
-5
-31
-56
-75
-77
-75
-63
-57
-58
-62
-67
-70
-71
-66
-60
-50
-42
-25
-15
-5
4
6
6
3
2
-2
-5
-5
-6
-9
-18
-22
-31
-34
-34
-38
-40
-44
-46
-47
-45
-41
-36
-31
-29
-22
-14
-12
-10
-22
-38
-45
-53
-61
-58
-50
-38
-29
-26
-27
-41
-53
-62
-63
-67
-56
-52
-48
-45
-32
-25
-15
-7
-11
-16
-26
-21
-17
-2
5
14
14
18
26
24
31
30
29
20
11
10
13
25
40
53
56
57
53
51
53
55
52
43
34
20
8
2
-1
-10
-24
-30
-38
-42
-51
-49
-48
-41
-31
-28
-24
-29
-24
-23
-20
-15
-12
-11
-7
0
0
-1
2
0
-9
-15
-23
-25
-22
-22
-20
-22
-28
-35
-40
-42
-43
-36
-34
-34
-31
-31
-23
-18
-15
-15
-20
-25
-34
-38
-42
-46
-58
-71
-83
-84
-84
-79
-76
-77
-69
-65
-57
-50
-39
-44
-47
-46
-48
-51
-51
-50
-49
-50
-52
-49
-51
-49
-44
-41
-41
-43
-49
-55
-61
-54
-47
-39
-33
-29
-30
-36
-37
-42
-41
-39
-39
-39
-38
-30
-30
-29
-30
-36
-40
-45
-46
-55
-58
-51
-31
-9
9
19
19
27
32
34
32
29
34
39
47
55
62
61
59
46
31
24
23
27
26
28
24
22
22
27
29
28
26
23
26
25
26
25
28
27
30
28
24
21
12
7
1
-3
-9
-16
-30
-44
-56
-60
-61
-58
-54
-44
-42
-38
-37
-32
-36
-36
-37
-41
-42
-35
-30
-29
-35
-41
-40
-43
-41
-43
-43
-36
-29
-25
-24
-19
-9
-10
-13
-22
-23
-19
-10
-12
-17
-20
-24
-28
-31
-25
-20
-16
-12
-13
-19
-28
-31
-40
-50
-63
-82
-99
-117
-124
-132
-132
-133
-133
-128
-126
-119
-115
-103
-89
-77
-69
-65
-61
-56
-47
-40
-18
-15
-12
-18
-19
-24
-23
-15
-16
-17
-20
-20
-24
-18
-24
-32
-43
-54
-56
-57
-46
-35
-31
-23
-15
-8
-4
2
1
-5
-9
-11
-16
-24
-29
-38
-46
-52
-59
-66
-77
-86
-94
-94
-90
-82
-72
-67
-55
-56
-41
-26
3
21
30
39
41
46
49
51
52
58
65
70
76
82
86
82
81
71
57
37
18
8
-1
-6
0
13
29
41
51
46
43
30
19
13
15
25
36
54
65
74
83
95
102
105
106
104
96
80
65
51
46
52
61
73
90
110
125
139
141
133
114
95
85
77
78
74
68
55
42
36
27
25
25
31
28
16
-1
-19
-38
-45
-53
-60
-58
-55
-45
-45
-41
-41
-47
-50
-58
-63
-66
-62
-60
-56
-52
-51
-55
-62
-60
-55
-47
-34
-28
-25
-28
-26
-21
-18
-15
-16
-16
-16
-18
-21
-27
-21
-18
-20
-22
-13
-3
15
29
42
50
58
65
66
68
68
70
67
65
62
61
65
71
74
71
72
72
70
69
69
68
60
52
48
44
44
43
41
40
35
23
3
-24
-50
-66
-72
-70
-60
-49
-35
-20
-8
-3
4
4
-1
-7
-14
-16
-22
-19
-17
-9
7
24
28
23
8
-4
-13
-15
-8
-12
-13
-22
-29
-40
-34
-27
-19
-16
-12
-9
-9
-10
-18
-28
-45
-65
-80
-90
-84
-68
-51
-36
-21
-6
5
22
30
37
32
22
9
-4
-10
-19
-29
-33
-32
-29
-33
-35
-47
-57
-70
-72
-69
-58
-40
-25
-20
-23
-26
-30
-29
-25
-22
-16
-18
-9
-9
-2
3
3
-3
-13
-19
-35
-43
-49
-45
-38
-26
-10
2
12
23
28
29
40
51
63
73
80
86
84
84
79
77
75
74
74
68
61
48
33
25
23
20
19
16
22
25
35
47
58
70
75
74
66
57
51
46
38
33
28
26
24
34
44
64
81
89
94
99
109
113
119
125
130
132
130
128
126
125
122
119
110
103
88
75
57
43
30
9
-2
-10
-10
-11
-11
-8
-18
-18
-23
-28
-39
-44
-51
-57
-57
-67
-72
-78
-86
-90
-92
-84
-81
-74
-71
-61
-58
-57
-51
-46
-45
-36
-27
-28
-30
-38
-45
-56
-65
-69
-79
-87
-91
-98
-107
-116
-123
-135
-139
-135
-121
-108
-93
-81
-71
-59
-42
-27
-24
-27
-32
-39
-46
-52
-57
-66
-70
-78
-91
-100
-106
-107
-111
-111
-118
-131
-141
-143
-145
-148
-150
-149
-145
-137
-123
-111
-100
-88
-81
-75
-76
-71
-73
-71
-61
-55
-45
-38
-22
-13
-1
15
28
33
43
51
58
70
71
64
56
46
42
32
30
27
27
9
-5
-23
-38
-46
-43
-40
-41
-33
-18
-7
-3
-3
-6
-9
-8
-10
-9
-6
-2
8
6
4
-4
-7
-5
-3
2
12
22
29
38
34
38
40
50
59
68
74
76
81
81
83
79
74
66
60
62
52
49
43
37
30
20
19
13
7
4
-1
-7
-12
-14
-17
-17
-20
-21
-20
-19
-13
-13
-11
-8
-10
-17
-16
-20
-26
-38
-47
-57
-64
-68
-73
-76
-83
-84
-75
-68
-56
-46
-44
-44
-45
-48
-46
-40
-44
-51
-63
-70
-81
-83
-87
-88
-93
-100
-103
-112
-108
-102
-91
-83
-77
-74
-67
-59
-48
-44
-43
-44
-41
-39
-35
-25
-21
-19
-18
-22
-23
-21
-16
-4
-2
0
-4
-13
-18
-25
-29
-31
-28
-27
-28
-37
-48
-62
-68
-70
-72
-71
-70
-62
-48
-35
-14
4
23
37
49
54
46
38
28
25
26
34
38
38
38
40
39
32
26
14
4
-2
-19
-27
-32
-29
-31
-31
-28
-36
-43
-45
-44
-40
-30
-18
-14
-10
-8
-15
-26
-43
-60
-75
-85
-88
-90
-85
-76
-58
-42
-32
-21
-16
-16
-13
-7
-4
2
8
10
10
4
1
-16
-31
-40
-45
-48
-43
-31
-22
-13
-1
17
34
55
72
81
89
97
105
113
123
126
123
115
106
92
71
58
51
41
38
34
31
26
26
26
25
29
36
39
36
34
27
20
9
-8
-29
-54
-73
-88
-100
-107
-112
-120
-131
-136
-136
-126
-113
-93
-75
-51
-32
-20
-9
-5
6
13
23
32
36
35
38
41
41
38
34
24
10
-8
-21
-39
-48
-49
-39
-26
-10
4
16
26
37
48
50
51
45
34
22
7
-9
-33
-54
-67
-75
-70
-62
-57
-56
-55
-58
-65
-77
-87
-93
-98
-100
-103
-116
-127
-133
-143
-153
-159
-164
-166
-165
-162
-158
-149
-137
-132
-133
-150
-164
-176
-177
-171
-163
-144
-120
-86
-54
-23
-1
15
21
25
33
45
53
68
79
84
96
103
114
121
129
138
140
142
135
123
111
105
103
102
107
105
97
88
77
60
37
12
-10
-26
-33
-32
-20
-11
-2
-3
-2
-3
3
3
8
11
25
36
38
44
40
41
41
39
32
21
12
-4
-14
-15
-9
0
11
22
32
43
58
72
76
86
88
85
79
76
75
79
88
98
105
112
109
98
72
50
31
27
32
42
52
63
72
76
82
80
77
68
57
48
36
16
-1
-7
-6
-2
-3
-3
-6
-11
-10
-9
-13
-15
-8
-1
7
24
31
36
36
37
35
35
33
34
33
42
47
46
40
28
26
27
34
41
45
49
46
37
34
28
21
10
7
4
2
-3
-1
-6
-12
-23
-43
-61
-78
-89
-97
-105
-102
-98
-87
-81
-67
-58
-47
-35
-26
-21
-20
-19
-21
-18
-13
-7
-5
-12
-9
-12
-7
0
2
-5
-16
-28
-47
-61
-71
-79
-85
-86
-82
-78
-73
-65
-57
-54
-51
-44
-43
-40
-36
-29
-30
-34
-38
-43
-54
-61
-66
-70
-61
-55
-49
-42
-38
-32
-21
-11
0
10
16
27
34
39
46
49
49
43
39
32
20
17
8
1
2
1
2
-1
-5
-11
-19
-26
-30
-33
-30
-17
-5
7
22
35
44
47
43
33
19
11
5
2
4
13
19
29
35
35
30
21
17
16
13
7
-2
-13
-15
-10
8
24
43
54
66
74
76
72
58
45
32
27
20
27
29
35
34
33
32
29
29
22
21
21
26
33
35
32
21
10
-1
-7
-12
-20
-26
-37
-42
-41
-38
-37
-38
-44
-56
-64
-71
-72
-74
-67
-58
-51
-43
-28
-23
-20
-19
-27
-30
-37
-37
-43
-52
-61
-71
-71
-66
-56
-40
-34
-21
-13
-8
-2
3
4
7
4
0
-10
-22
-35
-47
-68
-78
-83
-73
-60
-48
-37
-29
-24
-23
-23
-23
-16
-7
9
26
38
48
50
58
62
57
54
50
46
51
51
52
51
48
40
22
7
-1
-5
-1
4
7
5
12
20
34
43
49
45
36
33
27
21
13
7
2
-1
-8
-12
-11
-15
-17
-24
-34
-40
-36
-30
-23
-13
-11
-1
6
11
9
2
4
-1
-8
-8
-11
-12
-9
-4
-1
-4
-5
-7
-11
-20
-29
-44
-53
-67
-69
-69
-58
-51
-56
-62
-64
-64
-66
-66
-64
-66
-66
-67
-71
-74
-71
-75
-81
-90
-92
-89
-80
-61
-47
-41
-48
-53
-65
-65
-64
-61
-64
-64
-57
-48
-45
-35
-35
-25
-14
2
13
19
22
13
12
14
30
43
57
68
74
70
68
61
51
44
36
26
18
12
4
-4
-11
-7
-7
-15
-14
-17
-22
-29
-33
-35
-37
-34
-34
-42
-50
-54
-53
-45
-36
-33
-31
-33
-26
-26
-30
-31
-41
-48
-52
-45
-41
-34
-33
-37
-41
-43
-38
-33
-27
-22
-20
-20
-20
-20
-21
-15
-8
0
0
1
1
-1
4
11
16
21
24
30
33
38
39
41
41
37
31
25
21
25
31
35
37
41
47
55
63
71
78
86
86
82
77
75
73
69
62
51
39
27
25
26
29
33
32
28
19
15
7
0
-8
-14
-26
-41
-44
-58
-67
-78
-86
-93
-97
-100
-101
-92
-75
-60
-52
-52
-47
-48
-44
-36
-30
-24
-14
-7
1
4
10
14
14
18
18
19
16
18
17
17
22
27
36
45
47
47
41
36
27
16
4
2
3
8
8
13
7
-3
-7
-21
-28
-30
-31
-28
-24
-25
-32
-39
-48
-50
-56
-60
-57
-54
-30
