-50
-51
-50
-41
-35
-29
-22
-15
-11
-10
-9
-8
-15
-16
-21
-29
-32
-38
-47
-53
-50
-52
-42
-37
-26
-19
-22
-17
-18
-18
-13
-1
10
18
26
24
23
22
20
18
17
14
10
4
2
7
7
9
13
14
18
20
21
21
19
15
19
22
19
8
-1
-1
-4
4
16
20
28
32
33
33
36
35
35
37
33
25
6
-11
-16
-49
-53
-66
-43
8
49
95
140
167
176
159
140
129
116
98
83
73
72
72
68
62
49
43
44
42
45
53
59
70
83
94
103
111
119
123
125
130
130
127
122
119
106
100
91
85
73
66
57
50
45
44
38
29
20
13
11
8
8
10
-2
-10
-22
-39
-54
-61
-72
-78
-84
-92
-98
-103
-104
-108
-113
-115
-120
-125
-123
-119
-110
-100
-86
-79
-72
-75
-72
-76
-77
-74
-71
-71
-71
-70
-72
-71
-68
-64
-69
-69
-68
-64
-60
-60
-64
-67
-68
-70
-72
-70
-65
-60
-61
-62
-67
-71
-78
-86
-92
-103
-104
-108
-106
-103
-98
-92
-90
-81
-78
-75
-71
-62
-59
-57
-54
-54
-53
-56
-49
-49
-44
-47
-53
-55
-56
-52
-58
-58
-59
-61
-65
-69
-63
-61
-57
-53
-54
-55
-61
-56
-57
-57
-59
-61
-61
-59
-56
-59
-62
-65
-66
-69
-74
-78
-82
-78
-74
-71
-70
-64
-58
-52
-47
-42
-36
-28
-21
-14
-10
-13
-17
-31
-45
-51
-57
-57
-56
-46
-46
-37
-32
-26
-17
-17
-9
-5
1
6
8
4
3
2
-3
-5
-7
-15
-24
-35
-34
-35
-38
-43
-44
-45
-50
-54
-58
-59
-59
-53
-48
-38
-32
-34
-30
-29
-24
-27
-22
-18
-16
-12
-7
-3
-3
-7
-8
-8
-6
-1
2
-1
-3
-10
-18
-20
-12
-4
6
22
29
34
31
38
32
29
27
22
16
13
13
7
0
1
-5
-11
-18
-18
-19
-17
-13
-11
-12
-20
-19
-18
-9
2
6
8
11
16
21
27
38
44
51
53
55
49
45
48
44
37
28
19
12
3
-4
-11
-17
-16
-13
-8
-1
18
37
46
54
48
44
36
34
28
21
14
10
-1
-6
-7
-9
-7
-4
-1
4
7
16
20
28
36
47
48
51
50
50
52
55
61
56
54
51
49
53
56
56
53
57
53
46
32
21
21
26
37
40
35
29
27
18
5
-4
-7
-1
12
35
53
59
63
54
42
28
17
11
3
5
3
-1
0
1
4
8
14
15
18
17
21
21
29
38
41
42
37
32
27
20
16
7
-2
-10
-12
-21
-23
-22
-23
-26
-27
-29
-33
-30
-31
-26
-25
-13
-1
10
17
23
21
17
12
5
-3
-17
-23
-40
-51
-59
-68
-75
-79
-79
-79
-78
-81
-85
-93
-95
-91
-87
-76
-67
-62
-60
-55
-50
-48
-45
-45
-40
-47
-46
-41
-32
-20
-11
1
9
19
17
18
11
11
7
-1
-1
-5
-4
0
-2
-10
-19
-21
-27
-26
-27
-20
-3
8
25
36
43
40
32
24
15
9
0
-8
-14
-12
-12
-5
-3
0
0
-3
-3
-1
5
12
22
34
43
50
56
60
66
65
67
64
67
60
56
51
44
34
28
21
10
8
9
11
6
4
2
-5
-12
-9
-2
1
8
10
7
9
6
9
7
5
4
2
-4
-1
-1
3
9
5
7
11
15
12
9
9
8
7
12
15
10
4
-2
1
-1
3
6
7
5
2
-6
-14
-16
-9
-7
0
2
4
-2
-10
-13
-15
-20
-22
-25
-28
-41
-43
-49
-56
-57
-62
-70
-74
-85
-88
-83
-76
-62
-56
-51
-52
-56
-59
-56
-51
-46
-40
-35
-32
-27
-21
-27
-36
-50
-64
-68
-60
-41
-22
-1
24
50
82
118
145
142
102
44
-4
-46
-43
-26
9
51
99
132
158
171
178
175
169
175
175
178
179
182
177
167
163
156
143
136
125
107
94
84
77
66
61
47
32
21
11
2
-8
-16
-25
-30
-35
-36
-37
-47
-54
-64
-69
-72
-66
-61
-59
-53
-54
-54
-51
-49
-45
-44
-42
-45
-50
-57
-66
-75
-84
-88
-96
-97
-99
-94
-97
-92
-86
-77
-76
-74
-74
-74
-67
-58
-47
-42
-36
-31
-30
-29
-29
-32
-39
-39
-50
-56
-62
-63
-65
-67
-68
-70
-66
-59
-42
-33
-22
-15
-13
-9
-9
-13
-24
-38
-50
-64
-77
-85
-84
-82
-79
-79
-78
-78
-73
-63
-60
-58
-51
-49
-46
-47
-46
-49
-43
-43
-41
-43
-42
-39
-41
-45
-43
-47
-41
-40
-38
-35
-30
-23
-18
-20
-20
-15
-19
-17
-15
-18
-27
-29
-35
-33
-31
-25
-26
-27
-26
-31
-35
-34
-27
-26
-21
-20
-23
-24
-27
-23
-26
-29
-24
-19
-18
-14
-5
-2
3
9
13
14
15
20
15
16
18
17
16
15
11
9
5
5
7
4
3
4
-1
-2
-3
-1
-6
-7
-13
-18
-18
-17
-14
-13
-6
-3
-7
-6
-1
2
6
8
6
-4
-1
0
10
14
17
13
5
4
10
7
9
7
2
-2
-13
-18
-20
-18
-16
-17
-17
-16
-11
-11
-10
-5
-2
-1
6
11
13
14
21
25
30
37
33
28
21
23
17
10
1
-7
-16
-19
-14
-14
-12
-8
-7
-5
4
11
22
28
35
32
24
16
10
10
1
-4
-11
-18
-22
-31
-35
-38
-41
-41
-47
-49
-42
-42
-33
-34
-35
-49
-54
-55
-48
-38
-29
-25
-29
-30
-28
-34
-29
-24
-13
-11
-10
-14
-14
-18
-16
-10
-20
-19
-29
-39
-45
-48
-45
-44
-38
-35
-30
-25
-16
-5
3
9
16
14
12
11
3
6
11
9
11
4
-2
-6
-7
-8
-15
-23
-27
-25
-27
-17
-6
6
12
10
13
1
-2
-14
-26
-35
-30
-4
33
83
116
119
72
12
-40
-84
-78
-62
-29
16
55
85
100
123
131
143
141
138
136
128
121
117
108
99
88
73
58
42
34
30
25
24
21
15
7
4
-3
1
4
10
6
11
19
23
26
23
16
11
2
-2
-4
-8
-5
-5
-10
-11
-12
-19
-18
-18
-25
-36
-46
-57
-64
-69
-77
-93
-113
-111
-95
-78
-65
-48
-25
3
27
43
55
57
56
49
42
40
36
33
24
16
7
0
-3
-13
-28
-50
-65
-80
-93
-105
-113
-115
-105
-88
-74
-61
-50
-43
-37
-33
-23
-18
-5
1
-5
-22
-38
-37
-28
-14
-11
-6
-1
12
30
36
34
23
19
10
4
-6
-17
-19
-22
-19
-19
-17
-14
-17
-21
-30
-40
-52
-54
-51
-42
-32
-18
-10
-5
-1
-1
-6
-15
-23
-31
-35
-39
-48
-57
-64
-66
-76
-85
-89
-92
-94
-94
-95
-95
-90
-83
-77
-73
-68
-64
-66
-66
-66
-67
-67
-66
-64
-66
-64
-54
-45
-40
-38
-33
-30
-27
-19
-18
-22
-21
-20
-16
-10
-6
-1
1
4
4
-2
-5
-1
3
1
1
-2
-6
-6
-4
2
6
18
24
25
23
20
13
10
9
10
8
5
2
-9
-12
-15
-20
-23
-28
-25
-25
-23
-18
-17
-23
-29
-33
-37
-37
-39
-38
-49
-48
-53
-56
-54
-51
-49
-53
-59
-63
-64
-66
-63
-59
-63
-62
-68
-75
-80
-78
-71
-71
-60
-54
-46
-34
-25
-17
-17
-12
-13
-14
-12
-9
-13
-26
-33
-44
-54
-58
-54
-44
-33
-21
-15
-14
-8
11
23
37
46
53
56
53
52
43
40
36
31
22
6
-9
-25
-36
-39
-45
-47
-56
-49
-39
-50
-49
-56
-39
17
60
103
130
136
112
74
43
21
5
-7
-18
-14
-4
6
12
15
22
39
57
73
85
94
100
109
114
112
109
106
100
93
85
84
78
75
69
63
57
49
45
41
40
43
53
52
40
22
8
5
15
21
32
44
59
59
48
33
17
-3
-20
-39
-58
-77
-83
-91
-89
-76
-59
-48
-43
-39
-40
-38
-36
-31
-24
-18
-8
-5
-6
-11
-17
-24
-37
-55
-66
-71
-58
-42
-27
-22
-14
-13
-17
-17
-23
-26
-32
-39
-49
-57
-62
-63
-71
-75
-78
-82
-79
-69
-55
-44
-34
-26
-19
-14
-4
0
2
1
-4
-10
-16
-13
-19
-27
-27
-30
-28
-21
-15
-10
-8
-7
-10
-16
-20
-19
-15
-2
11
26
28
24
24
18
10
4
-1
-9
-16
-17
-20
-18
-17
-15
-24
-27
-32
-37
-38
-36
-29
-32
-35
-44
-57
-63
-62
-51
-43
-33
-26
-24
-16
-8
1
8
16
18
16
12
13
8
3
2
-7
-12
-16
-19
-20
-21
-19
-17
-16
-13
-8
-6
-1
2
0
0
-2
2
0
-3
-3
-8
-9
-8
-5
-7
-1
-3
-6
-18
-26
-23
-26
-23
-17
-20
-20
-18
-18
-21
-20
-19
-14
-15
-9
-3
-1
2
7
10
7
12
7
5
7
9
15
17
19
17
16
13
10
9
4
1
1
-4
-9
-7
-12
-17
-16
-21
-26
-23
-23
-19
-14
-9
-8
-19
-33
-42
-51
-50
-42
-35
-35
-33
-32
-37
-34
-23
-19
-21
-25
-25
-26
-23
-17
-8
-4
-8
-5
-4
-4
1
6
1
2
-4
-9
-18
-23
-20
-15
-3
-1
1
2
5
5
8
6
9
15
26
33
44
43
42
27
16
5
3
-6
-16
-19
-29
-41
-53
-54
-54
-47
-42
-36
-42
-43
-39
-43
-39
-43
-45
-46
-50
-53
-58
-57
-51
-44
-35
-36
-39
-38
-44
-43
-39
-44
-46
-47
-42
-39
-33
-32
-35
-37
-42
-43
-42
-35
-30
-23
-20
-16
-14
-15
-12
-11
-9
-5
-10
-11
-16
-16
-19
-29
-33
-34
-37
-38
-38
-38
-36
-33
-33
-32
-29
-19
-11
5
14
31
35
40
45
41
40
36
31
21
17
16
9
10
10
9
4
-3
-13
-21
-35
-44
-47
-52
-51
-44
-38
-29
-21
-21
-18
-11
-14
-9
-9
-7
-4
-3
-5
-9
-8
-11
-10
-12
-13
-8
-8
-1
5
18
23
28
30
28
26
22
23
26
27
31
36
37
37
38
35
37
39
41
33
28
22
16
5
1
-5
-9
-10
-9
-7
-7
-3
-2
-2
1
7
11
22
33
46
54
61
61
58
52
47
48
46
41
41
38
39
37
34
32
28
24
21
23
30
37
47
54
60
58
55
53
40
37
37
31
24
14
7
1
5
10
17
15
10
7
6
6
8
9
6
6
1
-2
1
8
7
6
0
-9
-19
-21
-17
-8
-7
-21
-49
-88
-112
-109
-83
-40
14
56
71
40
-10
-59
-97
-84
-64
-23
26
71
110
140
172
185
193
193
193
189
188
187
184
178
171
165
156
151
147
142
135
125
120
111
106
103
90
73
56
37
19
8
-1
-5
-9
-10
-7
-3
1
2
0
-11
-20
-28
-34
-40
-49
-57
-64
-68
-68
-72
-76
-82
-92
-92
-85
-78
-73
-69
-60
-57
-51
-43
-43
-41
-41
-34
-32
-25
-16
-18
-26
-35
-38
-45
-51
-59
-68
-78
-86
-87
-83
-70
-55
-47
-48
-51
-53
-52
-50
-44
-46
-47
-45
-46
-45
-48
-47
-51
-53
-54
-51
-49
-48
-45
-46
-46
-42
-44
-40
-44
-35
-35
-31
-32
-34
-32
-32
-30
-37
-40
-45
-48
-54
-54
-53
-52
-50
-53
-55
-59
-60
-57
-55
-47
-39
-28
-13
-9
-4
-12
-17
-13
-12
-28
-38
-47
-48
-46
-46
-52
-62
-66
-65
-64
-60
-51
-44
-44
-42
-41
-42
-46
-47
-54
-56
-58
-60
-62
-64
-57
-56
-55
-56
-55
-49
-41
-34
-28
-24
-15
-13
-13
-17
-13
-16
-21
-22
-22
-23
-23
-17
-14
-24
-31
-39
-46
-37
-25
-19
-10
-3
-2
-6
-8
-9
-8
-10
-14
-17
-28
-35
-42
-47
-44
-33
-25
-22
-20
-22
-25
-26
-19
-14
-6
-6
-16
-20
-24
-10
1
13
19
19
20
16
14
11
7
4
2
-10
-23
-22
-21
-14
-9
-3
-2
-3
3
5
15
14
15
14
21
26
26
25
29
26
27
28
25
28
22
21
10
3
-4
-13
-16
-13
-10
-5
-3
-1
3
3
10
18
28
29
34
36
35
28
21
13
12
14
16
14
4
1
-10
-15
-19
-15
-15
-11
-3
3
13
18
22
21
19
23
22
19
17
19
21
25
28
20
13
2
-6
-16
-21
-20
-19
-15
-13
-11
-10
-5
-7
-9
-17
-26
-31
-42
-43
-45
-44
-42
-30
-19
-15
-11
-8
-10
-15
-16
-16
-16
-14
-17
-17
-19
-22
-25
-27
-25
-25
-24
-25
-27
-32
-31
-33
-37
-41
-46
-46
-47
-50
-50
-50
-51
-45
-40
-40
-37
-34
-32
-32
-38
-41
-45
-45
-46
-50
-50
-49
-51
-57
-61
-67
-75
-86
-94
-92
-89
-83
-67
-55
-47
-39
-42
-47
-47
-42
-40
-42
-40
-42
-46
-49
-44
-42
-38
-25
-21
-17
-22
-16
-15
-16
-17
-12
-16
-15
-14
-20
-19
-24
-25
-32
-40
-36
-33
-22
-17
-16
-20
-25
-26
-25
-16
-9
1
5
7
5
-1
-8
-12
-16
-23
-20
-26
-27
-29
-24
-18
-18
-12
-16
-18
-20
-17
-16
-16
-13
-10
-9
-13
-10
-4
-1
-1
1
-4
-7
-8
-15
-18
-20
-11
-11
-15
-13
-16
-16
-6
-4
-6
-10
-10
-13
-12
-8
-2
4
10
12
14
9
6
-1
-10
-14
-18
-27
-28
-23
-19
-15
-13
-17
-24
-24
-26
-21
-25
-20
-19
-17
-17
-11
-10
-14
-20
-30
-45
-52
-58
-66
-77
-84
-88
-89
-95
-96
-98
-95
-89
-78
-68
-62
-54
-53
-55
-54
-55
-58
-55
-45
-43
-41
-37
-33
-40
-57
-74
-86
-73
-48
-6
35
78
104
89
43
-7
-42
-57
-43
-20
17
54
86
110
126
141
151
155
155
150
147
140
136
129
116
105
100
97
92
93
89
78
70
63
53
47
38
31
26
18
15
2
-4
-14
-19
-19
-15
-9
-5
-1
11
20
22
20
20
12
8
2
-7
-13
-24
-29
-33
-37
-44
-55
-72
-86
-95
-101
-107
-106
-103
-94
-83
-73
-70
-80
-90
-97
-87
-73
-53
-33
-4
28
59
78
90
81
71
56
53
46
44
42
44
42
39
37
23
13
2
-2
-4
2
12
12
16
21
23
22
15
14
9
9
8
12
11
8
5
2
3
9
16
24
31
32
33
33
36
37
29
27
24
18
13
10
9
-3
-8
-20
-25
-24
-22
-22
-21
-18
-18
-19
-24
-20
-18
-22
-26
-28
-35
-33
-31
-29
-24
-23
-27
-36
-45
-41
-41
-40
-39
-43
-47
-50
-45
-43
-39
-36
-35
-31
-33
-35
-36
-37
-35
-37
-42
-43
-48
-51
-54
-50
-50
-52
-51
-49
-44
-32
-23
-12
-11
-7
-5
-1
-9
-12
-13
-14
-11
-12
-18
-23
-25
-33
-42
-48
-55
-59
-62
-61
-61
-65
-70
-76
-77
-78
-72
-70
-67
-62
-59
-59
-56
-51
-51
-50
-46
-44
-42
-44
-41
-42
-44
-40
-40
-41
-42
-32
-36
-22
-13
-7
-1
4
9
11
17
16
16
13
8
12
6
4
1
-6
-14
-16
-19
-21
-31
-35
-38
-45
-50
-51
-58
-63
-60
-60
-59
-53
-48
-39
-34
-28
-24
-18
-5
0
4
8
13
13
12
10
11
16
25
33
31
31
30
29
26
26
31
34
40
42
46
46
44
43
43
46
52
53
50
53
51
52
51
53
56
58
66
67
60
49
36
25
17
13
11
7
13
20
27
33
46
55
59
61
59
52
47
41
37
32
24
15
3
-8
-18
-26
-31
-34
-35
-41
-41
-44
-39
-38
-34
-33
-32
-31
-26
-27
-37
-43
-45
-43
-38
-35
-35
-38
-34
-36
-38
-40
-41
-38
-37
-30
-32
-34
-39
-44
-43
-44
-38
-36
-36
-33
-25
-19
-12
-5
-9
-14
-19
-23
-29
-33
-35
-34
-38
-36
-38
-38
-44
-48
-50
-48
-44
-39
-32
-26
-14
-6
1
2
1
6
2
1
3
2
3
-1
3
12
23
29
31
32
36
33
35
40
51
49
60
59
59
54
57
57
60
63
65
62
61
64
63
62
64
59
55
50
47
45
44
49
55
56
58
58
59
54
53
43
33
22
21
16
13
17
12
9
3
-3
-12
-12
-10
-5
-4
-2
0
1
3
8
11
11
5
-1
-8
-10
-13
-13
-17
-21
-27
-36
-43
-46
-47
-54
-51
-53
-55
-60
-64
-67
-78
-84
-94
-101
-104
-100
-91
-84
-78
-73
-72
-63
-57
-50
-44
-39
-29
-32
-35
-37
-44
-43
-44
-46
-45
-43
-35
-29
-21
-15
-7
-2
5
12
11
11
14
18
16
9
0
-8
-14
-17
-25
-36
-45
-50
-54
-53
-47
-42
-41
-31
-31
-26
-19
-12
-2
1
8
8
9
9
8
8
2
-1
-9
-13
-21
-23
-27
-29
-21
-14
-9
-11
-14
-18
-13
-4
1
12
14
23
24
29
31
31
28
27
26
22
18
17
11
6
0
-6
-9
-10
-3
-3
-3
-1
-3
-12
-14
-10
-9
-6
-5
-3
0
0
4
4
5
6
4
4
-1
2
-4
-2
-6
-9
-9
-11
-9
-12
-12
-12
-17
-9
-10
-5
-5
-1
3
3
8
5
10
2
-6
-9
-18
-22
-10
-8
-11
-13
-15
-20
-32
-43
-44
-32
-7
27
67
97
100
80
21
-37
-73
-89
-67
-29
26
69
106
132
146
162
166
167
159
148
142
133
125
117
108
96
87
78
68
58
46
33
18
12
9
7
5
1
-1
-7
-13
-10
-16
-15
-16
-16
-22
-31
-37
-46
-50
-48
-47
-47
-45
-46
-51
-58
-59
-58
-61
-61
-55
-54
-47
-43
-43
-45
-45
-44
-42
-42
-38
-38
-38
-38
-41
-45
-45
-44
-46
-42
-42
-38
-40
-44
-43
-43
-36
-35
-34
-34
-30
-23
-27
-23
-22
-24
-25
-29
-25
-29
-28
-23
-22
-27
-35
-33
-36
-30
-23
-25
-31
-40
-45
-54
-57
-53
-50
-54
-55
-54
-53
-49
-46
-42
-43
-46
-51
-60
-64
-61
-59
-51
-41
-32
-26
-17
-9
-14
-14
-13
-9
-5
-4
-11
-14
-15
-15
-15
-13
-15
-18
-13
-8
-7
-4
-7
-6
-5
-1
10
23
30
35
41
42
40
36
34
29
20
11
3
-3
-17
-20
-25
-30
-35
-37
-34
-29
-26
-26
-28
-28
-26
-21
-14
-1
13
19
18
18
22
20
21
18
14
13
6
1
-1
-8
-15
-18
-22
-25
-31
-35
-35
-35
-35
-24
-16
-14
-13
-14
-19
-19
-9
-2
-5
-7
-2
-5
2
6
13
13
13
10
4
3
3
1
-5
-12
-11
-15
-20
-23
-22
-33
-39
-50
-55
-56
-46
-35
-27
-24
-24
-26
-28
-21
-22
-26
-29
-28
-36
-38
-33
-34
-38
-33
-39
-46
-53
-58
-57
-53
-46
-40
-40
-40
-30
-18
-5
8
15
13
11
7
1
2
-1
-7
-8
-11
-5
-2
5
4
9
2
7
9
10
10
12
7
5
1
-4
-8
-11
-11
-14
-16
-23
-27
-24
-13
3
15
24
25
22
17
11
6
2
-7
-12
-20
-29
-37
-38
-41
-43
-33
-33
-30
-25
-26
-29
-34
-40
-40
-41
-38
-28
-22
-19
-14
-13
-13
-16
-16
-22
-20
-12
-12
-17
-24
-28
-31
-29
-22
-10
-1
17
30
36
44
46
48
42
41
38
33
33
34
29
31
33
28
26
21
22
9
4
-2
-3
-11
-19
-17
-24
-16
-9
-10
-9
-7
-1
-5
-13
-17
-24
-32
-43
-43
-45
-41
-35
-35
-39
-41
-39
-32
-25
-20
-19
-24
-21
-22
-33
-30
-34
-26
-29
-30
-34
-35
-39
-46
-48
-53
-50
-52
-52
-48
-46
-44
-48
-51
-59
-64
-61
-51
-43
-33
-23
-17
-10
-8
-2
-9
-11
-19
-18
-18
-25
-26
-39
-42
-42
-42
-48
-55
-55
-56
-51
-48
-51
-52
-51
-34
-7
31
73
106
108
86
35
-19
-56
-74
-59
-33
10
44
75
94
116
132
140
143
139
131
123
113
105
89
78
64
51
47
53
57
56
54
49
41
40
38
37
34
29
13
-11
-22
-30
-29
-29
-26
-26
-28
-33
-27
-20
-15
-10
-4
4
7
12
6
-1
-7
-15
-23
-23
-20
-20
-22
-24
-29
-30
-24
-17
-16
-11
-5
1
7
14
15
18
21
31
37
35
38
37
38
34
32
26
15
4
-3
-12
-17
-13
-13
-12
-9
-2
0
-2
-2
-10
-20
-27
-31
-20
1
-6
-20
-28
-15
10
34
54
81
90
91
71
42
12
-4
-5
-4
-3
2
12
22
28
29
19
11
10
2
-10
-11
-17
-18
-21
-17
-15
-7
1
10
17
23
29
34
35
40
42
35
23
1
-13
-20
-13
-12
-14
-13
-3
6
23
22
15
3
-2
-5
-11
-13
-19
-23
-19
-14
-8
-2
3
12
16
7
0
-9
-23
-29
-38
-46
-59
-65
-71
-78
-74
-65
-59
-58
-59
-64
-65
-64
-59
-54
-51
-46
-44
-48
-51
-47
-43
-39
-32
-32
-28
-27
-27
-30
-34
-34
-35
-37
-42
-46
-48
-50
-48
-46
-45
-46
-41
-42
-36
-36
-38
-47
-51
-47
-44
-40
-33
-29
-32
-33
-34
-35
-31
-25
-22
-23
-23
-25
-28
-29
-28
-23
-28
-29
-29
-34
-38
-41
-40
-45
-40
-40
-42
-41
-40
-38
-38
-28
-21
-20
-20
-17
-12
-19
-23
-25
-31
-36
-39
-48
-59
-66
-73
-77
-80
-76
-74
-70
-66
-64
-63
-63
-56
-57
-55
-52
-49
-49
-50
-48
-46
-45
-35
-30
-25
-25
-25
-31
-33
-32
-27
-19
-11
-6
-2
1
2
6
-2
-6
-10
-12
-14
-14
-13
-19
-18
-21
-18
-12
-1
4
7
15
14
17
19
26
35
36
37
34
33
26
28
22
16
15
13
13
4
7
1
-2
-5
-12
-16
-13
-8
-4
2
8
9
4
4
4
4
9
4
3
-4
10
9
16
14
18
20
17
16
15
5
-3
-9
-16
-24
-24
-28
-27
-24
-20
-13
-16
-15
-17
-15
-10
-3
-1
11
19
26
27
25
23
16
6
-5
-14
-25
-40
-44
-46
-39
-30
-31
-31
-48
