-13
-18
-16
-22
-29
-38
-43
-47
-45
-45
-43
-42
-40
-43
-37
-38
-31
-23
-19
-23
-29
-46
-49
-43
-37
-33
-31
-27
-22
-18
-17
-11
-11
-2
-5
-7
-20
-22
-33
-39
-47
-50
-53
-57
-58
-62
-63
-64
-75
-88
-95
-98
-96
-92
-86
-77
-64
-48
-29
-13
2
17
28
33
34
46
60
72
78
81
74
70
66
56
56
56
62
64
65
62
61
60
58
58
55
55
56
47
43
41
36
35
43
52
57
61
61
57
50
45
37
25
14
4
-3
-8
-8
-1
1
6
8
11
10
7
6
6
-2
-1
-12
-24
-36
-49
-59
-58
-61
-61
-64
-60
-50
-43
-32
-26
-34
-41
-50
-55
-49
-32
-19
-19
-12
-5
1
23
43
42
22
-1
-5
5
17
19
17
13
14
24
42
60
66
59
47
23
5
-16
-33
-49
-60
-69
-76
-77
-79
-83
-90
-98
-107
-122
-135
-152
-172
-192
-207
-213
-214
-209
-201
-196
-195
-185
-171
-150
-121
-90
-56
-27
-1
13
21
31
37
37
32
32
42
54
61
59
44
25
9
-2
-6
-6
-10
-23
-38
-43
-46
-45
-46
-47
-51
-48
-42
-38
-32
-25
-15
-20
-14
3
14
23
24
26
27
26
34
39
42
46
45
48
49
46
38
28
25
23
20
16
12
6
-5
-8
-13
-22
-26
-30
-32
-28
-29
-20
-19
-22
-19
-21
-18
-14
-12
-10
-10
-10
-12
-7
-5
-9
-3
8
12
11
4
-5
-13
-11
-9
-13
-20
-25
-26
-22
-16
-15
-18
-27
-29
-20
-8
6
19
28
33
36
38
33
23
11
-8
-23
-30
-29
-12
5
34
39
55
67
92
110
96
57
25
2
6
38
62
78
78
70
67
52
29
1
-25
-38
-48
-54
-59
-64
-68
-68
-60
-52
-37
-19
-1
4
-17
-47
-90
-121
-137
-126
-98
-61
-28
-8
7
8
10
5
-4
-12
-25
-34
-35
-28
-27
-22
-28
-37
-42
-51
-54
-59
-74
-85
-108
-122
-129
-115
-96
-63
-44
-35
-30
-20
-3
0
7
-2
-16
-27
-39
-41
-34
-18
-4
0
-1
-6
-10
-14
-14
-21
-35
-46
-49
-55
-53
-50
-42
-39
-38
-40
-43
-43
-38
-37
-34
-35
-35
-49
-70
-81
-84
-74
-60
-55
-60
-67
-76
-86
-96
-104
-105
-99
-92
-81
-73
-60
-47
-38
-28
-21
-15
-7
-2
-1
-3
-8
-12
-14
-17
-28
-26
-15
10
34
53
55
57
58
57
59
60
69
71
64
54
45
41
36
33
24
17
10
2
-10
-20
-34
-42
-49
-52
-51
-43
-37
-25
-17
-9
3
9
16
17
21
22
19
23
22
14
5
-3
-16
-22
-33
-44
-52
-60
-62
-60
-58
-55
-53
-60
-68
-73
-60
-46
-26
-22
-3
2
9
0
-3
-7
-9
-8
-9
-15
-13
-8
5
11
10
-5
-27
-43
-54
-58
-66
-77
-76
-73
-66
-55
-43
-35
-30
-24
-17
-6
-4
5
10
11
22
18
19
10
7
3
-1
1
-6
-8
-17
-20
-19
-19
-28
-36
-44
-45
-42
-41
-41
-44
-50
-53
-48
-42
-39
-33
-26
-15
-4
1
5
-1
-3
-4
-3
-13
-15
-22
-28
-32
-34
-33
-33
-27
-26
-16
-14
-9
-6
-13
-7
-10
-8
-6
3
16
14
-11
-52
-93
-107
-98
-73
-45
-16
-1
9
1
-14
-36
-56
-68
-78
-84
-85
-87
-90
-95
-100
-102
-101
-97
-94
-92
-88
-79
-62
-30
1
20
18
-23
-72
-121
-146
-113
-35
55
122
152
149
129
106
84
56
34
6
-20
-41
-48
-50
-49
-52
-56
-58
-60
-59
-59
-65
-71
-70
-71
-72
-75
-80
-82
-83
-83
-87
-87
-88
-88
-93
-96
-101
-106
-108
-102
-95
-88
-82
-72
-66
-53
-43
-31
-23
-11
1
9
10
8
0
-8
-4
-10
-14
-24
-35
-49
-53
-56
-52
-52
-48
-41
-36
-29
-26
-28
-34
-41
-35
-31
-32
-31
-38
-39
-35
-29
-17
-23
-26
-35
-35
-33
-34
-42
-47
-51
-43
-32
-17
5
16
31
46
61
73
83
88
91
94
100
106
111
116
119
123
133
141
145
146
148
148
142
133
127
126
130
133
133
127
118
106
99
100
101
100
94
88
87
88
90
92
92
82
74
67
69
71
76
82
78
73
64
49
32
21
16
13
15
25
22
21
17
14
9
6
8
5
0
-9
-14
-23
-26
-21
-19
-14
-10
-5
-3
-5
-15
-34
-50
-57
-58
-51
-46
-39
-37
-37
-44
-55
-64
-62
-54
-47
-44
-45
-46
-45
-37
-42
-45
-44
-35
-23
-5
9
18
21
12
9
0
-1
-5
-10
-11
-18
-31
-45
-54
-65
-75
-95
-110
-114
-115
-115
-116
-117
-115
-110
-107
-108
-107
-100
-79
-56
-31
-18
-5
13
25
36
47
45
46
42
37
30
16
14
10
16
11
9
-2
-9
-17
-22
-22
-19
-17
-15
-9
-2
1
1
-2
-4
0
0
3
10
12
5
-1
-21
-34
-40
-34
-17
4
15
26
30
33
36
35
37
34
30
31
34
35
32
21
6
-4
-16
-24
-31
-43
-52
-61
-64
-68
-72
-80
-88
-97
-96
-88
-76
-68
-60
-57
-52
-46
-37
-33
-32
-30
-26
-21
-22
-31
-37
-38
-36
-30
-26
-14
-15
-16
-12
-12
-21
-23
-23
-27
-31
-36
-36
-38
-39
-44
-46
-50
-47
-44
-35
-30
-21
-14
-1
9
14
9
-1
-5
-14
-27
-39
-42
-43
-41
-29
-25
-15
-6
-1
1
-3
-3
-10
-18
-13
-7
1
2
0
-6
-6
-4
-10
-12
-16
-18
-25
-37
-40
-40
-34
-30
-24
-19
-14
-15
-7
-15
-8
-19
-22
-26
-25
-16
-8
-3
8
18
23
27
32
29
27
20
15
14
22
31
34
25
23
19
17
17
14
17
23
32
37
37
35
36
33
22
5
-13
-27
-30
-34
-30
-30
-27
-26
-22
-10
-4
6
8
10
1
-7
-16
-18
-20
-11
-8
-2
2
6
10
8
11
4
-8
-17
-20
-25
-29
-32
-44
-55
-66
-74
-74
-62
-49
-35
-30
-29
-31
-31
-24
-21
-19
-20
-26
-26
-35
-42
-51
-60
-67
-67
-66
-63
-59
-51
-42
-33
-27
-20
-17
-9
3
17
29
34
33
31
31
36
36
41
39
33
26
24
24
26
31
43
48
51
46
43
39
38
43
48
46
43
39
32
33
33
29
25
26
26
27
19
14
8
-2
-9
-13
-26
-27
-26
-30
-33
-34
-39
-35
-41
-45
-53
-58
-64
-72
-80
-88
-86
-84
-81
-68
-55
-44
-35
-18
0
13
5
-18
-67
-106
-121
-100
-51
3
39
55
54
43
30
11
-7
-15
-32
-45
-65
-87
-104
-118
-135
-151
-165
-168
-167
-156
-142
-125
-111
-97
-84
-78
-74
-70
-71
-65
-58
-51
-44
-39
-34
-35
-41
-51
-60
-69
-76
-81
-86
-90
-90
-88
-90
-98
-102
-101
-93
-81
-69
-64
-59
-52
-40
-27
-15
-12
-10
-18
-25
-37
-51
-59
-71
-74
-73
-72
-72
-68
-68
-62
-66
-70
-75
-73
-60
-40
-31
-39
-60
-82
-91
-78
-53
-26
-10
6
15
19
22
27
29
28
23
19
14
19
24
26
21
16
7
0
-2
5
15
42
61
84
111
147
186
179
106
-31
-173
-244
-227
-134
-10
88
164
200
209
205
197
179
162
147
135
123
106
86
64
44
31
23
17
2
-16
-36
-55
-74
-87
-100
-109
-117
-125
-130
-132
-135
-140
-144
-149
-157
-165
-171
-182
-195
-203
-206
-201
-193
-181
-172
-165
-157
-151
-146
-141
-139
-139
-136
-132
-127
-119
-107
-88
-67
-51
-34
-27
-29
-30
-28
-27
-19
-12
-6
-5
0
7
17
23
29
31
39
45
51
51
53
51
43
39
39
37
39
35
29
22
18
14
10
5
6
7
3
-4
-13
-23
-32
-33
-35
-37
-41
-45
-46
-42
-31
-27
-33
-44
-59
-73
-85
-88
-87
-79
-71
-57
-50
-44
-44
-42
-31
-23
-3
12
34
52
68
75
79
85
89
89
87
81
73
62
57
52
49
43
40
36
37
40
43
43
46
52
55
64
72
85
89
98
101
105
110
117
122
127
140
146
146
143
139
135
128
123
119
121
126
134
138
138
135
126
121
115
114
107
98
89
79
70
61
60
60
61
68
62
59
58
57
55
57
60
62
59
58
53
48
42
37
30
27
19
17
8
-7
-10
-11
-10
-9
-7
-16
-20
-25
-34
-42
-44
-45
-45
-50
-56
-65
-77
-82
-91
-96
-100
-103
-107
-116
-123
-134
-143
-149
-147
-140
-125
-112
-103
-105
-112
-119
-130
-141
-149
-151
-143
-124
-100
-78
-63
-48
-37
-27
-20
-15
-7
-3
5
11
16
20
26
25
27
26
19
12
5
-8
-26
-32
-37
-43
-52
-55
-57
-65
-71
-83
-86
-82
-73
-63
-60
-58
-63
-58
-52
-40
-31
-13
-3
15
24
33
34
32
19
15
12
12
13
13
10
8
3
3
-10
-21
-28
-39
-47
-53
-57
-63
-68
-73
-75
-81
-84
-90
-92
-96
-94
-91
-81
-76
-72
-73
-66
-63
-55
-59
-58
-56
-42
-37
-34
-30
-20
-8
-3
4
13
24
16
6
-8
-13
-18
-22
-33
-35
-43
-45
-40
-44
-41
-39
-33
-20
-1
11
24
29
31
37
33
36
40
34
31
24
16
6
3
-5
-11
-21
-33
-36
-41
-46
-54
-61
-59
-55
-56
-51
-44
-36
-29
-22
-10
-7
-4
-4
-3
-2
-3
-4
-5
-12
-23
-41
-59
-69
-73
-66
-52
-38
-28
-25
-24
-20
-17
-8
10
23
31
45
54
60
62
67
67
67
71
73
74
77
72
63
51
43
34
32
36
38
37
30
26
15
3
-13
-26
-29
-23
-12
-12
-11
-7
-4
-2
7
5
6
2
-1
-16
-22
-38
-48
-61
-70
-78
-85
-94
-99
-99
-99
-96
-90
-87
-83
-77
-66
-57
-51
-46
-39
-32
-21
-7
12
17
24
15
9
4
5
5
8
11
11
1
-5
-13
-17
-21
-21
-25
-23
-19
-10
-15
-19
-28
-34
-27
-25
-20
-19
-20
-22
-23
-21
-10
-7
-1
3
4
2
-9
-21
-26
-31
-24
-16
-11
-2
12
33
30
6
-51
-84
-83
-47
-4
39
64
84
86
77
56
33
9
-12
-33
-53
-73
-81
-87
-96
-110
-121
-128
-130
-128
-127
-127
-125
-127
-124
-119
-111
-115
-181
-316
-433
-471
-397
-223
-82
28
71
71
67
61
59
55
53
56
55
54
54
57
50
42
36
25
9
-6
-30
-44
-53
-59
-70
-87
-99
-102
-105
-107
-106
-104
-103
-104
-111
-122
-128
-128
-118
-107
-100
-94
-99
-104
-106
-101
-89
-75
-59
-43
-27
-13
-6
-7
-20
-37
-63
-84
-94
-97
-92
-85
-71
-61
-48
-40
-35
-34
-32
-33
-34
-42
-48
-57
-35
21
82
126
127
99
70
47
50
65
86
103
118
130
137
143
142
137
128
125
121
119
115
104
95
93
94
91
89
85
88
88
83
71
53
40
35
29
22
20
20
26
26
20
7
-10
-22
-24
-20
-8
7
7
-6
-18
-29
-36
-38
-44
-40
-40
-36
-36
-28
-22
-11
-5
-6
-2
-11
-10
-7
-9
-6
-1
2
-1
-1
13
19
32
35
43
45
39
27
23
21
30
41
54
59
55
50
49
51
55
57
56
52
48
43
39
32
23
17
4
-2
-5
-4
1
5
4
12
22
22
19
9
3
6
6
3
2
4
12
11
9
3
2
-1
-5
-9
-8
0
1
7
7
7
15
16
20
20
12
-1
-5
-4
4
7
9
4
-2
-3
-1
-2
-5
-6
0
3
5
9
-1
-2
-4
-6
-8
-11
-14
-14
-8
-2
2
2
7
6
-1
0
0
7
12
22
26
28
36
45
56
60
68
69
68
61
42
33
20
14
12
8
2
2
-4
-7
-8
-11
-16
-19
-12
-7
-38
-108
-195
-245
-230
-165
-86
-25
9
29
26
7
-30
-78
-120
-149
-166
-169
-173
-173
-182
-190
-199
-207
-217
-223
-229
-234
-237
-237
-238
-236
-230
-227
-227
-229
-227
-226
-217
-203
-185
-166
-154
-147
-145
-144
-138
-130
-121
-111
-105
-101
-94
-84
-73
-67
-63
-59
-57
-52
-45
-31
-15
-3
2
8
2
6
20
22
34
42
51
55
61
62
61
60
58
53
52
56
56
53
44
42
37
40
43
51
53
56
59
56
55
55
54
49
41
29
19
11
10
5
-8
-14
-22
-29
-31
-34
-28
-32
-31
-35
-40
-42
-43
-44
-49
-50
-52
-51
-55
-63
-73
-81
-83
-80
-86
-94
-102
-112
-111
-99
-82
-62
-44
-22
-3
9
21
33
37
43
42
45
47
49
41
30
20
9
0
-7
-5
2
10
22
23
23
20
17
18
14
11
6
2
-6
-18
-31
-44
-52
-54
-57
-56
-54
-49
-48
-45
-41
-44
-41
-38
-31
-25
-12
4
17
24
31
25
27
33
42
57
66
66
63
59
54
49
43
45
47
46
49
51
49
39
37
31
27
30
30
36
34
38
38
39
43
46
51
53
58
60
53
46
34
25
12
8
-2
-4
-7
-4
-4
3
11
13
14
17
14
9
3
9
15
26
39
43
45
39
39
42
50
54
59
59
56
54
51
45
38
34
35
27
22
9
-4
-16
-28
-31
-44
-53
-47
-39
-37
-66
-127
-188
-222
-209
-160
-99
-51
-31
-25
-26
-42
-79
-135
-190
-208
-198
-179
-170
-176
-176
-182
-195
-207
-206
-192
-174
-148
-124
-84
-27
29
71
93
99
93
85
79
75
73
69
66
65
61
57
52
47
42
35
26
22
15
7
-6
-10
-20
-30
-34
-34
-27
-25
-24
-30
-36
-44
-46
-45
-40
-32
-24
-23
-25
-27
-31
-34
-34
-30
-28
-29
-29
-29
-28
-28
-30
-34
-43
-48
-46
-39
-32
-29
-25
-16
-5
-1
3
1
1
1
11
16
29
25
26
21
12
5
4
1
3
6
6
2
6
11
15
9
1
-11
-10
-14
-17
-22
-33
-42
-46
-43
-41
-26
-26
-23
-25
-25
-17
-6
18
37
53
60
62
57
58
55
54
53
48
44
39
40
32
19
-1
-15
-36
-51
-61
-63
-60
-58
-48
-47
-43
-35
-33
-35
-30
-28
-23
-24
-29
-36
-45
-45
-44
-45
-50
-50
-46
-46
-43
-37
-33
-24
-16
-11
-10
-13
-14
-12
-15
-12
-16
-15
-14
-12
-10
-4
-1
4
8
12
12
9
10
10
8
-1
0
-3
-1
3
0
-6
-9
-14
-17
-17
-14
-6
-2
0
-2
0
2
11
17
19
22
15
11
7
3
0
1
5
10
12
9
5
5
-6
-18
-24
-31
-41
-42
-42
-40
-44
-45
-52
-51
-49
-49
-53
-60
-64
-74
-86
-94
-93
-93
-87
-83
-72
-64
-51
-42
-40
-40
-42
-46
-55
-54
-50
-33
-26
-16
-17
-12
-12
-12
-19
-22
-27
-27
-24
-19
-13
-11
-11
-6
-9
-7
-10
-15
-19
-17
-14
-7
-6
-3
-1
1
0
2
5
4
16
18
22
24
26
20
16
10
11
11
8
2
1
-9
-13
-12
-5
-2
4
2
-2
-1
5
-6
-8
-12
-26
-31
-33
-28
-26
-13
-5
-4
4
8
17
23
22
21
20
22
29
28
22
22
21
24
25
22
18
15
15
12
17
25
20
23
17
24
24
28
36
40
39
31
25
21
21
25
34
36
32
24
15
9
7
9
22
31
42
42
39
27
16
3
-3
-2
7
17
24
22
14
12
7
-1
-18
-29
-34
-38
-41
-43
-47
-47
-46
-45
-46
-47
-51
-59
-67
-72
-75
-82
-85
-90
-93
-102
-115
-135
-151
-163
-168
-173
-181
-183
-188
-186
-189
-184
-174
-154
-128
-100
-71
-44
-19
-1
15
29
34
42
55
53
59
51
48
37
32
26
24
21
22
20
15
9
2
-2
-10
-4
-2
7
6
8
0
-5
-19
-32
-46
-59
-69
-86
-94
-98
-97
-97
-103
-108
-118
-128
-120
-82
-44
-23
-15
-19
-19
-10
9
21
20
7
-9
-21
-20
-26
-28
-42
-53
-51
-59
-50
-45
-39
-45
-57
-57
-53
-37
-27
-15
-9
4
19
29
40
47
46
46
49
61
66
75
76
71
73
82
94
109
120
128
131
136
131
134
131
133
137
135
132
125
109
87
75
61
51
42
35
24
19
8
-4
-24
-46
-53
-70
-78
-83
-88
-84
-79
-70
-65
-56
-54
-59
-68
-89
-103
-124
-142
-149
-151
-149
-144
-136
-122
-109
-100
-101
-106
-112
-117
-115
-111
-99
-90
-72
-62
-64
-91
-136
-183
-216
-218
-197
-166
-132
-104
-80
-70
-61
-65
-72
-89
-104
-112
-118
-116
-111
-106
-95
-84
-74
-59
-45
-29
-12
4
14
22
26
31
36
44
44
45
45
48
54
53
60
61
68
68
68
63
61
61
64
62
60
48
42
32
19
6
-1
0
-11
-14
-13
-4
-1
-3
-6
-12
-9
-3
5
5
3
-1
-12
-11
-9
-9
-10
-14
-27
-25
-36
-38
-42
-48
-52
-65
-75
-88
-92
-99
-96
-92
-82
-69
-56
-44
-30
-23
-11
3
11
23
23
20
20
19
15
14
12
13
13
17
22
28
34
47
60
63
63
67
67
70
71
69
65
59
48
42
36
30
31
26
31
29
34
35
38
36
29
23
23
23
17
9
2
-12
-29
-46
-47
-49
-41
-42
-47
-54
-63
-66
-70
-78
-84
-88
-85
-79
-68
-62
-44
-36
-29
-19
-14
-7
-9
-3
-5
-4
-2
-2
-5
-9
-20
-23
-32
-40
-52
-62
-79
-88
-98
-103
-100
-97
-92
-92
-93
-96
-95
-89
-90
-87
-93
-92
-100
-103
-99
-98
-95
-91
-76
-61
-38
-18
-9
-7
-17
-24
-33
-35
-34
-33
-28
-21
-15
-19
-28
-41
-47
-52
-52
-44
-36
-19
-5
-4
1
2
17
24
31
35
37
24
10
4
1
4
-2
-3
-14
-12
-12
-24
-24
-27
-29
-32
-36
-28
-27
-18
-16
-18
-21
-21
-21
-13
-10
-4
0
0
5
2
8
26
50
75
86
94
96
101
107
112
114
116
111
96
70
45
24
11
4
-1
0
1
-2
-8
5
15
33
45
56
63
68
70
72
80
84
84
82
67
49
30
17
11
1
-8
-18
-36
-53
-67
-82
-93
-105
-122
-138
-143
-140
-140
-142
-139
-128
-116
-100
-84
-65
-46
-34
-27
-23
-14
-9
1
-10
-35
-30
-3
46
88
107
112
120
120
108
96
78
59
46
38
30
26
12
6
-7
-19
-25
-31
-35
-37
-42
-52
-57
-59
-59
-58
-60
-63
-66
-64
-59
-50
-41
-25
-10
1
8
10
11
8
23
29
40
45
37
28
17
17
18
26
29
31
19
15
10
13
15
10
5
6
8
17
20
21
12
0
-16
-36
-43
-52
-55
-57
-54
-58
-61
-64
-64
-66
-68
-67
-74
-80
-87
-96
-108
-116
-117
-122
-118
-111
-98
-87
-76
-68
-60
-71
-91
-123
-144
-161
-166
-162
-152
-142
-130
-126
-119
-114
-119
-130
-140
-151
-157
-154
-145
-133
-118
-95
-75
-53
-40
-26
-24
-15
-3
22
40
59
73
81
92
71
4
-70
-118
-98
-29
62
140
190
206
193
163
128
97
74
55
40
26
17
7
3
1
0
-13
-26
-46
-61
-79
-103
-133
-151
-169
-185
-210
-230
-246
-256
-260
-258
-249
-242
-238
-231
-234
-231
-224
-215
-209
-202
-200
-193
-188
-183
-172
-163
-145
-135
-128
-123
-119
-114
-101
-88
-73
-61
-55
-56
-60
-58
-56
-51
-55
-55
-57
-63
-69
-70
-68
-73
-74
-76
-75
-70
-75
-75
-82
-83
-81
-82
-82
-85
-81
-84
-82
-94
-96
-98
-86
-68
-54
-37
-26
-20
-12
-11
-4
2
9
15
22
27
39
52
61
71
82
84
89
87
84
90
95
99
107
110
102
98
93
94
93
83
78
74
72
73
71
74
76
73
72
79
91
101
111
107
104
104
111
118
127
128
132
133
133
133
127
138
148
160
164
163
160
155
154
153
153
163
167
169
164
156
150
150
154
156
155
148
137
127
125
132
136
147
154
155
149
139
134
135
130
131
134
138
146
152
157
152
144
132
120
111
104
102
97
96
85
74
63
52
46
32
22
15
-1
-4
-10
-21
-29
-36
-42
-53
-60
-68
-69
-66
-56
-54
-49
-55
-57
-58
-52
-42
-29
-29
-31
-40
-48
-57
-57
-52
-48
-47
-43
-41
-34
-30
-25
-24
-25
-30
-33
-35
-28
-29
-37
-39
-44
-47
-51
-55
-58
-58
-54
-51
-54
-53
-50
-41
-34
-24
-19
-16
-5
-5
-13
-23
-23
-26
-25
-20
-20
-18
-19
-18
-15
-15
-18
-20
-27
-25
-28
-33
-39
-43
-39
-27
-12
1
6
8
2
-10
-21
-28
-28
-22
-13
-9
-6
-10
-8
-23
-25
-29
-25
-27
-35
-54
-72
-91
-103
-113
-117
-117
-108
-92
-75
-64
-54
-56
-59
-63
-64
-55
-50
-44
-43
-46
-45
-43
-43
-45
-48
-55
-61
-69
-79
-93
-103
-108
-111
-112
-110
-110
-110
-115
-104
-94
-81
-66
-53
-39
-34
-49
-60
-68
-68
-59
-52
-45
-39
-41
-42
-43
-46
-44
-45
-40
-34
-24
-13
-8
-10
-17
-21
-23
-24
-19
-9
5
8
18
18
17
17
11
11
9
11
11
1
-15
-29
-37
-38
-34
-29
-28
-31
-34
-41
-43
-39
-42
-37
-31
-33
-33
-28
-20
-15
-10
0
-8
-8
-14
-19
-20
-15
-10
0
5
17
12
1
-21
-45
-67
-91
-102
-109
-108
-102
-94
-89
-86
-87
-87
-87
-88
-86
-83
-74
-63
-50
-36
-26
-13
-1
13
19
12
-5
-20
-27
-21
-10
-2
0
-4
-18
-26
-27
-28
-31
-43
-53
-60
-62
-64
-69
-74
-77
-89
-95
-94
-85
-67
-51
-45
-51
-61
-69
-73
-68
-68
-69
-71
-73
-70
-70
-72
-76
-79
-69
-47
-21
9
33
56
72
75
78
74
71
68
70
76
81
82
79
77
77
79
68
60
-234
