51
38
34
48
52
63
64
59
55
56
58
49
30
6
1
2
28
34
34
20
20
6
-10
-17
-23
-24
-32
-30
-37
-48
-50
-53
-58
-46
-32
-2
-1
-9
-10
-2
4
3
-5
-11
-5
-1
-2
-3
13
19
21
6
-14
-46
-54
-44
-55
-61
-83
-75
-60
-35
-7
-2
12
8
15
5
6
17
21
15
0
-22
-25
-24
-10
-7
-17
-23
-40
-66
-75
-86
-83
-77
-68
-45
-43
-26
-13
-4
8
6
17
14
34
18
25
11
24
18
12
14
34
52
54
61
57
55
51
19
-24
-36
-29
-25
-40
-46
-40
-33
-27
-26
-26
-21
-28
-42
-84
-100
-120
-84
-79
-56
-48
-32
-41
-45
-62
-61
-64
-60
-67
-90
-84
-65
-23
13
41
49
50
57
52
60
39
28
4
-28
-37
-43
-38
-41
-21
-13
-7
4
12
29
30
22
-1
-16
-13
-11
-25
-19
-5
4
13
10
11
24
34
45
37
25
8
-1
-8
-8
-3
-8
-8
-10
0
-9
4
9
21
9
-8
-11
-22
-17
-17
-31
-19
-17
0
-15
-25
-34
-37
-28
-13
-3
0
26
40
53
66
73
79
76
88
79
92
78
89
96
92
95
87
78
76
49
22
-21
-37
-45
-48
-52
-58
-56
-48
-55
-43
-44
-17
19
27
30
18
-12
-25
-52
-71
-79
-93
-93
-100
-125
-132
-131
-157
-161
-173
-155
-133
-77
-19
39
81
88
70
23
-12
-35
-34
-35
-36
-51
-83
-80
-84
-71
-84
-82
-84
-101
-107
-120
-108
-94
-71
-61
-71
-78
-82
-73
-57
-37
-34
-32
-29
-27
-32
-24
-6
-2
0
-4
-7
-14
-17
3
6
13
-11
-30
-50
-29
6
36
53
46
25
-17
-27
-47
-55
-55
-63
-66
-86
-91
-110
-115
-129
-119
-115
-117
-96
-93
-81
-67
-45
-31
-37
-36
-52
-53
-71
-88
-94
-103
-108
-118
-116
-116
-103
-101
-104
-115
-137
-142
-129
-100
-98
-108
-130
-129
-137
-143
-135
-139
-120
-108
-89
-80
-61
-40
-18
7
18
26
21
27
33
36
36
15
7
-15
-4
13
19
5
-1
-2
-13
-23
-29
-9
-10
-4
-10
-16
-6
7
-7
5
18
19
4
-24
-26
-35
-37
-42
-49
-56
-44
-45
-26
-7
6
33
22
18
-1
-7
-4
9
2
6
-11
-29
-53
-65
-51
-35
-38
-22
-29
-32
-29
-13
-9
-9
-18
-42
-56
-56
-45
-40
-37
-29
-27
-50
-50
-57
-36
-26
-5
8
-6
-2
-9
-6
0
12
8
-4
-19
-28
-43
-46
-57
-67
-79
-71
-63
-37
1
43
47
48
40
45
44
44
55
57
50
40
21
9
-8
2
-8
-22
-42
-59
-67
-51
-31
-23
-22
-16
-14
-24
-16
-6
4
7
-13
-25
-52
-62
-69
-60
-49
-33
-14
-26
-30
-25
-3
21
36
39
39
48
63
67
61
57
43
31
29
10
13
17
39
33
29
29
34
37
23
43
57
59
48
34
21
15
11
7
2
1
11
18
30
39
48
54
53
57
39
42
52
57
55
62
57
28
10
-18
-19
-30
-20
-30
-18
-14
5
28
36
52
62
49
36
22
18
18
18
29
17
13
10
-3
-6
-15
-5
-5
-9
-15
-13
-13
21
21
17
1
-15
-24
-7
8
25
23
16
22
3
8
6
-8
-16
-42
-45
-47
-35
-1
43
59
60
47
20
10
13
9
23
11
-4
-23
-31
-32
-31
-16
-5
-1
0
13
21
22
23
22
19
5
7
-4
-1
-11
-19
-30
-39
-50
-58
-50
-33
-11
0
11
28
43
40
22
36
25
16
-3
-31
-33
-36
-35
-30
-46
-55
-68
-68
-43
-4
11
24
24
12
-8
-27
-26
-30
-14
-1
23
21
18
16
4
15
17
7
-21
-34
-32
-9
-3
2
-12
-30
-40
-50
-34
-13
11
21
7
7
0
-13
-12
-11
-14
-22
-7
-6
19
20
22
10
-4
-23
-34
-33
-36
-30
-45
-47
-46
-23
-24
-11
-11
-6
-12
-15
-10
-4
14
36
53
47
39
20
12
10
19
13
13
13
10
13
14
10
3
-7
-7
-20
-34
-47
-43
-27
-24
-11
-7
-8
-8
-15
-15
0
18
37
41
38
24
5
-8
-12
-17
-40
-49
-72
-80
-80
-68
-48
-27
10
35
58
70
92
97
86
62
10
-44
-83
-100
-113
-102
-99
-79
-60
-24
22
72
102
122
142
125
128
120
125
121
112
84
25
-18
-77
-95
-105
-100
-76
-75
-59
-60
-40
-38
-22
-26
-42
-55
-40
-31
-18
-18
-22
-52
-55
-66
-61
-54
-48
-38
-25
-18
-36
-51
-45
-39
-25
-30
-29
-10
-7
4
5
3
-13
-24
-49
-67
-71
-82
-74
-48
-22
-10
-22
-37
-38
-37
-20
-12
-7
-30
-23
-15
14
18
28
18
-3
-2
-13
-11
-5
-10
3
-15
-10
-14
-22
-37
-27
-20
-12
-16
-16
-5
10
21
23
2
-16
-40
-59
-73
-62
-77
-76
-68
-55
-34
-23
10
19
35
32
34
18
5
4
-7
-20
-40
-55
-66
-37
-3
41
48
30
6
-13
-16
-7
12
38
59
71
60
45
37
30
25
34
47
43
34
15
-4
-24
-42
-74
-86
-90
-96
-114
-117
-109
-80
-93
-88
-86
-70
-52
-32
-10
-10
-11
-25
-38
-44
-39
-37
-40
-58
-81
-89
-74
-31
-2
8
25
40
47
61
63
47
31
12
0
-25
-18
-42
-59
-63
-54
-41
-49
-57
-51
-42
-46
-46
-47
-45
-44
-58
-55
-37
-38
-38
-54
-60
-67
-61
-61
-49
-47
-57
-67
-66
-58
-33
-33
-21
-25
-26
-32
-40
-47
-21
-2
4
7
4
5
2
21
19
25
22
14
14
24
30
28
29
14
7
-18
-24
-19
-15
-7
10
29
30
36
34
30
27
25
21
1
3
3
12
14
29
45
37
28
17
-1
15
17
29
6
12
9
34
47
59
49
10
-1
-23
-36
-51
-72
-56
-63
-59
-74
-75
-74
-48
-38
-15
1
16
12
-4
18
27
50
46
23
-18
-34
-31
-17
3
18
37
60
83
113
126
106
83
69
58
65
61
57
40
30
21
10
-22
-32
-38
-26
-1
19
20
27
37
48
64
74
74
56
52
32
20
14
4
3
-30
-47
-57
-66
-39
2
35
58
49
33
6
-6
0
-18
-16
-27
-8
-1
-1
1
-11
-38
-61
-73
-81
-68
-31
0
47
44
40
29
20
23
34
8
16
-3
-22
-15
-30
-12
-11
10
20
5
-3
-16
-30
-34
-32
-28
-41
-58
-85
-101
-115
-108
-98
-107
-102
-106
-85
-67
-26
-15
-4
-16
-33
-45
-58
-39
-37
-48
-50
-62
-74
-74
-79
-80
-89
-77
-80
-69
-67
-62
-32
-1
10
19
-1
-5
5
8
14
20
4
-30
-42
-71
-72
-77
-53
-51
-42
-44
-37
-9
15
44
53
42
35
21
19
12
5
14
-1
-5
-15
-30
-24
-20
-12
-11
-4
-3
-4
3
22
21
16
-11
-35
-72
-73
-69
-52
-47
-67
-65
-73
-68
-66
-66
-72
-61
-49
-67
-78
-69
-66
-67
-69
-86
-103
-95
-68
-34
2
16
36
28
48
46
39
40
38
40
26
10
-4
-11
-18
-27
-30
-41
-38
-40
-42
-27
-41
-27
-34
-23
-30
-19
-3
5
0
-12
-18
-21
-34
-42
-42
-50
-47
-69
-78
-89
-83
-65
-54
-37
-43
-36
-47
-30
-14
15
31
33
27
7
5
-1
-3
-5
-7
1
-16
-24
-29
-18
-17
7
8
20
37
51
79
87
92
80
48
22
-13
-24
-37
-30
-20
-17
-7
2
-7
-12
5
9
12
7
11
22
24
27
16
-2
-19
-41
-82
-82
-75
-61
-57
-59
-60
-65
-65
-42
-28
-5
-2
7
4
9
12
0
-14
-23
-21
-25
-9
-5
-1
-2
-11
-13
-2
11
30
53
66
77
75
42
31
-5
-32
-54
-57
-50
-55
-64
-72
-67
-55
-35
-35
-19
2
17
27
29
43
52
37
20
-9
-30
-62
-79
-87
-79
-58
-30
-14
1
17
29
19
22
5
-4
1
18
22
34
24
-2
-19
-47
-45
-53
-53
-42
-39
-60
-52
-40
-21
0
8
27
18
21
1
15
26
50
55
41
21
8
-8
-10
2
29
25
24
5
-2
1
13
19
-2
-19
-47
-41
-45
-29
-41
-36
-37
-44
-37
-35
-17
7
22
27
18
15
25
29
18
-3
-13
-19
-33
-30
-39
-37
-44
-63
-66
-79
-78
-79
-84
-80
-62
-47
-51
-53
-62
-65
-64
-67
-65
-78
-71
-59
-29
-22
-10
-4
-5
10
3
16
10
32
21
11
-25
-74
-107
-127
-113
-89
-46
-1
37
48
30
21
-2
-5
-31
-58
-73
-77
-56
-62
-59
-51
-52
-63
-100
-121
-127
-119
-102
-77
-58
-36
-7
6
29
35
48
39
41
39
33
26
15
1
-28
-55
-82
-80
-60
-42
-18
-19
-15
-6
11
19
32
32
20
28
17
22
29
44
65
56
44
23
9
-6
-11
-28
-44
-48
-38
-24
-2
36
63
84
108
120
118
108
89
68
55
33
17
-16
-41
-66
-104
-129
-145
-139
-136
-103
-70
-24
6
24
35
17
12
-18
-22
-35
-32
-38
-52
-44
-39
-25
-6
20
33
53
62
62
64
61
54
29
0
-26
-54
-75
-93
-94
-91
-87
-58
-18
7
31
58
71
82
78
76
70
66
86
73
60
28
-4
-25
-43
-40
-33
-16
-9
-1
0
14
38
46
50
52
47
31
18
6
-2
-7
-36
-48
-68
-60
-53
-36
-30
-15
-5
-12
-11
-20
-37
-40
-26
-16
-19
-31
-43
-46
-42
-26
-27
-41
-75
-93
-84
-62
-36
-41
-57
-59
-54
-46
-25
2
12
-2
-16
-36
-65
-92
-103
-109
-106
-97
-87
-90
-83
-71
-68
-40
-23
-18
-24
-53
-58
-57
-48
-47
-63
-76
-83
-78
-68
-73
-57
-50
-31
-13
-1
7
18
8
10
-13
-6
-8
-5
7
16
17
8
7
5
16
24
40
25
-4
-26
-25
-6
25
54
70
84
89
72
44
16
14
2
-22
-37
-61
-93
-126
-140
-145
-131
-107
-78
-44
-13
26
60
93
139
185
195
198
195
174
153
129
93
58
28
-2
-15
-27
-23
-9
-6
18
39
51
61
58
54
37
48
78
121
160
182
179
138
91
45
7
-19
-37
-34
-39
-44
-61
-70
-60
-24
7
25
49
66
82
84
101
96
100
84
59
7
-44
-80
-109
-111
-109
-115
-130
-147
-124
-106
-89
-68
-62
-48
-16
10
29
23
0
-18
-48
-50
-61
-71
-68
-58
-63
-73
-83
-87
-88
-89
-91
-97
-112
-111
-101
-96
-76
-78
-91
-108
-122
-127
-113
-88
-52
-26
-14
-3
10
14
23
28
22
23
0
-10
-40
-48
-34
-31
-19
-29
-48
-77
-84
-66
-51
-38
-61
-71
-108
-112
-110
-84
-66
-49
-41
-42
-19
-15
-22
-21
-50
-55
-71
-87
-95
-116
-91
-56
-36
-31
-50
-43
-15
-2
16
32
26
29
13
-11
-25
-15
-12
-8
1
12
20
32
39
49
43
48
51
58
74
81
67
48
22
14
-3
-9
-17
-29
-37
-38
-44
-44
-52
-27
-13
-2
-6
-6
-23
-33
-50
-51
-40
-41
-48
-79
-82
-80
-74
-77
-73
-73
-78
-74
-69
-57
-40
-17
23
36
67
83
95
105
127
113
99
79
51
49
32
39
26
17
17
5
8
21
38
41
33
31
30
4
13
7
8
11
7
3
-14
-32
-40
-41
-36
-35
-34
-33
-29
-17
-1
15
29
37
43
44
39
29
16
-3
-17
-30
-38
-43
-52
-53
-53
-55
-63
-59
-48
-41
-24
-14
0
-1
13
3
9
-15
-16
-4
0
3
-9
-23
-36
-20
-9
-9
-17
-36
-59
-56
-48
-26
-11
10
13
6
-2
-5
7
10
21
18
-3
-22
-39
-49
-51
-54
-46
-47
-46
-46
-44
-39
-27
-23
-33
-33
-28
-25
-33
-30
-32
-39
-53
-42
-52
-56
-59
-63
-75
-78
-71
-65
-38
-7
5
13
10
-1
-1
7
48
55
49
20
13
0
-10
-10
-28
-23
-54
-68
-99
-99
-93
-96
-95
-80
-46
-33
-10
9
35
57
73
59
46
42
58
90
106
103
78
52
47
47
57
67
80
88
70
70
67
65
62
61
52
32
22
9
5
-8
-7
-12
-31
-42
-34
-23
-4
24
42
66
86
92
101
94
102
94
93
86
57
21
6
19
28
20
4
4
3
11
22
34
47
41
31
0
22
23
27
-5
-32
-58
-94
-112
-120
-116
-121
-111
-102
-80
-53
-18
-4
22
43
69
59
61
37
45
40
56
56
62
68
61
61
55
60
76
59
36
-2
-29
-30
-27
-22
-22
-34
-27
-50
-55
-63
-50
-56
-48
-44
-58
-56
-81
-71
-81
-63
-80
-108
-108
-91
-70
-55
-59
-66
-83
-81
-71
-55
-44
-39
-44
-65
-72
-77
-72
-56
-31
-13
-3
-3
7
-7
-19
-4
-13
-11
-20
-28
-43
-40
-36
-23
0
19
36
42
44
34
46
51
46
33
18
13
-8
-11
-29
-44
-60
-77
-82
-89
-82
-44
-24
9
26
9
-15
-50
-61
-64
-72
-86
-95
-100
-90
-91
-77
-63
-28
13
23
39
41
54
72
80
79
48
19
-10
-29
-22
-13
0
0
10
21
40
48
36
8
-15
-46
-59
-77
-69
-55
-33
-42
-61
-71
-82
-84
-70
-72
-71
-76
-93
-119
-117
-111
-104
-106
-101
-81
-57
0
36
56
55
62
55
38
29
7
-9
-36
-46
-61
-62
-62
-59
-43
-14
5
18
8
-8
-15
-37
-60
-53
-41
-30
-17
-32
-41
-61
-60
-58
-55
-39
-28
-18
-10
7
13
17
15
8
-20
-39
-40
-44
-36
-50
-41
-32
-5
23
43
57
63
62
43
26
14
3
-9
-16
-17
-25
-43
-41
-58
-54
-32
-12
-6
-20
-10
-11
22
25
43
28
20
14
4
-13
-28
-45
-79
-97
-114
-117
-94
-73
-42
-19
9
28
30
39
51
38
23
3
-1
7
12
32
48
55
66
65
53
52
53
57
50
21
-11
-52
-50
-40
-22
8
22
37
41
46
40
44
29
34
44
30
43
40
49
41
38
16
-8
-28
-53
-65
-64
-47
-45
-54
-59
-69
-60
-50
-25
-4
10
3
4
-10
-10
-19
-39
-68
-69
-66
-57
-38
-14
15
33
34
17
-15
-38
-56
-67
-64
-89
-85
-102
-106
-94
-100
-66
-60
-37
-31
-31
-21
-39
-60
-79
-78
-98
-93
-93
-67
-24
-10
-2
-19
-42
-60
-84
-84
-69
-38
-25
-1
3
7
-2
4
8
11
8
11
30
38
51
48
36
27
11
-19
-30
-38
-61
-71
-78
-98
-105
-105
-80
-57
-32
-22
2
-5
19
26
38
36
21
26
11
24
42
62
62
41
7
-35
-52
-55
-42
-12
-1
5
-13
-15
-11
-5
-16
7
13
7
-10
-29
-37
-63
-56
-69
-76
-74
-70
-54
-50
-22
-16
-1
9
1
-8
-9
-17
-17
-30
-24
-29
-51
-42
-36
-21
-10
-6
-1
7
28
52
39
21
6
-29
-38
-45
-40
-44
-60
-88
-112
-140
-137
-118
-74
-40
-23
-24
-50
-53
-40
-21
-2
1
-14
-26
-36
-37
-24
-29
-37
-64
-96
-109
-94
-74
-45
-11
1
-5
-12
-15
-31
-30
-21
-13
6
0
8
-9
2
4
6
-10
-17
-31
-46
-35
-23
11
28
40
39
30
32
40
56
76
73
73
36
9
-4
-23
-38
-56
-100
-124
-130
-109
-70
-39
-9
1
0
2
19
56
99
136
132
108
67
28
7
-13
-27
-30
-57
-48
-44
-35
-30
-2
13
30
39
40
31
19
4
-17
-31
-55
-53
-50
-30
2
-1
-2
-11
-24
-34
-33
-3
32
61
87
75
56
34
42
37
38
20
5
-17
-20
8
31
78
70
64
41
47
54
68
63
57
36
22
-12
-12
-27
-40
-42
-66
-62
-54
-53
-29
-7
41
69
97
106
100
107
91
93
83
53
11
-29
-57
-45
-9
5
18
34
46
46
37
48
41
32
5
-23
-57
-74
-62
-78
-68
-69
-52
-34
-2
13
46
61
72
82
50
27
-1
-36
-44
-74
-102
-163
-206
-227
-212
-179
-135
-93
-68
-44
-26
-27
-22
-11
-9
-24
-35
-27
-30
-19
-6
0
9
-3
-15
-27
-16
5
12
24
28
36
31
39
38
38
36
35
24
4
-2
0
-1
1
3
-4
-14
-33
-25
-19
-6
1
-1
-8
3
20
25
10
-7
-12
-18
-32
-43
-39
-22
5
12
3
-13
-7
-15
-19
-10
-24
-19
3
8
13
24
19
26
20
16
27
45
86
110
116
106
100
87
64
74
66
82
72
33
39
2
-19
-32
-45
-16
-15
4
-5
4
10
5
23
-4
9
-11
-14
21
28
12
-4
-33
-66
-79
-110
-104
-110
-93
-85
-86
-65
-58
-56
-41
-38
-43
-59
-68
-75
-74
-60
-41
-38
-56
-66
-78
-92
-57
-50
-6
-7
21
20
18
1
-3
-20
-30
-42
-33
-36
-26
2
14
22
23
34
34
44
50
32
33
19
4
-12
-16
5
39
54
77
67
64
48
44
65
48
63
43
17
19
6
11
5
6
0
-3
24
49
94
131
146
150
111
81
31
12
-30
-36
-40
-38
-26
-23
-15
-10
-20
-35
-28
-26
-35
-62
-85
-101
-129
-149
-159
-140
-118
-76
-40
16
51
99
80
71
61
63
54
37
-4
-46
-103
-132
-133
-122
-85
-52
-18
-21
-32
-22
-18
-7
8
5
0
-9
-4
-5
11
27
53
70
67
57
48
39
78
91
79
76
78
65
84
49
63
63
75
74
97
92
113
117
117
136
133
124
124
83
72
60
40
30
-12
-29
-7
-23
-9
-1
23
25
76
62
44
32
32
21
-6
14
20
-10
5
-20
-19
-48
-22
-16
-4
-10
17
42
59
48
59
36
22
15
45
11
41
-21
-7
-19
-7
46
36
69
50
52
-12
13
2
44
12
33
17
23
43
27
12
105
143
43
77
46
-28
-16
-30
-9
-26
-41
-46
-28
12
-14
9
-45
-42
-85
-75
-91
-86
-89
-127
-105
-123
-79
-69
-73
-109
-74
-74
-45
-46
-42
-41
-41
-61
-61
-74
-90
-114
-106
-102
-107
-114
-110
-95
-59
-10
8
49
39
50
49
39
66
56
52
37
19
13
-1
-5
-28
-32
-47
-55
-58
-46
-7
0
15
-1
7
-13
-19
-5
-18
-25
-28
-50
-35
-33
-44
-60
-61
-28
-2
-13
-11
-22
-18
23
22
28
20
27
29
33
21
36
12
20
5
-21
-14
-13
20
18
8
8
-23
-50
-57
-44
-33
-8
5
28
21
25
51
47
27
-4
-16
-44
-70
-90
-88
-82
-85
-84
-112
-107
-114
-87
-63
-25
23
38
60
60
57
40
43
57
46
33
14
-1
-1
-14
-34
-45
-59
-68
-56
-89
-101
-133
-134
-146
-118
-100
-57
10
51
106
127
101
81
47
38
10
-26
-27
-53
-28
-13
-14
23
44
73
90
60
69
86
90
74
56
21
-21
-24
-55
-52
-111
-147
-200
-223
-213
-183
-137
-35
12
40
30
38
42
40
-8
-9
-68
-89
-125
-149
-179
-149
-142
-94
-113
-111
-118
-117
-86
-18
17
32
-8
-15
-13
-1
-2
-6
-32
-47
-102
-137
-154
-135
-120
-79
-76
-55
-77
-94
-81
-100
-73
-90
-102
-92
-87
-79
-53
-32
-37
-37
-65
-92
-88
-114
-104
-105
-103
-127
-112
-100
-62
-60
-43
-41
-28
-22
-30
-29
-12
-23
-37
-64
-60
-62
-47
-48
-32
-21
-27
-28
-43
-26
7
43
76
52
72
40
26
8
-6
-47
-79
-94
-81
-66
-30
-10
8
-9
-55
-43
-70
-71
-47
-29
-7
-7
-14
-39
-57
-56
-37
-48
-42
-71
-57
-62
-46
-68
-83
-63
-72
-72
-59
-51
-33
-44
-36
-29
-25
-34
-25
-22
-7
9
28
34
26
4
-21
-28
-30
-20
-61
-80
-65
-73
-89
-110
-134
-128
-95
-69
-34
-32
-14
10
6
15
14
3
-30
-31
-22
-30
-25
-3
12
35
64
92
89
103
60
46
53
69
83
99
110
105
91
75
67
62
42
48
35
33
15
-4
-5
7
31
38
16
18
16
10
7
5
-11
-31
-32
-26
-12
-12
9
2
-7
-5
-37
-61
-72
-80
-56
-50
-56
-46
-76
-68
-74
-80
-72
-57
-55
-52
-50
-33
-19
-21
-27
-29
-60
-49
-43
-24
-30
-35
-33
-46
-42
-39
1
9
39
12
19
4
1
-9
-23
-12
-11
-16
-4
-36
-36
-38
-34
-51
-64
-70
-80
-74
-67
-47
-24
-26
-21
-35
-19
-29
-5
-3
-23
-20
-14
6
38
65
96
84
86
80
66
72
63
71
63
55
21
10
-1
16
42
49
50
43
18
8
-16
-22
-41
-31
-25
-21
-1
13
43
59
59
50
27
24
14
33
52
86
78
68
44
28
21
23
27
36
41
53
48
43
39
44
45
26
17
8
-10
-16
-13
-25
-28
-38
-41
-47
-28
-16
-1
14
21
8
0
-12
3
16
14
1
-24
-63
-81
-64
-61
-21
-4
13
8
1
-4
-21
-27
-65
-67
-118
-118
-133
-146
-146
-146
-130
-133
-122
-126
-100
-71
-61
-33
-47
-52
-51
-82
-85
-97
-103
-112
-102
-97
-77
-60
-41
-19
4
13
16
15
9
15
26
18
13
-28
-48
-52
-48
-24
-10
12
36
35
35
36
45
54
72
68
55
62
66
62
53
42
25
-17
-27
-25
-31
-35
-31
-21
-17
-11
5
14
22
74
110
101
104
90
108
107
78
65
14
-39
-125
-150
-121
-102
-95
-78
-83
-57
-47
-63
-22
-24
8
-20
-29
-59
-14
33
42
35
36
84
45
80
41
39
65
78
46
38
3
15
22
28
44
48
40
14
23
15
29
34
34
-14
-29
-44
-31
-21
-16
-8
-18
5
1
26
19
33
25
20
24
19
7
8
-16
-20
-42
-34
-45
-26
-38
-32
-42
-80
-81
-91
-90
-101
2
