-28
-35
-37
-39
-32
-30
-21
-20
-17
-14
-7
0
-1
4
-2
-3
-3
-4
-4
-1
-5
-10
-14
-15
-18
-20
-13
-15
-15
-12
-7
2
14
17
21
24
36
51
54
52
44
39
33
32
25
21
19
14
3
-4
-4
-7
-10
-13
-3
2
7
5
3
-7
-11
-13
-13
-6
1
3
-5
-12
-22
-30
-36
-38
-46
-57
-54
-51
-45
-34
-21
-13
-10
-11
-15
-21
-28
-34
-45
-46
-41
-33
-28
-23
-21
-25
-21
-30
-36
-41
-43
-38
-31
-22
-8
5
4
6
5
1
1
0
-8
-12
-15
-8
1
16
30
46
50
41
14
-23
-55
-72
-74
-59
-37
-9
10
10
23
26
17
2
-23
-47
-78
-100
-118
-125
-131
-132
-130
-128
-120
-112
-102
-94
-84
-75
-67
-59
-46
-37
-26
-22
-23
-31
-36
-34
-26
-24
-22
-28
-38
-41
-39
-39
-37
-37
-31
-23
-9
-1
5
15
19
29
32
40
50
54
59
59
57
50
45
38
31
32
36
30
25
12
14
14
20
26
31
34
32
35
28
27
23
24
29
37
44
47
46
54
63
71
79
74
67
58
53
50
41
35
23
15
6
2
-5
-13
-15
-21
-30
-40
-42
-43
-32
-25
-16
-13
-14
-24
-36
-48
-59
-75
-82
-85
-86
-79
-72
-55
-42
-34
-28
-26
-32
-41
-47
-45
-51
-49
-57
-61
-57
-50
-50
-48
-60
-70
-80
-86
-86
-83
-88
-89
-93
-81
-63
-45
-30
-14
-5
4
18
19
24
23
26
47
59
70
74
85
84
83
80
77
77
80
80
74
72
72
76
70
61
57
46
37
29
14
9
-4
-6
-1
-2
5
3
3
-2
-2
3
9
20
26
28
28
17
14
3
-4
-8
-6
0
5
15
23
32
40
52
66
78
81
75
69
62
53
45
37
28
16
11
-2
-14
-30
-39
-48
-55
-63
-77
-85
-96
-102
-98
-90
-70
-60
-57
-58
-59
-53
-46
-35
-34
-20
-7
2
-1
-3
0
-3
4
8
6
10
3
-3
-15
-21
-25
-18
-7
1
9
2
-12
-21
-34
-43
-40
-29
-16
-9
-9
-20
-27
-38
-43
-59
-74
-81
-92
-106
-116
-120
-112
-98
-82
-68
-55
-47
-42
-30
-21
-6
-1
3
3
1
12
19
35
36
42
45
45
39
44
51
51
52
44
39
27
18
14
7
8
7
1
0
5
6
8
11
14
21
31
43
53
51
44
32
20
9
6
-9
-18
-28
-35
-41
-53
-60
-76
-84
-84
-74
-58
-37
-21
-3
7
15
19
13
3
-10
-17
-23
-33
-42
-55
-65
-71
-69
-65
-58
-58
-55
-46
-39
-31
-33
-38
-38
-43
-49
-48
-42
-48
-44
-46
-40
-35
-28
-25
-17
-8
-13
-18
-31
-36
-45
-55
-59
-64
-66
-66
-61
-60
-60
-60
-62
-61
-62
-53
-46
-33
-20
-18
-23
-28
-26
-23
-23
-22
-25
-28
-32
-36
-32
-28
-13
-1
4
-2
-6
-12
-14
-15
-16
-17
-12
-6
-2
5
22
31
42
45
48
41
41
29
24
23
18
20
12
14
10
9
3
-9
-11
-21
-22
-19
-21
-27
-32
-41
-46
-54
-55
-54
-54
-56
-55
-57
-56
-46
-45
-43
-41
-47
-54
-59
-68
-76
-85
-85
-88
-89
-83
-76
-71
-71
-68
-68
-63
-66
-68
-79
-88
-99
-105
-115
-116
-114
-118
-122
-127
-126
-118
-109
-104
-97
-87
-78
-74
-74
-71
-66
-58
-49
-38
-31
-20
-12
0
11
28
41
53
71
93
105
109
97
94
79
74
67
58
52
48
47
48
50
48
48
49
52
48
36
20
6
-10
-24
-38
-38
-43
-44
-39
-32
-29
-22
-22
-14
-13
-8
-1
8
14
21
12
7
3
-8
-8
-15
-17
-26
-32
-31
-33
-31
-28
-24
-27
-21
-20
-25
-24
-32
-33
-38
-43
-47
-51
-47
-41
-33
-26
-23
-13
-4
-6
-9
-14
-12
-13
-18
-16
-15
-13
-15
-21
-28
-32
-39
-37
-39
-36
-42
-45
-52
-61
-65
-68
-66
-72
-78
-82
-81
-71
-60
-52
-48
-43
-47
-53
-58
-63
-68
-75
-71
-74
-74
-72
-65
-53
-44
-32
-20
-14
-5
3
5
0
1
-3
3
3
6
7
12
13
14
17
18
17
16
16
17
24
37
50
59
58
49
44
34
28
23
20
9
-2
-7
-14
-14
-11
-14
-18
-20
-26
-38
-46
-54
-54
-48
-35
-24
-13
-13
4
14
22
27
32
43
50
58
63
61
57
61
62
62
59
52
42
34
30
24
25
22
21
12
-2
-13
-27
-36
-45
-57
-67
-73
-71
-69
-63
-57
-57
-61
-68
-71
-79
-88
-92
-91
-84
-73
-62
-53
-44
-37
-30
-27
-28
-34
-42
-52
-49
-45
-45
-42
-36
-37
-40
-47
-53
-59
-70
-83
-97
-113
-121
-128
-128
-126
-123
-117
-105
-93
-86
-84
-83
-83
-78
-74
-66
-54
-43
-19
-1
12
19
26
29
32
36
45
45
34
25
17
15
15
7
-5
-27
-33
-35
-31
-32
-51
-74
-91
-92
-81
-69
-54
-48
-37
-33
-32
-29
-26
-31
-27
-19
-11
2
15
24
32
34
35
36
41
47
52
56
56
49
39
29
26
26
31
32
35
39
40
42
44
45
51
54
63
69
72
67
59
44
34
20
8
6
0
1
5
7
9
6
-6
-15
-22
-31
-32
-33
-25
-24
-20
-22
-32
-43
-53
-54
-46
-30
-12
-1
13
24
35
38
36
37
37
35
40
37
41
36
31
27
21
20
17
8
1
-9
-23
-38
-36
-31
-23
-15
-15
-12
-14
-19
-25
-37
-39
-36
-35
-32
-26
-27
-26
-16
-11
2
4
7
6
11
6
12
5
1
-1
-8
-17
-32
-30
-37
-43
-52
-59
-63
-67
-76
-89
-97
-104
-102
-97
-84
-68
-54
-42
-36
-32
-32
-36
-43
-49
-49
-46
-45
-36
-30
-28
-35
-31
-23
-12
3
16
21
32
37
49
52
46
35
22
9
2
-2
2
1
-1
-5
-13
-13
-13
-14
-8
-15
-16
-16
-19
-16
-10
0
0
-2
-7
-6
-3
3
7
12
18
21
21
23
25
28
28
22
28
41
49
49
43
31
23
22
27
31
34
35
40
42
44
43
37
33
27
30
32
33
38
36
38
36
27
16
5
0
5
11
23
30
23
14
3
0
-4
1
3
1
-13
-13
-25
-22
-23
-21
-25
-35
-51
-63
-71
-70
-69
-71
-72
-74
-76
-74
-69
-57
-53
-46
-41
-42
-43
-43
-51
-55
-53
-52
-53
-52
-50
-48
-52
-53
-57
-57
-59
-56
-47
-41
-36
-39
-46
-51
-56
-57
-52
-43
-37
-35
-30
-25
-11
-11
-8
-7
-3
8
16
22
25
22
24
16
8
5
-5
-6
-7
-7
-12
-19
-29
-30
-29
-22
-16
-1
2
10
10
22
27
32
34
38
44
41
40
40
37
30
17
7
-7
1
3
9
13
14
14
8
1
-3
-18
-35
-54
-78
-104
-128
-148
-165
-179
-191
-195
-189
-174
-155
-144
-143
-137
-129
-113
-93
-77
-61
-51
-41
-29
-22
-12
-3
18
50
74
80
72
55
37
20
-1
-15
-24
-37
-38
-38
-37
-37
-41
-42
-47
-47
-50
-50
-53
-55
-61
-63
-66
-73
-81
-85
-82
-66
-53
-39
-18
-4
7
23
32
35
42
46
43
43
42
42
34
26
13
-12
-32
-49
-65
-78
-88
-95
-97
-100
-98
-97
-92
-85
-73
-59
-34
-11
9
29
47
59
66
70
73
74
75
71
74
72
72
72
68
71
75
76
77
72
70
69
77
88
89
79
59
34
18
5
0
7
11
22
31
36
36
32
26
20
15
1
-17
-38
-60
-76
-80
-72
-59
-48
-39
-28
-28
-26
-25
-30
-41
-57
-68
-74
-74
-66
-55
-42
-25
0
9
11
19
24
29
33
30
22
7
-8
-19
-28
-30
-23
-24
-18
-16
-7
3
13
18
18
20
18
15
10
7
6
9
14
10
2
-4
-6
-2
9
16
22
23
21
17
14
11
1
-2
-17
-22
-26
-34
-47
-65
-90
-115
-139
-159
-177
-184
-189
-183
-174
-161
-144
-131
-114
-100
-82
-64
-44
-24
-13
-9
-2
1
0
0
-6
-15
-34
-38
-43
-43
-46
-56
-68
-80
-84
-88
-87
-80
-69
-56
-51
-49
-49
-53
-58
-58
-54
-45
-28
-17
-4
2
11
12
8
6
6
9
4
11
10
15
21
20
20
15
11
1
0
3
13
22
25
28
30
39
50
64
76
89
97
98
100
103
101
102
103
107
108
111
104
97
84
65
48
27
14
-1
-20
-31
-42
-39
-52
-66
-82
-95
-93
-85
-71
-52
-33
-21
-17
-14
-13
-12
-15
-26
-39
-59
-75
-86
-90
-98
-100
-101
-101
-100
-89
-77
-64
-54
-47
-38
-24
-6
4
8
9
2
-3
-8
-14
-19
-29
-40
-52
-67
-80
-84
-96
-104
-108
-105
-103
-104
-110
-123
-129
-128
-121
-113
-104
-90
-77
-70
-69
-75
-82
-94
-100
-102
-98
-86
-75
-71
-63
-61
-56
-57
-52
-43
-26
-10
-1
-17
-14
13
66
111
139
160
169
170
165
151
142
129
120
109
102
98
95
94
96
103
108
105
94
74
49
29
12
2
-9
-4
-12
-16
-17
-22
-18
-13
-8
-14
-13
-19
-22
-27
-38
-48
-61
-73
-80
-83
-72
-51
-28
-17
-12
-7
-3
-2
-1
-3
0
8
20
32
36
31
27
21
20
26
27
30
29
27
24
16
14
3
-10
-18
-30
-32
-35
-34
-30
-30
-26
-22
-13
-8
1
1
13
17
22
27
28
38
44
51
46
45
35
30
28
16
4
-3
-6
-3
3
9
21
29
32
29
19
15
15
16
16
13
12
7
5
7
9
2
-1
-13
-16
-16
-13
-5
2
10
17
5
-3
-12
-19
-26
-25
-23
-18
-15
-13
-15
-24
-28
-26
-32
-29
-20
-12
-4
-6
-3
1
6
11
13
4
-3
-15
-26
-28
-33
-35
-38
-39
-38
-43
-47
-52
-58
-61
-64
-67
-67
-60
-56
-56
-58
-66
-74
-83
-85
-90
-87
-83
-73
-65
-59
-56
-55
-57
-59
-53
-50
-41
-32
-30
-32
-37
-42
-48
-51
-50
-47
-45
-47
-53
-67
-80
-86
-84
-71
-49
-34
-14
1
10
6
6
2
-11
-31
-44
-58
-62
-62
-59
-55
-51
-43
-29
-24
-17
-10
-7
3
8
7
7
4
6
3
0
-4
-8
-17
-31
-42
-64
-87
-108
-122
-131
-130
-122
-114
-103
-95
-89
-81
-73
-63
-54
-49
-45
-43
-47
-46
-51
-43
-39
-31
-26
-25
-29
-33
-35
-32
-21
-13
-12
-12
-9
-3
-1
1
-5
-13
-30
-38
-43
-44
-42
-45
-48
-47
-46
-47
-49
-46
-44
-40
-31
-24
-15
-16
-10
-16
-18
-24
-31
-43
-45
-42
-28
-20
-5
-5
-1
-3
3
-1
-10
-6
-11
-1
5
15
24
27
34
37
38
38
24
14
5
9
12
16
10
7
3
1
-3
-5
-15
-20
-24
-10
9
22
27
29
28
32
34
37
46
51
61
65
69
71
64
52
40
26
22
15
14
13
12
10
2
-4
-10
-21
-27
-22
-19
-4
4
6
7
4
-6
-8
-10
-11
-10
-13
-14
-18
-20
-25
-25
-29
-31
-34
-33
-39
-43
-44
-43
-43
-48
-56
-60
-64
-61
-58
-57
-56
-50
-51
-48
-50
-48
-44
-42
-32
-31
-25
-21
-14
-11
-11
-12
-21
-28
-27
-26
-22
-21
-21
-24
-25
-26
-27
-27
-27
-21
-15
-9
-7
-7
-13
-27
-29
-41
-56
-68
-77
-86
-96
-102
-103
-92
-72
-51
-40
-27
-21
-19
-23
-22
-25
-26
-28
-28
-29
-34
-43
-46
-51
-49
-44
-39
-29
-20
-12
0
3
13
23
33
49
53
52
41
31
19
8
12
7
9
9
2
-8
-20
-35
-45
-50
-41
-46
-52
-57
-56
-52
-46
-43
-43
-42
-40
-38
-35
-30
-35
-34
-36
-31
-28
-24
-10
-3
2
3
-3
-3
-7
-6
-7
-9
-24
-36
-51
-64
-63
-61
-51
-42
-32
-30
-37
-48
-51
-48
-29
-13
-1
2
6
22
35
54
71
83
84
83
80
74
66
60
54
50
43
39
26
20
17
3
-2
-4
-7
-12
-15
-15
-18
-21
-18
-12
-6
8
12
19
28
36
43
49
43
43
35
29
22
29
29
23
8
-16
-39
-57
-66
-68
-62
-56
-60
-71
-85
-91
-96
-91
-84
-75
-70
-61
-55
-52
-48
-48
-54
-63
-70
-74
-73
-69
-60
-51
-47
-43
-44
-42
-37
-39
-36
-25
-13
-8
-1
9
16
17
18
16
12
5
-5
-12
-24
-23
-18
-9
-2
2
4
3
3
-3
-4
-5
6
11
13
13
17
21
25
32
34
41
48
56
58
50
41
32
17
8
4
-4
-3
-5
-5
3
9
21
32
45
50
52
41
28
16
2
-6
-12
-11
-9
1
14
23
26
24
16
11
18
29
40
49
48
46
37
34
30
21
8
2
-5
-13
-17
-21
-29
-40
-45
-42
-39
-18
-2
13
27
44
61
69
75
79
81
83
77
69
58
49
43
41
36
36
34
36
43
47
48
48
45
39
35
30
25
16
-2
-19
-38
-55
-62
-67
-67
-66
-66
-68
-66
-59
-55
-53
-64
-84
-110
-134
-144
-137
-119
-105
-90
-90
-89
-92
-101
-102
-103
-105
-104
-101
-97
-95
-101
-99
-98
-91
-94
-94
-93
-87
-78
-67
-49
-22
4
14
22
23
14
-1
-24
-50
-76
-95
-96
-87
-71
-48
-24
0
15
31
45
57
71
82
88
92
96
97
93
85
75
64
51
34
22
12
3
-8
-22
-34
-37
-42
-44
-41
-41
-29
-25
-16
-19
-16
-14
-10
-6
0
1
-1
-4
-4
-4
-7
2
8
13
13
14
9
6
8
10
2
-1
-11
-20
-31
-30
-35
-39
-43
-46
-52
-52
-56
-58
-60
-62
-58
-50
-43
-32
-21
-7
-1
-1
0
-11
-15
-25
-35
-41
-41
-43
-39
-33
-24
-19
-24
-28
-36
-43
-48
-49
-46
-41
-42
-45
-54
-60
-65
-75
-79
-77
-71
-67
-61
-57
-53
-52
-57
-69
-88
-103
-114
-118
-116
-109
-102
-93
-85
-77
-75
-73
-75
-79
-75
-69
-57
-53
-43
-35
-35
-35
-39
-46
-56
-63
-55
-45
-30
-25
-29
-38
-42
-49
-57
-59
-55
-51
-49
-42
-36
-35
-32
-31
-26
-23
-17
-8
-8
-6
-8
-1
11
21
27
26
30
34
40
39
35
29
30
39
42
44
42
35
27
12
3
-4
-11
-8
-2
6
8
16
22
32
41
50
54
50
44
38
35
33
38
41
50
51
54
48
34
25
5
-9
-16
-22
-28
-39
-56
-73
-97
-120
-139
-155
-159
-160
-150
-144
-131
-125
-118
-112
-104
-97
-92
-89
-85
-82
-79
-70
-59
-38
-24
-20
-17
-17
-1
11
13
19
17
24
34
42
47
49
48
50
53
54
56
46
43
31
23
12
5
-3
-9
-11
-8
-1
3
9
15
15
14
16
21
30
41
46
47
47
49
51
46
39
34
25
21
15
9
4
3
2
-1
-1
3
8
10
7
2
3
-1
5
7
5
0
-3
-4
-5
-8
-11
-14
-25
-24
-31
-32
-43
-56
-70
-81
-82
-84
-86
-86
-90
-88
-88
-89
-89
-85
-82
-78
-73
-64
-53
-37
-21
-1
-1
2
9
19
23
37
43
54
58
67
72
67
67
68
62
64
61
62
66
67
55
47
30
23
17
14
21
20
19
21
25
20
19
11
7
8
5
4
-3
2
7
12
9
8
-5
-11
-14
-16
-18
-20
-23
-19
-20
-23
-24
-25
-25
-26
-23
-22
-14
0
12
16
17
18
10
8
10
19
12
13
2
2
-3
4
11
15
15
19
16
17
20
24
23
23
12
-1
-1
-4
-13
-22
-25
-25
-29
-32
-43
-57
-61
-56
-45
-40
-38
-42
-53
-61
-67
-67
-69
-64
-58
-51
-46
-44
-40
-38
-39
-35
-36
-31
-28
-26
-25
-29
-36
-49
-50
-53
-54
-55
-50
-39
-29
-26
-28
-35
-41
-44
-43
-39
-35
-33
-37
-43
-51
-61
-64
-68
-64
-65
-74
-76
-79
-69
-63
-57
-58
-56
-55
-51
-41
-22
-1
18
30
38
36
33
26
22
21
24
21
20
20
15
10
-7
-11
-18
-22
-23
-26
-29
-33
-32
-23
-16
-7
-6
2
1
6
7
4
-1
-13
-18
-18
-8
8
25
28
26
27
23
25
28
30
28
19
8
-6
-16
-25
-34
-37
-45
-53
-56
-55
-46
-44
-46
-47
-44
-42
-37
-41
-36
-29
-22
-22
-22
-18
-10
-7
-16
-18
-26
-37
-48
-56
-66
-73
-75
-74
-75
-75
-70
-68
-61
-55
-49
-42
-39
-22
-12
-8
9
11
8
5
1
-10
-6
-6
-4
-6
-11
-15
-25
-16
-16
-13
-14
-22
-31
-36
-40
-49
-53
-53
-47
-38
-37
-39
-42
-40
-36
-34
-29
-26
-18
-4
-3
-1
-1
-4
-13
-22
-31
-36
-25
-14
-2
5
10
15
6
5
5
8
10
9
1
-2
-4
-5
3
11
18
29
26
26
25
21
24
23
25
29
34
45
50
54
55
48
40
27
21
10
6
5
9
4
5
1
-5
-10
-17
-19
-31
-37
-41
-48
-53
-62
-69
-75
-83
-83
-85
-84
-79
-73
-73
-76
-83
-88
-89
-90
-91
-92
-88
-81
-80
-83
-86
-90
-94
-91
-85
-76
-69
-65
-67
-71
-76
-77
-81
-76
-69
-61
-59
-58
-57
-56
-46
-36
-29
-28
-28
-27
-32
-41
-52
-63
-72
-79
-83
-83
-80
-82
-87
-88
-88
-85
-86
-85
-81
-78
-74
-71
-69
-64
-55
-45
-30
-22
-12
-9
-2
2
5
8
4
-3
-14
-26
-34
-34
-31
-25
-20
-9
-7
-4
-9
-18
-25
-37
-53
-70
-79
-84
-83
-76
-70
-70
-84
-100
-118
-130
-132
-128
-115
-102
-85
-69
-57
-50
-47
-47
-53
-59
-70
-82
-93
-107
-122
-130
-130
-127
-122
-116
-108
-103
-96
-90
-90
-88
-81
-64
-51
-35
-22
-9
-5
-11
-12
-7
4
32
57
81
101
115
123
128
137
148
157
158
152
145
140
136
132
128
131
135
133
128
116
106
93
79
68
53
37
24
6
-5
-7
-15
-25
-25
-21
-16
-11
-5
-1
0
-1
-6
-10
-9
0
5
16
24
29
29
26
27
31
29
26
17
0
-13
-30
-48
-66
-73
-77
-80
-81
-84
-88
-92
-93
-88
-80
-68
-59
-54
-52
-48
-50
-52
-58
-63
-62
-59
-54
-47
-50
-48
-46
-44
-37
-34
-29
-21
-15
-8
2
5
11
11
23
15
20
9
4
6
8
-6
-17
-27
-35
-36
-36
-31
-26
-23
-13
-10
-5
-2
-1
6
6
9
14
25
36
41
43
45
43
42
40
37
33
29
23
16
19
17
19
21
24
24
21
17
10
17
22
24
24
18
10
-4
-16
-21
-22
-16
-16
-20
-17
-14
-9
-4
-4
-8
-14
-16
-10
-23
-25
-20
-22
-19
-12
-9
-4
-2
3
5
8
14
17
21
24
27
27
25
25
24
17
1
-11
-19
-36
-46
-53
-58
-63
-62
-63
-68
-73
-85
-95
-108
-115
-121
-122
-116
-99
-77
-49
-21
-9
-1
-4
-5
-5
-4
-10
-9
-13
-14
-18
-16
-14
-11
-10
-6
-7
-9
-23
-42
-46
-48
-44
-37
-31
-25
-23
-15
-16
-14
-9
-4
1
1
9
7
13
12
15
14
22
28
34
37
41
48
57
69
80
90
104
115
121
120
118
118
118
117
117
110
100
93
83
73
61
48
35
13
-9
-32
-42
-42
-35
-21
-14
-6
-1
-1
-2
5
6
8
8
15
18
23
27
23
23
20
17
14
9
9
3
-6
-11
-25
-34
-39
-44
-40
-42
-45
-45
-50
-52
-58
-64
-68
-69
-76
-87
-93
-96
-96
-98
-98
-98
-98
-91
-85
-85
-87
-86
-86
-84
-85
-79
-70
-58
-52
-47
-39
-24
-5
6
10
16
16
14
17
16
16
16
21
26
25
26
25
20
17
15
-2
-3
-6
-5
-1
-2
-5
-5
-11
-9
-14
-17
-19
-26
-32
-43
-48
-50
-46
-40
-36
-29
-25
-21
-28
-38
-43
-38
-32
-26
-24
-23
-23
-10
0
9
14
13
5
-3
-10
-11
-10
2
8
19
19
25
25
21
22
20
22
27
41
54
60
65
66
64
57
57
50
44
34
22
12
10
7
2
1
-5
-10
-13
-10
-4
2
11
19
28
38
43
51
49
47
33
21
10
3
2
3
0
-7
-12
-16
-25
-19
-17
-11
-5
-10
-12
-22
-24
-30
-36
-43
-50
-66
-69
-71
-64
-56
-45
-38
-37
-35
-34
-33
-27
-20
-9
3
17
27
25
25
15
8
-5
-23
-41
-58
-65
-65
-65
-73
-80
-87
-93
-98
-101
-97
-88
-69
-51
-36
-22
-11
-6
-9
-15
-23
-29
-36
-41
-49
-60
-65
-67
-72
-72
-66
-63
-60
-53
-52
-58
-68
-81
-85
-90
-86
-88
-87
-89
-95
-107
-124
-141
-157
-171
-176
-172
-162
-145
-127
-110
-98
-84
-69
-53
-48
-45
-46
-42
-36
-31
-32
-25
-17
-9
8
16
24
25
20
19
22
21
25
24
24
23
20
18
11
7
-1
-6
-9
-10
-7
-4
-3
-3
-10
-6
-6
9
22
38
47
52
57
57
57
56
55
53
52
50
48
45
38
35
30
27
27
28
36
41
53
60
63
62
64
63
59
54
46
44
53
65
74
76
66
50
24
3
-21
-39
-48
-48
-47
-47
-43
-29
-13
9
24
40
42
44
45
38
40
41
41
43
46
45
40
30
22
11
-4
-18
-34
-49
-59
-56
-49
-38
-32
-36
-47
-52
-59
-61
-57
-33
-23
-13
-14
-19
-20
-24
-23
-22
-23
-20
-24
-32
-44
-54
-66
-74
-79
-83
-83
-82
-81
-86
-96
-109
-116
-117
-113
-103
-97
-95
-89
-76
-66
-55
-41
-34
-14
-1
13
27
41
49
46
36
28
28
23
23
23
17
11
6
9
19
22
26
25
21
18
17
20
18
15
13
4
5
4
-4
-13
