-50
-54
-56
-52
-59
-61
-68
-65
-69
-64
-56
-40
-22
-3
17
26
33
34
32
25
18
13
2
-3
-7
-6
-8
-11
-13
-19
-21
-21
-24
-25
-32
-37
-42
-48
-42
-41
-39
-32
-26
-24
-21
-12
-9
-9
-9
-8
-6
-6
-1
3
6
-1
-4
-14
-19
-29
-32
-36
-44
-47
-50
-57
-56
-53
-49
-43
-38
-33
-36
-40
-42
-42
-42
-46
-47
-52
-52
-48
-50
-50
-53
-51
-49
-49
-47
-48
-50
-56
-59
-65
-63
-59
-57
-53
-49
-43
-44
-38
-39
-40
-44
-51
-53
-56
-51
-46
-42
-39
-44
-50
-56
-57
-50
-45
-35
-25
-20
-17
-13
-18
-17
-16
-10
-9
-10
-13
-17
-26
-34
-41
-50
-55
-60
-64
-72
-80
-80
-88
-83
-78
-72
-68
-67
-65
-69
-71
-77
-77
-71
-63
-53
-48
-36
-27
-22
-19
-9
-6
-9
-9
-11
-3
-8
-9
-17
-21
-22
-23
-25
-27
-23
-25
-30
-34
-37
-40
-48
-53
-62
-64
-62
-57
-56
-52
-46
-41
-38
-34
-34
-35
-36
-35
-40
-48
-56
-61
-68
-68
-65
-60
-57
-54
-50
-54
-55
-64
-70
-75
-72
-66
-61
-53
-47
-39
-38
-35
-37
-41
-42
-42
-44
-53
-49
-52
-53
-58
-55
-54
-57
-60
-68
-66
-61
-50
-37
-32
-23
-23
-21
-23
-23
-19
-23
-20
-22
-23
-31
-33
-37
-38
-33
-31
-32
-35
-30
-33
-29
-31
-36
-44
-46
-46
-52
-50
-46
-46
-46
-51
-48
-53
-56
-64
-64
-75
-74
-73
-67
-54
-44
-33
-28
-24
-19
-16
-24
-19
-19
-19
-21
-26
-36
-42
-46
-48
-54
-54
-53
-52
-53
-45
-42
-36
-25
-19
-14
-15
-8
-10
-10
-13
-20
-29
-43
-46
-56
-56
-49
-38
-27
-13
-1
5
10
11
9
5
-2
-7
-20
-24
-25
-20
-21
-22
-23
-29
-37
-48
-55
-57
-50
-36
-27
-18
-16
-6
-2
4
8
4
4
5
3
-1
-10
-18
-25
-32
-37
-49
-54
-53
-49
-45
-39
-27
-24
-18
-16
-15
-24
-29
-35
-40
-44
-45
-47
-54
-57
-55
-54
-47
-43
-36
-40
-44
-43
-47
-42
-36
-33
-33
-41
-45
-51
-54
-47
-46
-49
-55
-62
-65
-59
-57
-54
-49
-40
-35
-32
-39
-38
-35
-29
-20
-19
-30
-41
-54
-68
-78
-81
-86
-92
-100
-98
-107
-109
-108
-104
-93
-87
-76
-72
-71
-72
-67
-64
-57
-50
-50
-50
-55
-58
-70
-76
-79
-82
-79
-81
-76
-76
-73
-70
-68
-61
-54
-47
-42
-41
-35
-31
-25
-25
-24
-30
-35
-42
-49
-53
-53
-52
-51
-43
-46
-46
-49
-44
-42
-36
-35
-41
-44
-48
-49
-50
-46
-44
-46
-47
-50
-42
-38
-34
-31
-35
-40
-42
-42
-43
-37
-26
-17
-18
-16
-12
-7
-9
-15
-19
-22
-27
-19
-24
-21
-20
-24
-28
-36
-49
-65
-75
-71
-61
-57
-50
-47
-48
-44
-46
-42
-43
-40
-42
-47
-50
-55
-66
-71
-72
-71
-68
-67
-63
-61
-61
-60
-64
-61
-54
-39
-31
-20
-12
-14
-25
-25
-31
-33
-36
-35
-33
-44
-55
-56
-63
-56
-45
-31
-18
-9
-1
-1
2
2
2
-6
-8
-10
-13
-22
-28
-35
-43
-50
-47
-36
-33
-24
-27
-27
-22
-18
-8
-2
-3
2
1
6
-1
-2
-1
0
-5
-13
-19
-25
-33
-36
-38
-43
-41
-31
-27
-20
-17
-9
-6
-3
1
-5
-11
-18
-21
-24
-25
-24
-24
-32
-33
-39
-48
-57
-54
-57
-56
-60
-56
-61
-54
-46
-39
-40
-36
-37
-44
-53
-63
-66
-74
-70
-72
-73
-66
-61
-57
-57
-50
-51
-47
-46
-44
-45
-45
-41
-40
-39
-38
-37
-42
-47
-50
-56
-66
-79
-80
-87
-87
-83
-74
-65
-50
-37
-31
-25
-23
-31
-40
-52
-54
-57
-54
-57
-59
-64
-61
-55
-50
-45
-34
-27
-25
-25
-29
-30
-28
-26
-23
-25
-25
-28
-33
-28
-22
-15
-16
-14
-23
-25
-33
-38
-37
-38
-28
-27
-28
-30
-21
-15
-15
-11
-12
-10
-13
-16
-21
-28
-27
-28
-35
-39
-37
-38
-39
-41
-46
-46
-43
-34
-26
-21
-13
-17
-26
-33
-36
-33
-32
-29
-29
-34
-38
-43
-57
-72
-82
-96
-109
-118
-130
-141
-148
-146
-132
-120
-99
-81
-64
-48
-34
-24
-23
-14
-9
-3
1
9
12
8
8
-2
-11
-22
-20
-24
-25
-27
-36
-42
-54
-57
-59
-53
-43
-33
-30
-30
-27
-37
-44
-53
-53
-59
-63
-65
-74
-74
-74
-69
-67
-65
-64
-69
-72
-71
-72
-79
-87
-96
-99
-99
-92
-80
-72
-54
-42
-36
-24
-16
-8
-10
-5
-6
-7
-16
-24
-34
-43
-47
-60
-69
-73
-73
-71
-66
-69
-72
-81
-91
-89
-88
-80
-74
-67
-67
-72
-69
-72
-69
-66
-62
-65
-60
-52
-50
-52
-56
-55
-56
-56
-53
-50
-47
-42
-33
-25
-19
-16
-15
-13
-10
-12
-19
-23
-21
-24
-23
-20
-18
-18
-12
-8
-6
4
13
18
19
17
12
8
5
8
3
-1
-3
-10
-12
-19
-20
-22
-18
-16
-13
-16
-14
-1
5
10
15
18
15
12
11
11
17
20
24
25
22
21
9
7
10
8
2
-3
-11
-19
-19
-16
-1
14
26
34
37
32
20
7
-7
-8
-14
-15
-22
-28
-34
-39
-37
-37
-34
-31
-28
-34
-41
-48
-56
-61
-64
-55
-51
-43
-42
-39
-48
-52
-58
-67
-69
-70
-64
-56
-49
-37
-40
-37
-44
-46
-51
-53
-55
-57
-57
-54
-50
-50
-53
-55
-66
-73
-83
-87
-88
-81
-72
-70
-62
-57
-52
-52
-50
-49
-49
-47
-43
-43
-45
-48
-56
-59
-66
-69
-81
-87
-84
-79
-77
-71
-60
-56
-52
-52
-47
-51
-54
-51
-56
-60
-64
-70
-73
-74
-74
-81
-87
-91
-93
-94
-90
-82
-69
-54
-37
-21
-7
4
13
9
12
9
12
2
-6
-20
-33
-47
-56
-66
-76
-82
-89
-96
-103
-103
-101
-103
-99
-95
-89
-76
-59
-41
-24
-11
-8
-10
-18
-20
-27
-28
-31
-38
-51
-66
-73
-88
-99
-103
-106
-100
-88
-75
-70
-60
-56
-51
-36
-28
-15
-12
-9
-9
-19
-24
-36
-39
-45
-52
-54
-53
-55
-48
-43
-48
-47
-41
-31
-23
-16
-18
-20
-22
-21
-19
-22
-15
-20
-24
-31
-38
-42
-49
-51
-57
-60
-64
-58
-54
-45
-30
-20
-11
-4
6
10
16
19
24
30
32
33
27
23
19
12
10
5
1
-2
-4
-3
-6
-12
-24
-28
-37
-46
-49
-51
-46
-37
-35
-36
-44
-48
-55
-62
-63
-62
-71
-71
-74
-75
-83
-87
-89
-90
-82
-72
-68
-70
-68
-67
-62
-55
-44
-34
-27
-22
-28
-32
-40
-38
-38
-35
-33
-27
-20
-18
-8
-6
-6
-5
-8
-13
-13
-13
-18
-24
-34
-37
-47
-54
-61
-67
-64
-61
-52
-50
-39
-43
-42
-39
-36
-28
-28
-27
-28
-33
-33
-29
-25
-29
-28
-28
-29
-27
-29
-26
-28
-26
-33
-37
-38
-37
-42
-36
-40
-49
-54
-61
-65
-67
-68
-65
-65
-69
-66
-57
-52
-49
-50
-56
-56
-62
-59
-61
-61
-60
-61
-67
-74
-80
-84
-82
-78
-73
-65
-53
-40
-28
-23
-20
-13
-15
-9
-15
-27
-38
-36
-35
-41
-37
-37
-39
-40
-46
-43
-42
-38
-34
-28
-23
-19
-11
-5
-4
-7
-9
-11
-13
-16
-23
-22
-35
-38
-49
-52
-54
-50
-43
-38
-33
-29
-18
-19
-23
-21
-29
-32
-32
-32
-32
-27
-28
-28
-33
-35
-32
-31
-29
-27
-27
-29
-32
-36
-40
-46
-47
-52
-57
-61
-63
-67
-65
-67
-61
-61
-56
-51
-55
-46
-41
-43
-49
-53
-57
-59
-61
-57
-51
-49
-40
-35
-37
-30
-28
-30
-27
-20
-17
-14
-13
-6
-8
-8
-7
-11
-17
-21
-27
-34
-38
-39
-38
-41
-54
-53
-56
-51
-45
-47
-51
-57
-63
-69
-69
-69
-64
-59
-56
-52
-56
-58
-58
-56
-59
-57
-59
-69
-75
-82
-87
-93
-96
-100
-104
-107
-109
-115
-123
-128
-134
-134
-127
-109
-96
-81
-66
-52
-38
-28
-16
-11
-3
2
4
-1
0
0
-1
0
-1
-7
-14
-21
-27
-27
-29
-23
-26
-29
-27
-18
-16
-16
-15
-9
-5
1
8
4
3
-3
-6
-11
-12
-16
-18
-15
-8
1
-7
-2
-5
-4
-4
-6
-11
-19
-19
-19
-15
-18
-16
-12
-11
-7
-7
-13
-21
-31
-40
-51
-61
-65
-74
-74
-69
-69
-69
-67
-71
-73
-78
-80
-83
-80
-71
-60
-50
-45
-40
-41
-37
-35
-32
-27
-27
-30
-36
-38
-34
-32
-31
-30
-30
-30
-28
-24
-11
-7
2
7
8
8
7
0
-10
-15
-24
-19
-15
-10
-10
-13
-17
-23
-29
-41
-38
-44
-44
-40
-39
-40
-44
-46
-46
-48
-48
-51
-51
-50
-43
-49
-51
-54
-56
-55
-50
-43
-47
-45
-45
-40
-45
-54
-59
-64
-62
-62
-62
-64
-59
-61
-58
-57
-56
-58
-66
-70
-74
-73
-75
-72
-72
-63
-59
-49
-46
-37
-29
-17
-12
-6
-10
-19
-30
-35
-42
-34
-28
-21
-19
-19
-20
-25
-26
-28
-28
-25
-27
-22
-28
-29
-36
-43
-56
-63
-69
-76
-76
-77
-77
-78
-80
-81
-81
-75
-71
-63
-62
-61
-59
-62
-63
-65
-64
-68
-65
-63
-62
-64
-58
-53
-52
-40
-36
-27
-23
-20
-20
-24
-24
-32
-33
-43
-44
-45
-43
-36
-36
-40
-56
-63
-66
-63
-54
-43
-38
-31
-26
-26
-24
-23
-22
-24
-35
-39
-50
-58
-56
-55
-52
-50
-48
-48
-48
-51
-46
-48
-41
-39
-41
-40
-38
-34
-36
-31
-28
-30
-31
-33
-43
-50
-57
-58
-62
-55
-46
-39
-42
-47
-56
-56
-55
-45
-39
-38
-32
-34
-29
-28
-19
-17
-14
-13
-10
-13
-16
-11
-18
-18
-21
-25
-33
-39
-44
-47
-46
-42
-42
-43
-49
-51
-53
-49
-48
-49
-54
-59
-65
-69
-67
-60
-49
-52
-50
-55
-53
-49
-46
-51
-57
-56
-59
-50
-43
-37
-28
-28
-30
-33
-39
-39
-33
-33
-36
-36
-40
-39
-37
-32
-31
-28
-24
-30
-30
-35
-34
-35
-37
-43
-46
-57
-70
-76
-83
-85
-92
-98
-105
-114
-116
-120
-112
-101
-91
-83
-72
-64
-61
-57
-62
-59
-63
-64
-67
-70
-76
-78
-76
-81
-80
-79
-80
-79
-74
-70
-63
-59
-58
-60
-61
-64
-58
-63
-57
-56
-54
-52
-45
-37
-31
-26
-22
-19
-25
-22
-26
-25
-22
-26
-28
-31
-34
-39
-45
-43
-44
-45
-45
-37
-35
-22
-15
-5
-5
-4
-4
-8
-6
-3
2
9
14
21
19
15
11
9
5
0
-6
-10
-15
-17
-20
-22
-23
-26
-24
-26
-21
-21
-19
-18
-25
-37
-51
-58
-63
-63
-51
-43
-33
-26
-21
-24
-25
-24
-29
-30
-26
-19
-10
-6
1
2
-2
-10
-17
-24
-28
-27
-23
-23
-26
-26
-32
-33
-37
-43
-49
-49
-46
-46
-44
-43
-42
-46
-45
-47
-55
-60
-64
-69
-73
-78
-82
-85
-85
-84
-81
-84
-79
-78
-76
-74
-66
-62
-62
-60
-59
-58
-57
-57
-53
-60
-58
-63
-68
-72
-71
-66
-60
-45
-29
-19
-16
-12
-12
-7
-3
2
5
9
14
13
14
14
17
19
24
28
27
28
34
41
45
47
47
41
40
39
39
38
39
36
32
26
21
17
18
30
38
44
46
49
45
37
30
24
24
33
37
39
35
35
33
31
30
29
26
20
22
15
12
10
11
1
-7
-15
-23
-22
-28
-26
-28
-31
-36
-40
-45
-51
-49
-47
-38
-35
-32
-39
-44
-49
-50
-48
-42
-39
-37
-38
-41
-45
-41
-41
-32
-35
-27
-27
-26
-30
-37
-43
-49
-53
-64
-80
-91
-98
-101
-101
-97
-95
-92
-90
-85
-82
-78
-74
-70
-67
-63
-60
-58
-53
-50
-42
-52
-64
-64
-72
-74
-78
-81
-82
-81
-78
-76
-75
-72
-70
-66
-61
-61
-63
-64
-60
-55
-49
-45
-43
-47
-48
-59
-67
-71
-70
-72
-70
-64
-59
-46
-41
-35
-30
-31
-33
-34
-37
-41
-45
-45
-51
-50
-45
-42
-42
-31
-34
-38
-41
-33
-33
-28
-33
-34
-45
-43
-42
-41
-43
-45
-46
-43
-47
-48
-48
-51
-56
-63
-73
-75
-74
-67
-58
-49
-38
-40
-37
-34
-30
-25
-20
-18
-25
-30
-39
-49
-49
-53
-57
-72
-80
-85
-91
-91
-83
-74
-57
-40
-30
-28
-27
-28
-35
-37
-40
-44
-49
-49
-48
-56
-64
-71
-78
-82
-89
-93
-103
-106
-99
-88
-79
-68
-61
-59
-56
-49
-46
-44
-44
-41
-44
-47
-45
-47
-48
-50
-45
-43
-37
-33
-28
-30
-30
-32
-36
-30
-25
-21
-25
-24
-25
-25
-26
-27
-31
-35
-39
-37
-33
-34
-35
-39
-44
-48
-52
-51
-50
-46
-42
-36
-34
-35
-35
-41
-44
-52
-61
-66
-72
-71
-66
-59
-46
-37
-28
-25
-29
-29
-31
-39
-44
-48
-57
-63
-64
-61
-60
-55
-54
-56
-58
-56
-52
-47
-38
-26
-16
-14
-11
-15
-15
-20
-23
-24
-41
-55
-65
-74
-78
-75
-77
-78
-68
-67
-60
-54
-45
-41
-39
-34
-33
-31
-29
-27
-22
-20
-21
-26
-31
-36
-32
-29
-29
-29
-26
-29
-29
-28
-30
-36
-39
-44
-46
-50
-45
-50
-48
-43
-42
-41
-39
-41
-38
-31
-26
-21
-30
-35
-48
-57
-60
-61
-57
-63
-63
-68
-76
-80
-82
-79
-76
-67
-63
-65
-64
-66
-65
-64
-58
-56
-50
-44
-30
-23
-22
-13
-19
-20
-18
-6
-10
-13
-19
-26
-32
-27
-20
-18
-17
-18
-22
-27
-22
-16
-16
-15
-17
-25
-41
-58
-72
-89
-97
-103
-106
-111
-109
-105
-100
-98
-89
-82
-79
-76
-75
-72
-62
-56
-51
-46
-41
-36
-34
-31
-22
-21
-28
-32
-37
-42
-43
-43
-42
-44
-42
-36
-31
-27
-24
-22
-17
-13
-10
-16
-17
-17
-17
-16
-8
-12
-13
-22
-23
-29
-33
-28
-22
-24
-25
-27
-35
-40
-40
-40
-39
-36
-33
-32
-28
-27
-25
-24
-19
-12
-16
-8
-2
8
14
23
29
29
29
24
21
12
12
9
5
3
6
2
-3
-6
-14
-15
-19
-16
-12
-10
-9
-20
-24
-30
-27
-27
-27
-28
-30
-34
-42
-39
-45
-46
-49
-51
-57
-57
-55
-57
-56
-51
-43
-41
-34
-36
-41
-49
-58
-70
-82
-81
-82
-78
-78
-77
-77
-71
-61
-49
-42
-31
-22
-8
-3
-3
-2
-11
-16
-24
-31
-35
-33
-37
-43
-47
-51
-55
-59
-52
-50
-45
-41
-38
-37
-33
-22
-19
-17
-16
-16
-20
-26
-27
-25
-25
-23
-21
-18
-24
-25
-33
-34
-39
-33
-31
-29
-27
-27
-28
-27
-36
-39
-43
-46
-49
-56
-59
-55
-57
-57
-63
-61
-62
-55
-53
-50
-51
-47
-42
-46
-52
-57
-63
-74
-79
-83
-86
-83
-85
-86
-90
-94
-97
-101
-98
-94
-91
-91
-86
-80
-64
-44
-32
-28
-33
-33
-43
-51
-53
-58
-61
-63
-61
-60
-60
-61
-59
-56
-50
-43
-43
-43
-43
-49
-59
-67
-73
-78
-74
-61
-50
-47
-46
-46
-52
-57
-58
-62
-67
-75
-80
-85
-87
-87
-87
-86
-80
-72
-62
-53
-43
-42
-46
-47
-55
-60
-63
-62
-60
-58
-56
-53
-51
-51
-43
-41
-37
-29
-30
-22
-26
-22
-29
-33
-41
-44
-53
-53
-48
-48
-45
-39
-33
-39
-38
-37
-34
-27
-24
-21
-20
-15
-14
-12
-3
7
17
21
22
16
5
-3
-11
-16
-26
-38
-49
-59
-66
-65
-66
-57
-42
-27
-25
-32
-40
-49
-46
-40
-28
-20
-15
-16
-21
-21
-24
-28
-30
-33
-29
-33
-31
-33
-32
-43
-50
-53
-57
-56
-58
-57
-61
-64
-66
-72
-76
-73
-64
-56
-50
-46
-45
-47
-52
-57
-68
-74
-83
-86
-95
-90
-91
-87
-84
-79
-73
-73
-59
-50
-37
-26
-21
-19
-17
-14
-19
-19
-22
-30
-30
-29
-29
-34
-32
-22
-6
4
13
25
32
34
34
35
31
28
31
28
35
39
43
46
48
45
32
18
6
-4
-13
-27
-32
-41
-44
-42
-39
-39
-40
-38
-41
-40
-43
-44
-49
-46
-43
-41
-41
-33
-29
-25
-22
-22
-26
-24
-30
-24
-27
-27
-22
-22
-26
-31
-36
-43
-44
-43
-47
-45
-50
-52
-50
-46
-41
-38
-39
-34
-39
-39
-40
-41
-48
-55
-56
-57
-55
-52
-52
-56
-60
-64
-75
-76
-77
-74
-77
-83
-88
-93
-91
-87
-81
-81
-79
-74
-74
-69
-63
-63
-63
-61
-63
-64
-68
-74
-84
-91
-93
-90
-88
-80
-69
-61
-52
-44
-38
-33
-31
-31
-27
-26
-21
-17
-19
-17
-8
-5
-5
-6
-9
-16
-18
-16
-21
-19
-20
-20
-24
-28
-31
-32
-30
-29
-30
-35
-40
-47
-52
-63
-67
-67
-73
-70
-67
-60
-46
-35
-16
-12
-9
-6
-7
-6
-3
-10
-14
-16
-14
-17
-18
-18
-26
-30
-35
-34
-37
-39
-36
-38
-34
-36
-42
-46
-51
-50
-45
-41
-35
-30
-29
-31
-30
-36
-29
-32
-30
-42
-45
-51
-57
-55
-59
-61
-63
-55
-49
-43
-34
-27
-30
-35
-33
-30
-27
-18
-7
1
-1
0
-3
-3
-10
-12
-19
-27
-28
-46
-58
-70
-73
-74
-70
-59
-49
-43
-39
-40
-36
-35
-29
-27
-24
-22
-20
-22
-20
-15
-8
-9
-12
-25
-36
-52
-61
-63
-65
-66
-67
-70
-69
-72
-71
-66
-59
-51
-55
-50
-46
-47
-49
-47
-47
-47
-45
-45
-45
-45
-40
-34
-33
-30
-34
-31
-33
-29
-23
-22
-22
-18
-17
-17
-14
-23
-27
-34
-31
-31
-36
-40
-48
-62
-70
-71
-72
-69
-67
-66
-60
-62
-56
-57
-57
-55
-53
-53
-43
-37
-32
-34
-36
-40
-46
-45
-37
-39
-36
-38
-45
-52
-50
-49
-48
-45
-41
-35
-34
-38
-43
-39
-32
-19
-13
-16
-19
-26
-30
-37
-38
-37
-33
-32
-28
-30
-39
-48
-54
-52
-45
-39
-30
-25
-20
-23
-28
-20
-17
-13
-13
-5
-10
-11
-18
-15
-24
-28
-33
-37
-42
-42
-48
-54
-59
-64
-63
-58
-56
-52
-62
-66
-78
-82
-86
-80
-78
-79
-76
-77
-76
-75
-79
-72
-76
-70
-69
-65
-59
-51
-40
-37
-29
-35
-35
-37
-34
-31
-30
-33
-34
-35
-33
-28
-32
-31
-30
-31
-28
-31
-25
-30
-35
-40
-47
-50
-50
-48
-46
-44
-42
-41
-42
-46
-49
-59
-62
-64
-61
-66
-65
-64
-67
-66
-55
-48
-43
-38
-37
-34
-28
-27
-25
-32
-32
-33
-33
-30
-28
-25
-25
-20
-21
-26
-36
-41
-41
-36
-25
-23
-23
-24
-23
-20
-23
-27
-41
-48
-56
-58
-56
-51
-47
-50
-57
-64
-69
-67
-64
-59
-50
-44
-43
-47
-55
-59
-60
-55
-54
-53
-56
-54
-48
-44
-44
-43
-43
-46
-41
-38
-35
-35
-35
-38
-37
-42
-42
-48
-50
-55
-42
-31
-22
-12
-6
-1
2
6
4
2
-4
-11
-12
-20
-24
-31
-43
-47
-46
-43
-37
-30
-29
-38
-46
-50
-56
-52
-44
-38
-33
-37
-37
-44
-43
-39
-38
-38
-37
-38
-38
-43
-42
-40
-41
-40
-42
-49
-50
-49
-42
-34
-26
-29
-25
-30
-22
-15
-23
-24
-32
-40
-49
-56
-58
-68
-72
-78
-86
-91
-92
-93
-95
-92
-90
-87
-81
-75
-70
-64
-54
-47
-45
-42
-41
-41
-34
-32
-28
-18
-14
-1
1
-1
-4
-12
-21
-31
-33
-34
-30
-27
-25
-37
-42
-49
-58
-59
-53
-48
-39
-43
-41
-42
-44
-39
-39
-36
-31
-29
-32
-24
-23
-21
-23
-23
-25
-28
-35
-38
-40
-45
-44
-50
-54
-59
-54
-48
-45
-43
-39
-40
-37
-36
-35
-40
-45
-56
-60
-64
-61
-61
-59
-58
-57
-58
-60
-56
-57
-46
-36
-21
-17
-13
-13
-19
-23
-23
-23
-25
-32
-35
-38
-42
-44
-48
-54
-51
-55
-60
-60
-53
-37
-26
-18
-10
-10
-7
-1
1
-5
-7
-15
-24
-30
-36
-42
-44
-44
-43
-45
-47
-46
-49
-53
-47
-43
-40
-38
-39
-43
-44
-42
-44
-39
-40
-39
-40
-43
-42
-44
-41
-41
-29
-28
-26
-28
-27
-25
-21
-15
-13
-14
-18
-19
-27
-26
-24
-28
-26
-20
-18
-22
-14
-13
-12
-12
-13
-13
-17
-13
-11
-5
-9
-9
-14
-19
-21
-23
-23
-21
-16
-19
-25
-45
-55
-66
-74
-76
-81
-87
-92
-100
-104
-105
-94
-79
-57
-37
-18
-8
-6
-3
-5
-4
1
5
6
1
-2
-14
-16
-18
-16
-20
-25
-33
-46
-57
-65
-65
-72
-66
-69
-73
-81
-94
-100
-106
-102
-100
-97
-97
-84
-79
-76
-70
-66
-59
-52
-46
-40
-35
-30
-27
-29
-32
-28
-34
-33
-30
-27
-21
-26
-23
-35
-37
-41
-37
-37
-34
-29
-30
-30
-25
-30
-33
-31
-29
-31
-31
-39
-44
-57
-64
-71
-68
-69
-64
-57
-50
-40
-31
-24
-15
-7
-5
-7
-10
-13
-13
-13
-7
-5
-7
-14
-18
-24
-25
-23
-22
-22
-25
-26
-34
-45
-51
-61
-69
-72
-74
-69
-63
-50
-45
-42
-42
-44
-45
-43
-45
-53
-58
-61
-65
-65
-63
-52
-50
-43
-36
-27
-25
-18
-15
-13
-12
-12
-7
-16
-22
-28
-36
-39
-50
-53
-59
-64
-66
-76
-79
-80
-79
-86
-85
-84
-81
-73
-69
-64
-64
-62
-60
-59
-58
-59
-63
-69
-72
-78
-82
-88
-89
-97
-99
-97
-92
-86
-73
-53
-40
-30
-29
-28
-31
-31
-35
-36
-36
-30
-24
-27
-29
-34
-41
-39
-38
-31
-29
-18
-11
-1
5
16
26
29
27
23
16
8
0
-8
-18
-20
-23
-24
-28
-30
-34
-40
-41
-48
-43
-45
-38
-38
-45
-47
-53
-56
-55
-54
-57
-55
-58
-52
-47
-39
-27
-23
-18
-12
-3
-4
-7
-7
-11
-13
-10
-8
-9
-13
-10
-6
-3
-5
-12
-23
-33
-39
-45
-40
-35
-33
-38
-44
-50
-62
-69
-79
-86
-94
-94
-88
-85
-80
-77
-77
-78
-68
-59
-51
-48
-44
-49
-49
-49
-46
-41
-36
-33
-34
-35
-34
-36
-33
-35
-32
-32
-28
-27
-27
-28
-24
-22
-19
-19
-17
-12
-9
-8
-6
-6
-12
-16
-20
-22
-26
-28
-34
-37
-38
-37
-38
-33
-25
-34
-40
-42
-49
-55
-61
-61
-62
-64
-54
-45
-44
-38
-37
-33
-34
-35
-35
-36
-34
-34
-35
-32
-36
-37
-38
-41
-46
-53
-59
-56
-59
-59
-54
-51
-45
-40
-28
-30
-30
-35
-44
-50
-56
-55
-58
-52
-53
-47
-47
-48
-41
-39
-35
-32
-31
-27
-23
-13
-13
-9
-13
-20
-59
