-38
-27
-4
8
21
24
34
32
38
43
29
43
17
0
-18
-16
4
2
-8
-14
-6
-22
-19
-26
-29
-18
-22
-20
-21
-16
-24
-38
-37
-43
-47
-51
-48
-33
-22
-6
-12
-43
-93
-136
-168
-200
-223
-244
-348
-306
-411
-377
-335
-233
-93
-27
14
55
115
188
237
282
318
318
310
294
289
288
285
267
249
228
202
179
167
157
125
102
88
88
107
131
147
156
162
159
152
140
138
140
128
107
77
48
21
11
2
-42
-65
-131
-156
-200
-210
-240
-255
-267
-278
-292
-323
-374
-403
-394
-345
-268
-213
-158
-100
-60
-32
-10
1
1
12
25
43
60
70
82
59
65
62
72
86
101
124
134
133
117
84
49
27
0
-27
-60
-98
-130
-155
-156
-149
-149
-134
-121
-144
-215
-249
-260
-223
-159
-85
-8
65
100
138
162
171
163
129
79
27
-20
-55
-82
-85
-84
-77
-59
-44
-39
-42
-69
-100
-146
-162
-153
-138
-117
-105
-78
-58
-43
-32
-39
-40
-32
-16
-5
-1
3
-9
-18
-13
-2
19
52
81
111
130
156
176
192
209
214
209
199
190
184
178
182
174
156
124
101
72
51
36
24
-5
-53
-168
-208
-246
-206
-152
-108
-35
39
104
159
222
279
327
360
386
400
407
412
413
397
384
365
348
337
335
333
324
316
299
283
267
260
254
248
244
234
217
199
189
184
181
179
169
159
142
133
111
76
41
0
-31
-56
-67
-98
-98
-81
-58
-29
-28
-14
-1
-1
-2
-11
-37
-68
-89
-106
-111
-107
-90
-82
-61
-60
-47
-30
-1
32
57
77
99
108
116
121
120
101
73
37
0
-37
-51
-70
-88
-106
-131
-112
-69
-16
38
71
122
166
200
215
237
245
252
256
254
249
228
221
212
213
222
223
220
203
196
179
167
167
182
169
107
48
13
-2
19
7
3
3
11
5
17
20
19
-9
-31
-73
-104
-151
-198
-227
-256
-288
-329
-393
-392
-369
-314
-299
-313
-322
-322
-287
-233
-165
-91
-37
-32
-48
-52
-6
50
94
125
148
171
173
178
179
178
187
177
161
133
106
71
43
16
-16
-52
-87
-106
-125
-134
-132
-123
-117
-125
-149
-193
-218
-230
-209
-193
-188
-227
-278
-340
-338
-312
-300
-305
-308
-277
-217
-132
-49
11
55
86
102
108
124
133
130
126
117
103
82
78
72
66
60
51
41
26
12
1
-17
-35
-62
-96
-133
-160
-182
-200
-212
-225
-239
-261
-266
-273
-265
-257
-241
-226
-222
-222
-233
-249
-228
-231
-231
-235
-239
-235
-229
-204
-174
-136
-97
-71
-45
-15
17
40
47
42
42
33
27
23
25
27
21
3
-17
-38
-42
-43
-43
-39
-41
-57
-77
-92
-110
-120
-132
-134
-138
-152
-156
-159
-159
-160
-162
-163
-146
-118
-103
-89
-72
-47
-20
4
26
31
43
54
62
47
21
-2
-14
-22
-23
-26
-35
-51
-61
-88
-108
-114
-109
-113
-120
-136
-149
-163
-166
-173
-179
-157
-146
-113
-103
-73
-57
-56
-64
-75
-60
-48
-16
8
39
82
109
123
124
123
108
95
88
83
79
71
60
51
30
21
2
-25
-64
-111
-147
-171
-173
-184
-229
-303
-337
-343
-279
-214
-160
-134
-109
-91
-51
-3
62
110
144
154
141
117
85
73
68
44
38
30
55
89
135
167
189
198
195
178
151
128
99
70
42
22
-2
-22
-21
-11
18
49
55
51
33
16
-6
-21
-30
-38
-40
-51
-43
-34
-12
3
14
7
-20
-57
-96
-121
-138
-152
-176
-205
-221
-234
-232
-220
-197
-186
-172
-170
-174
-171
-168
-154
-137
-126
-115
-115
-135
-141
-167
-172
-167
-155
-133
-120
-96
-76
-59
-46
-45
-53
-63
-63
-59
-52
-44
-47
-51
-84
-102
-132
-126
-97
-59
-22
-4
15
23
29
30
35
6
-11
-26
-30
-11
-4
-1
-35
-64
-71
-70
-54
-32
-5
32
64
78
79
43
24
2
-18
-34
-63
-136
-180
-191
-158
-98
-55
2
67
117
157
180
193
199
193
183
167
157
147
146
152
150
138
117
103
89
80
79
75
68
56
41
19
5
-13
-32
-72
-103
-122
-141
-141
-138
-122
-117
-109
-97
-87
-71
-55
-34
-11
24
47
75
83
79
85
64
58
51
33
13
-1
-16
-29
-49
-74
-98
-111
-107
-90
-74
-60
-64
-82
-108
-120
-124
-115
-99
-82
-73
-66
-46
-40
-29
-28
-47
-73
-107
-134
-151
-166
-201
-267
-435
-522
-676
-625
-659
-567
-458
-312
-152
-43
35
110
178
248
301
358
393
418
429
435
440
435
437
425
377
331
297
291
295
295
297
298
291
276
256
235
215
196
172
145
123
91
53
-1
-54
-100
-135
-154
-183
-204
-230
-262
-305
-362
-392
-427
-447
-474
-498
-548
-568
-598
-591
-588
-538
-486
-428
-395
-370
-357
-340
-327
-312
-296
-287
-272
-278
-293
-315
-311
-302
-268
-226
-184
-149
-137
-155
-186
-235
-233
-237
-220
-196
-186
-185
-199
-232
-269
-288
-279
-275
-286
-293
-302
-302
-304
-291
-275
-207
-131
-68
-16
10
51
80
109
124
125
117
98
91
72
72
69
71
62
50
32
14
11
12
12
-11
-40
-68
-89
-111
-131
-151
-173
-190
-203
-226
-243
-251
-231
-217
-211
-225
-235
-238
-224
-223
-212
-205
-174
-151
-136
-133
-140
-147
-148
-150
-147
-159
-185
-187
-204
-180
-166
-137
-100
-54
-13
19
54
59
56
46
43
31
23
32
47
59
64
78
88
106
123
146
155
155
152
148
149
144
132
99
64
25
-13
-48
-74
-96
-125
-149
-176
-207
-226
-242
-252
-273
-285
-295
-287
-273
-251
-234
-239
-236
-206
-182
-154
-122
-90
-51
-4
14
39
51
66
68
81
104
125
137
140
146
140
125
106
75
35
-8
-30
-55
-78
-91
-117
-162
-227
-243
-261
-259
-276
-292
-320
-257
-249
-196
-152
-96
1
66
83
78
67
73
104
146
175
178
166
147
154
174
206
220
227
222
199
162
134
102
55
-5
-83
-132
-158
-137
-113
-108
-108
-111
-101
-70
-15
45
99
134
146
145
147
161
168
169
163
134
98
49
12
-18
-29
-39
-50
-79
-110
-140
-160
-185
-204
-206
-211
-217
-223
-244
-250
-249
-241
-225
-198
-161
-128
-86
-65
-38
-64
-135
-220
-292
-333
-349
-418
-505
-609
-627
-640
-557
-425
-256
-103
47
148
228
280
319
353
379
405
409
415
416
422
422
415
408
399
384
359
334
308
284
266
237
188
130
70
8
-40
-65
-79
-87
-96
-108
-129
-123
-116
-90
-89
-91
-90
-105
-113
-124
-130
-139
-152
-168
-198
-229
-262
-280
-281
-273
-258
-269
-277
-318
-346
-384
-381
-355
-318
-281
-241
-215
-192
-171
-154
-136
-132
-136
-157
-189
-194
-198
-223
-255
-281
-275
-226
-183
-180
-176
-162
-127
-61
-25
25
57
79
107
142
163
174
178
170
144
96
18
-56
-111
-119
-113
-96
-71
-25
15
53
85
125
164
205
233
241
231
212
187
150
121
89
77
65
80
95
127
160
175
179
171
169
164
166
174
167
159
144
136
117
91
57
13
-46
-97
-138
-171
-193
-206
-203
-194
-185
-173
-168
-153
-132
-111
-99
-93
-95
-109
-111
-112
-104
-102
-104
-100
-107
-117
-117
-121
-115
-111
-102
-106
-110
-106
-87
-70
-48
-55
-64
-70
-56
-40
-32
-9
-8
-6
-22
-40
-70
-88
-101
-112
-130
-138
-132
-126
-117
-106
-92
-95
-104
-113
-124
-133
-133
-143
-154
-158
-142
-117
-77
-39
-6
12
30
43
54
72
92
112
119
120
125
131
137
148
146
138
136
123
97
73
52
47
38
29
21
-8
-42
-51
-59
-45
-48
-43
-40
-37
-27
-17
-17
-27
-52
-85
-119
-130
-126
-130
-122
-121
-121
-134
-126
-118
-96
-64
-47
-31
-36
-49
-81
-102
-121
-115
-89
-46
-60
-125
-146
-155
-96
-55
-34
4
32
53
76
98
111
123
122
116
101
69
26
-89
-174
-304
-294
-364
-327
-252
-136
40
155
241
294
342
374
408
463
509
540
539
538
524
512
501
481
443
403
377
349
330
314
295
269
246
230
220
207
197
188
171
155
139
120
107
97
98
89
77
66
49
35
26
13
-9
-26
-45
-59
-73
-76
-75
-78
-82
-86
-96
-102
-105
-112
-125
-130
-132
-134
-141
-150
-162
-181
-196
-236
-278
-317
-349
-376
-405
-405
-387
-351
-345
-345
-370
-388
-396
-409
-425
-429
-408
-381
-343
-307
-273
-261
-258
-259
-260
-253
-243
-227
-219
-203
-194
-195
-193
-187
-165
-148
-117
-91
-76
-60
-43
-27
-12
-5
-3
-16
-23
-16
-1
10
26
38
39
45
64
87
101
115
111
104
86
78
67
59
57
40
28
4
-4
-13
-10
8
26
38
37
36
31
32
43
53
57
67
72
82
86
90
89
73
41
10
-37
-54
-62
-51
-45
-44
-29
-35
-38
-53
-60
-59
-53
-45
-36
-27
-18
-15
-23
-26
-38
-52
-67
-59
-31
0
39
60
71
71
70
65
61
57
49
34
13
-8
-27
-55
-73
-99
-108
-123
-120
-121
-122
-126
-142
-164
-183
-189
-182
-170
-143
-118
-101
-97
-103
-108
-100
-78
-51
-31
-22
-28
-45
-66
-89
-90
-91
-80
-57
-43
-38
-32
-47
-71
-97
-125
-146
-145
-128
-114
-173
-283
-359
-410
-385
-340
-278
-179
-76
-3
46
66
68
68
69
76
81
80
69
62
43
21
-8
-44
-82
-113
-121
-107
-71
-31
-4
-5
-9
-1
12
35
56
74
80
70
51
19
-5
-16
-33
-62
-92
-132
-178
-211
-238
-248
-274
-292
-328
-346
-365
-355
-351
-344
-328
-333
-339
-351
-347
-338
-362
-369
-389
-342
-274
-191
-117
-66
-12
33
62
80
94
106
79
76
65
83
105
152
186
181
189
171
181
172
151
111
82
60
41
14
-8
-26
-43
-59
-62
-58
-68
-71
-83
-96
-90
-86
-65
-68
-124
-155
-180
-193
-184
-182
-161
-109
-75
-62
-74
-82
-94
-87
-63
-34
-11
2
24
31
36
41
37
33
22
6
-29
-92
-199
-35
-80
23
11
87
239
274
196
29
-71
-60
31
148
241
314
365
405
435
456
481
502
524
523
525
518
501
491
478
471
457
437
419
393
370
364
360
358
349
331
298
263
238
222
210
206
204
201
195
197
192
193
197
193
190
179
182
182
182
184
167
150
119
97
72
42
17
-5
-29
-45
-46
-47
-45
-46
-46
-51
-43
-27
-16
-3
9
13
3
-21
-46
-90
-129
-166
-195
-268
-403
-464
-483
-453
-317
-228
-41
117
138
43
-55
-68
27
170
274
318
347
375
430
465
502
528
540
538
522
512
497
489
482
471
449
424
401
384
357
339
315
293
264
238
215
200
188
177
155
135
119
103
91
81
80
60
49
43
39
43
58
69
66
61
56
50
45
41
28
9
-8
-26
-44
-59
-60
-68
-79
-100
-129
-165
-200
-217
-246
-246
-245
-220
-201
-188
-177
-176
-196
-230
-268
-286
-274
-257
-218
-190
-131
-86
-59
-51
-42
-45
-50
-64
-77
-93
-98
-95
-101
-106
-90
-80
-64
-62
-54
-51
-41
-20
2
14
15
14
17
29
44
59
68
80
92
90
84
81
81
89
96
109
112
117
132
142
159
179
187
189
179
177
172
176
186
193
198
194
194
190
187
195
194
188
179
174
169
166
172
178
178
178
190
186
185
178
174
155
134
111
87
75
67
68
64
57
45
28
28
26
37
45
44
46
38
25
22
16
4
1
-4
-13
-30
-35
-44
-53
-65
-83
-89
-107
-115
-126
-125
-116
-116
-136
-176
-218
-308
-341
-339
-328
-259
-205
-74
42
44
11
-49
-62
-16
78
179
258
324
377
410
431
446
448
448
437
424
394
361
330
297
287
279
281
274
269
260
241
219
201
190
170
157
134
111
90
80
75
71
73
72
68
56
62
71
96
125
151
162
155
161
153
149
150
146
140
125
130
130
132
136
133
121
109
103
82
75
75
73
66
49
43
35
42
48
54
44
23
-7
-46
-80
-106
-130
-153
-177
-204
-235
-250
-254
-246
-237
-224
-211
-204
-208
-208
-197
-199
-192
-188
-186
-185
-171
-158
-144
-125
-118
-107
-100
-85
-73
-61
-40
-24
-20
-33
-45
-66
-69
-60
-49
-43
-45
-56
-67
-66
-61
-45
-38
-55
-67
-98
-115
-119
-111
-107
-103
-102
-105
-101
-98
-91
-97
-96
-98
-100
-99
-82
-64
-55
-55
-56
-50
-40
-24
-3
-7
-52
-82
-130
-152
-142
-146
-124
-96
-84
-72
-70
-62
-68
-73
-64
-119
-108
-154
-107
-26
59
172
240
264
270
223
136
53
23
66
124
171
205
227
255
284
299
299
291
281
269
256
250
243
221
192
155
122
94
80
83
74
72
61
45
38
36
38
40
37
30
29
25
41
56
64
76
75
72
62
61
47
42
39
31
18
-13
-35
-48
-70
-68
-73
-80
-96
-115
-132
-144
-156
-168
-195
-223
-235
-242
-224
-200
-181
-165
-165
-171
-179
-190
-198
-206
-208
-195
-169
-206
-252
-273
-261
-221
-197
-184
-146
-90
-43
-11
12
25
32
22
6
3
21
45
74
62
37
6
3
16
39
57
66
71
60
60
53
43
33
9
-17
-40
-38
-35
-27
-22
-19
-30
-44
-51
-68
-90
-118
-139
-159
-167
-169
-175
-166
-165
-159
-179
-202
-247
-297
-342
-339
-296
-239
-170
-121
-93
-76
-61
-56
-56
-85
-115
-140
-147
-136
-119
-106
-81
-69
-67
-69
-60
-42
-18
-3
-7
-21
-53
-80
-109
-135
-144
-156
-168
-176
-181
-202
-238
-267
-300
-321
-348
-362
-377
-373
-359
-314
-287
-270
-255
-258
-250
-251
-238
-230
-218
-206
-238
-243
-270
-268
-244
-216
-180
-158
-149
-138
-124
-116
-103
-94
-85
-82
-64
-50
-37
-28
-30
-38
-54
-61
-76
-95
-116
-143
-172
-201
-216
-235
-245
-243
-245
-265
-301
-304
-276
-233
-192
-175
-166
-155
-158
-180
-195
-205
-214
-247
-333
-337
-403
-359
-310
-223
-134
-83
-70
-67
-41
-6
43
81
118
131
136
143
153
178
180
156
112
56
35
48
74
89
101
105
106
89
78
58
31
17
-4
-19
-32
-29
-35
-37
-31
-21
-10
-10
-1
-12
-19
-36
-29
-20
-23
-34
-49
-75
-71
-79
-79
-83
-104
-139
-174
-190
-200
-192
-180
-168
-157
-153
-160
-159
-179
-201
-231
-258
-272
-281
-279
-286
-288
-278
-271
-266
-240
-234
-227
-224
-233
-252
-283
-277
-262
-219
-172
-152
-141
-160
-149
-152
-138
-133
-129
-109
-87
-62
-63
-59
-67
-69
-94
-99
-102
-89
-80
-66
-55
-54
-63
-52
-50
-52
-72
-92
-116
-127
-150
-173
-181
-175
-165
-163
-165
-154
-147
-134
-125
-145
-178
-236
-248
-246
-226
-189
-152
-127
-119
-154
-223
-298
-413
-320
-371
-294
-276
-254
-140
-52
4
-16
-34
-39
34
117
191
236
265
286
291
264
228
198
187
195
192
147
80
48
43
66
89
112
152
180
196
212
214
221
232
245
245
236
223
201
192
184
181
170
160
149
127
111
102
116
135
158
176
181
179
177
164
141
112
82
59
43
37
37
28
37
34
31
18
10
-5
-22
-30
-26
-45
-62
-90
-118
-146
-172
-203
-226
-226
-206
-187
-171
-158
-147
-155
-165
-171
-171
-144
-122
-119
-150
-183
-185
-156
-93
-40
24
57
74
82
80
78
71
69
33
14
-37
-81
-147
-191
-242
-279
-297
-296
-299
-321
-336
-328
-268
-205
-158
-138
-111
-77
-36
0
48
66
74
74
86
107
105
62
21
-35
-74
-84
-85
-57
-23
9
20
33
50
67
103
128
148
152
138
121
92
72
51
37
6
-10
-33
-48
-57
-67
-61
-58
-37
-15
-6
-1
0
-1
-11
-18
-39
-72
-103
-131
-147
-149
-141
-133
-116
-106
-84
-67
-48
-23
-12
-6
-16
-22
-24
-32
-45
-70
-109
-146
-162
-172
-180
-174
-179
-189
-190
-161
-128
-148
-151
-189
-218
-194
-137
-36
67
151
221
264
297
317
321
328
321
319
300
287
269
247
237
231
238
235
233
224
208
192
175
169
154
151
143
128
108
86
68
39
20
-10
-35
-56
-65
-76
-104
-117
-166
-192
-226
-221
-215
-212
-242
-258
-277
-280
-286
-300
-288
-269
-231
-226
-204
-183
-148
-90
-46
-68
-68
-89
-71
-37
-2
51
99
110
102
92
89
112
141
171
186
201
209
204
202
201
205
203
207
210
209
206
217
211
209
203
187
162
127
98
71
56
55
51
47
39
35
32
22
14
-6
-43
-80
-144
-261
-386
-473
-511
-474
-385
-274
-128
-5
91
174
235
277
307
327
343
352
366
363
363
366
353
354
349
349
323
285
247
196
162
127
107
85
63
33
3
-17
-13
-3
11
19
14
10
-7
-16
-26
-30
-33
-37
-47
-59
-61
-60
-69
-67
-69
-68
-65
-58
-55
-61
-63
-68
-86
-96
-114
-121
-128
-118
-101
-114
-137
-172
-198
-217
-236
-245
-264
-270
-267
-284
-272
-286
-287
-294
-282
-265
-232
-207
-172
-142
-118
-97
-97
-123
-144
-143
-120
-80
-113
-165
-167
-170
-125
-123
-143
-120
-83
-30
27
93
150
203
252
287
308
312
311
304
301
298
300
296
288
286
271
267
268
275
270
267
261
250
249
249
255
248
242
233
219
213
209
211
199
191
167
137
111
94
94
94
96
94
80
72
63
62
52
45
30
8
-2
2
10
11
5
-7
-29
-57
-86
-116
-139
-139
-155
-170
-193
-215
-236
-254
-252
-242
-241
-251
-271
-276
-259
-204
-150
-120
-126
-142
-161
-150
-123
-75
-50
-25
-27
-43
-75
-121
-186
-265
-230
-240
-188
-141
-91
32
117
159
138
67
18
3
67
134
207
258
293
317
332
341
345
351
349
340
328
318
311
300
294
283
267
241
214
189
170
167
160
154
141
132
117
103
89
75
49
25
3
-12
-10
-1
5
-8
-23
-46
-72
-95
-109
-113
-130
-185
-245
-314
-371
-402
-432
-450
-453
-442
-423
-384
-329
-274
-236
-207
-186
-177
-165
-145
-122
-95
-70
-57
-73
-87
-114
-112
-113
-80
-40
1
34
61
85
106
133
147
149
145
144
132
121
108
98
74
49
18
-28
-62
-102
-124
-155
-172
-184
-197
-213
-227
-227
-242
-278
-326
-387
-399
-389
-339
-311
-261
-216
-169
-98
-30
30
88
129
156
167
173
194
208
228
249
257
254
237
223
211
199
191
167
141
114
93
67
41
11
-28
-71
-118
-159
-199
-229
-233
-233
-234
-245
-264
-276
-271
-254
-222
-230
-312
-395
-495
-516
-533
-521
-547
-618
-515
-543
-415
-301
-157
8
121
218
284
328
364
391
414
428
418
399
379
374
370
367
366
353
336
312
301
287
273
257
230
197
158
129
104
84
68
45
22
0
-14
-27
-39
-49
-72
-110
-148
-183
-215
-234
-251
-259
-266
-274
-275
-289
-294
-310
-317
-344
-359
-376
-385
-379
-375
-356
-354
-346
-340
-346
-339
-340
-340
-345
-362
-392
-423
-438
-423
-391
-377
-365
-360
-354
-359
-367
-349
-338
-307
-296
-285
-261
-248
-244
-236
-216
-187
-178
-180
-186
-203
-216
-210
-197
-175
-154
-127
-207
-229
-277
-247
-213
-174
-123
-55
1
56
89
102
110
120
116
122
125
121
105
79
42
0
-24
-46
-47
-56
-58
-70
-100
-128
-140
-143
-135
-128
-116
-107
-107
-106
-115
-123
-132
-153
-172
-189
-185
-170
-153
-133
-120
-108
-92
-68
-43
-18
3
12
11
-1
-12
-21
-34
-27
-23
-34
-41
-52
-64
-76
-82
-85
-93
-95
-97
-104
-102
-94
-85
-85
-89
-98
-114
-115
-112
-99
-95
-95
-97
-103
-108
-107
-111
-118
-129
-155
-185
-220
-232
-235
-232
-227
-240
-251
-305
-304
-327
-298
-277
-263
-245
-261
-268
-293
-314
-320
-325
-296
-245
-181
-145
-117
-106
-104
-116
-142
-159
-154
-126
-107
-89
-112
-125
-130
-103
-85
-69
-55
-43
-14
23
51
54
52
33
-1
-30
-67
-107
-147
-181
-207
-202
-172
-119
-75
-45
-13
18
49
56
63
50
42
44
37
32
33
26
21
8
9
6
3
-2
-12
-29
-40
-53
-68
-84
-97
-117
-150
-199
-210
-320
-168
-190
-90
-54
-44
98
189
146
3
-135
-191
-125
-31
57
129
201
279
342
394
427
435
437
436
432
418
408
387
368
343
326
307
292
283
270
260
232
218
202
193
186
172
158
133
124
114
108
110
105
96
85
80
73
69
68
59
27
-4
-23
-46
-48
-56
-74
-83
-99
-141
-186
-211
-205
-165
-134
-105
-83
-90
-110
-135
-191
-215
-242
-228
-193
-150
-92
-40
-8
14
35
29
8
7
9
18
23
4
-15
-59
-83
-101
-93
-53
-16
-38
-80
-120
-119
-93
-60
-68
-51
-21
17
47
80
103
86
61
11
-21
-68
-182
-357
-526
-546
-610
-560
-536
-417
-241
-109
2
93
161
196
233
278
339
378
412
421
424
419
427
430
429
428
420
401
372
350
323
293
267
228
191
143
105
67
20
-11
-45
-65
-86
-100
-120
-141
-157
-168
-174
-196
-216
-255
-267
-276
-263
-263
-270
-266
-277
-274
-268
-275
-274
-303
-295
-298
-275
-260
-222
-196
-164
-146
-137
-125
-108
-92
-87
-83
-82
-90
-100
-100
-102
-111
-117
-129
-136
-138
-130
-122
-120
-117
-125
-130
-148
-153
-160
-151
-132
-118
-121
-144
-171
-200
-225
-242
-264
-285
-313
-324
-332
-332
-327
-312
-315
-320
-317
-314
-296
-280
-270
-264
-255
-249
-248
-251
-239
-217
-205
-193
-178
-158
-128
-90
-70
-52
-33
-18
-11
-11
-12
-13
-23
-24
-30
-29
-16
6
36
53
75
80
87
76
74
66
57
59
55
54
49
60
64
65
70
64
48
29
16
0
-2
4
10
12
4
-3
-20
-23
-22
-12
-22
-37
-49
-62
-66
-68
-79
-106
-134
-164
-181
-190
-213
-233
-258
-267
-271
-294
-341
-364
-353
-322
-310
-279
-260
-210
-157
-125
-107
-98
-104
-90
-57
-3
-63
