13
9
15
19
35
40
37
20
5
-6
-15
-32
-43
-24
-12
-8
-23
-46
-51
-45
-23
-27
-30
-44
-56
-68
-88
-82
-80
-55
-31
-7
-7
2
3
-1
-1
7
5
7
-10
-19
-37
-38
-43
-45
-62
-79
-81
-92
-81
-70
-41
-25
-1
16
38
53
67
71
54
61
57
34
9
-17
-25
-28
-27
-41
-62
-67
-61
-39
-32
-30
-32
-43
-39
-32
-27
-25
-18
-21
-24
-29
-17
-11
7
14
24
37
44
53
48
51
55
62
48
47
61
62
66
60
58
39
23
7
-9
-7
-16
-5
-5
6
19
37
56
83
116
128
132
132
129
112
90
69
43
18
-2
-25
-50
-66
-67
-55
-48
-23
-21
-18
-17
-11
-1
-3
-2
-21
-32
-44
-45
-45
-46
-36
-29
-25
-19
-7
-13
-16
-23
-22
-20
-30
-36
-51
-47
-46
-41
-37
-33
-18
-8
22
63
96
106
100
97
96
94
111
103
92
74
65
47
27
13
4
1
10
7
21
29
43
58
65
74
69
49
45
45
48
44
39
42
41
46
46
43
44
34
15
7
3
1
-11
-27
-39
-45
-50
-47
-34
-36
-29
-19
-15
-7
-15
-14
-21
-21
-18
-17
-23
-31
-34
-30
-30
-16
-11
-9
-10
-14
-19
-17
-18
-7
-10
1
16
13
14
8
16
10
15
-12
-24
-48
-68
-76
-89
-67
-66
-61
-71
-58
-42
-18
-10
-4
-16
-14
-15
-10
-17
-23
-44
-74
-105
-103
-114
-91
-68
-47
-34
-22
-8
11
12
17
4
-9
-19
-32
-51
-58
-57
-41
-36
-26
-21
-13
2
0
8
-6
-6
1
9
2
11
2
0
-10
-18
-15
-22
-21
-19
-17
8
3
-6
-14
-14
6
2
-2
-14
-28
-23
-8
-6
-3
0
-8
2
3
21
37
38
33
11
-11
-17
-16
-25
-25
-22
-24
-32
-35
-29
-24
-9
3
27
40
54
49
41
25
24
24
10
-6
-15
-43
-51
-55
-54
-44
-35
-15
-2
8
23
33
38
31
20
8
15
16
3
-12
-15
-17
-27
-46
-68
-90
-95
-71
-43
-16
21
67
106
122
106
79
61
45
38
13
-13
-22
-23
-14
-7
-5
-2
-12
-5
2
18
30
45
57
60
74
51
27
-1
-30
-49
-67
-59
-50
-20
13
36
42
39
32
24
-1
-1
6
18
28
24
15
-5
-9
-8
-5
7
19
29
27
22
8
-14
-38
-49
-54
-76
-88
-112
-124
-126
-119
-130
-121
-112
-96
-77
-65
-30
-18
-2
-7
-15
-44
-60
-82
-105
-118
-135
-135
-141
-122
-113
-88
-81
-61
-45
-34
-30
-40
-72
-94
-107
-94
-87
-85
-88
-93
-95
-85
-78
-76
-70
-59
-50
-26
-4
-2
-27
-35
-53
-62
-66
-81
-83
-74
-55
-43
-42
-44
-40
-42
-43
-41
-35
-39
-41
-23
1
25
40
25
-2
-36
-38
-46
-48
-52
-50
-48
-27
-10
-7
-3
-8
-11
-8
-8
-10
-14
-22
-16
-18
-26
-47
-63
-80
-75
-36
9
27
42
22
10
1
0
-2
1
11
23
25
42
48
53
51
61
69
76
80
90
110
123
120
121
98
92
89
73
55
32
12
-3
-4
5
17
39
63
90
106
106
120
104
98
88
82
73
60
38
20
2
3
11
21
38
55
66
74
77
74
74
71
60
37
2
-32
-49
-65
-42
-35
-22
-7
1
17
23
47
63
62
41
33
27
9
0
-50
-70
-97
-95
-90
-89
-80
-64
-60
-49
-31
-36
-19
-5
1
-9
-39
-64
-98
-104
-99
-94
-95
-103
-89
-83
-78
-72
-53
-36
-14
1
-7
-20
-38
-63
-82
-92
-92
-87
-68
-46
-16
-9
8
17
37
56
69
72
53
38
12
-11
-30
-19
1
43
75
99
97
92
83
71
55
53
43
38
45
44
54
41
40
22
13
5
13
8
3
1
7
14
11
20
14
15
19
20
10
-8
-22
-21
-4
13
17
18
17
33
48
55
68
44
31
13
7
6
5
16
28
38
38
38
29
20
23
18
14
24
25
22
-2
-21
-27
-24
-13
-11
-5
2
7
19
24
49
63
55
46
39
29
24
15
-2
-18
-35
-42
-43
-28
-18
-23
-39
-43
-30
-18
-4
9
12
12
1
6
-5
-10
-23
-32
-55
-72
-72
-83
-75
-64
-44
-25
-5
-6
6
22
54
70
54
46
30
10
-5
-20
-28
-37
-25
-21
-6
20
38
45
43
44
44
44
49
67
71
87
82
67
46
10
7
-2
14
27
29
23
15
28
27
39
42
37
17
7
0
3
5
9
-3
-6
-13
-13
-24
-32
-37
-21
-12
-14
-4
-9
0
-1
0
5
17
36
41
32
26
7
-19
-22
-30
-31
-36
-33
-26
-19
-7
-22
-32
-44
-46
-41
-47
-54
-59
-75
-67
-63
-53
-32
-9
6
8
5
10
-5
-16
-23
-25
-36
-46
-60
-73
-83
-90
-91
-90
-72
-50
-27
6
32
45
33
19
1
-19
-28
-33
-16
-23
-27
-40
-46
-44
-32
-16
-15
-5
9
22
45
68
79
67
59
20
-7
-32
-44
-46
-44
-31
-20
0
12
36
36
36
34
14
-9
-34
-44
-59
-71
-85
-83
-75
-75
-85
-117
-138
-146
-144
-133
-102
-47
-6
29
32
26
1
-27
-54
-66
-70
-66
-67
-75
-61
-34
-1
33
59
89
110
144
160
158
143
126
98
68
23
-6
-31
-43
-30
-38
-33
-29
-34
-40
-46
-34
-11
-6
4
-5
3
4
5
6
10
24
34
19
11
11
4
18
34
49
69
83
113
109
104
84
75
63
59
77
86
103
99
85
67
58
44
28
20
3
-10
-31
-34
-24
-31
-31
-26
-13
-2
8
16
8
6
-4
-2
-1
13
9
-2
-21
-21
-31
-30
-39
-29
-18
-5
7
5
6
4
-5
-22
-43
-57
-87
-105
-126
-124
-127
-110
-97
-92
-86
-86
-94
-94
-88
-65
-44
-50
-67
-86
-102
-106
-111
-118
-111
-94
-80
-53
-48
-22
-20
-9
0
-4
-14
-35
-50
-62
-65
-54
-76
-86
-91
-85
-69
-61
-54
-45
-42
-32
-39
-62
-87
-112
-128
-132
-114
-91
-77
-80
-67
-62
-47
-26
0
10
18
3
-13
-16
5
30
61
78
96
89
92
90
93
87
75
70
74
88
103
114
116
121
110
91
68
49
38
16
9
3
3
9
22
28
40
65
71
71
58
53
63
64
64
48
4
-14
-32
-36
-47
-55
-61
-61
-47
-38
-31
-18
-1
17
26
21
31
26
20
9
-10
-32
-55
-65
-69
-62
-55
-62
-75
-77
-54
-35
-2
14
20
21
14
11
-4
-33
-53
-78
-86
-81
-74
-74
-66
-68
-68
-80
-80
-87
-85
-71
-61
-40
-49
-59
-86
-115
-135
-138
-141
-141
-128
-125
-124
-136
-154
-167
-168
-135
-98
-72
-68
-60
-48
-23
-3
-4
-1
-3
3
-18
-22
-25
-18
-1
1
18
16
30
44
43
39
34
31
22
18
21
35
31
21
18
-2
-9
-4
14
23
43
49
54
61
69
74
76
75
59
32
2
-24
-32
-32
-10
-10
-14
-31
-29
-23
-8
-4
-3
-2
0
27
32
46
55
47
36
14
17
12
14
4
-17
-16
6
49
67
76
66
49
13
-4
-10
-9
3
3
11
0
7
12
20
20
19
4
-14
-37
-59
-67
-65
-50
-44
-47
-38
-17
12
36
65
80
72
73
55
31
15
-4
-24
-31
-39
-45
-54
-72
-55
-39
-1
27
51
74
93
105
106
101
90
60
19
-34
-81
-119
-132
-105
-75
-44
-10
26
45
49
60
54
63
54
50
31
34
28
28
10
1
-8
-18
-20
-18
-13
-19
-15
-11
3
19
46
52
44
28
9
-19
-32
-38
-37
-30
-20
-8
15
33
50
48
55
63
77
67
50
38
33
30
16
-9
-28
-38
-38
-45
-44
-36
-31
-30
-15
-1
12
14
2
-2
-33
-45
-40
-40
-17
4
19
29
31
31
23
20
20
29
29
25
1
-20
-47
-58
-68
-81
-74
-64
-51
-26
1
31
48
66
81
81
95
84
86
68
72
68
54
40
29
13
1
4
1
9
6
19
23
40
44
45
33
11
-2
-14
-10
-11
-12
-26
-40
-50
-64
-58
-35
-13
11
39
50
52
46
42
19
8
-21
-24
-43
-61
-66
-55
-57
-45
-41
-43
-15
12
35
43
38
28
15
-7
-26
-39
-34
-18
-30
-55
-78
-85
-74
-71
-62
-61
-57
-43
-34
-24
-23
-17
-14
-18
-37
-34
-58
-61
-48
-45
-40
-39
-31
-15
13
18
36
31
26
12
-12
-31
-49
-52
-76
-74
-82
-85
-71
-65
-56
-52
-38
-22
-10
5
18
28
16
10
-21
-41
-52
-52
-53
-67
-54
-36
-10
15
23
28
5
-2
-13
-4
13
27
42
36
26
9
-5
-17
-24
-53
-65
-54
-34
-10
-1
9
4
15
28
44
42
40
25
16
11
4
-20
-38
-52
-38
-33
-22
-20
-18
-13
-5
9
14
11
8
20
15
13
-3
-20
-28
-28
-31
-32
-13
-4
-4
-4
3
-2
-3
-3
-3
-7
-23
-25
-32
-30
-39
-55
-91
-96
-96
-92
-96
-109
-105
-99
-89
-91
-95
-97
-94
-88
-89
-79
-60
-56
-51
-62
-79
-104
-114
-117
-96
-80
-60
-53
-57
-50
-61
-69
-71
-59
-50
-57
-60
-79
-71
-71
-55
-42
-44
-40
-37
-39
-30
-21
-13
-10
1
-1
-15
-32
-41
-41
-29
-26
-23
-30
-38
-37
-46
-49
-52
-44
-45
-39
-26
-17
0
9
17
16
15
27
30
38
51
60
64
64
53
44
47
45
38
14
-3
-1
-13
-10
-10
-5
-7
-3
-3
-2
2
17
24
42
56
73
97
101
108
106
89
86
53
28
14
12
30
35
40
52
64
90
102
95
92
107
112
115
103
107
104
88
70
48
30
17
16
13
38
52
66
61
57
57
54
58
61
57
38
37
33
28
21
16
14
13
8
2
-5
-7
1
16
13
14
-1
-14
-37
-29
-31
-26
-28
-36
-35
-24
-8
-3
-1
3
5
-2
5
16
20
20
14
10
15
22
35
40
46
50
49
35
22
17
11
14
25
15
7
-30
-38
-64
-66
-72
-86
-99
-113
-106
-101
-91
-77
-66
-65
-64
-66
-84
-86
-83
-72
-65
-66
-68
-69
-68
-57
-55
-50
-42
-48
-46
-55
-46
-39
-32
-17
-11
-3
11
32
42
43
46
33
20
-1
-14
-26
-29
-33
-42
-56
-59
-45
-30
-15
3
2
10
20
37
42
38
29
15
-5
-35
-61
-86
-87
-65
-35
-15
12
31
52
57
59
58
42
30
4
-26
-57
-72
-69
-41
-12
18
13
12
18
14
13
-9
-20
-44
-51
-43
-51
-61
-78
-102
-105
-97
-76
-48
-31
-8
1
-3
-9
-22
-37
-48
-35
-24
-16
-16
0
8
33
39
36
4
-18
-31
-38
-27
-22
-12
-11
3
15
29
46
60
82
76
67
46
21
14
11
17
22
39
52
57
64
73
71
66
59
59
61
66
68
66
50
46
20
3
-15
-23
-24
-20
-13
-2
1
-8
-5
-12
-11
-12
-17
-19
-26
-30
-34
-52
-45
-63
-73
-79
-60
-54
-18
8
39
37
23
6
-9
-6
-5
5
15
14
13
1
-5
-14
-24
-37
-32
-25
-15
-3
13
28
41
41
34
17
-4
-8
-8
-4
23
29
34
31
31
25
10
5
-11
-6
1
33
53
78
85
81
61
45
28
2
-10
-8
-9
-2
-2
12
27
25
34
40
31
38
35
31
28
13
-7
-23
-25
-31
-34
-45
-47
-48
-49
-39
-28
-26
-16
6
28
35
12
-14
-41
-44
-41
-49
-49
-46
-41
-53
-70
-76
-83
-70
-48
-28
-6
-2
2
5
5
33
39
42
30
28
16
-2
-6
-17
-18
-7
3
20
47
58
64
62
50
60
37
36
28
36
30
27
25
14
-4
-8
-13
-11
7
7
11
11
25
40
34
29
8
12
13
21
18
16
20
20
14
6
-6
-21
-33
-16
6
20
25
26
24
13
7
-13
-31
-47
-53
-55
-65
-62
-76
-83
-87
-89
-70
-54
-19
-5
-1
-13
-21
-44
-63
-68
-86
-104
-111
-102
-94
-80
-79
-69
-46
-27
-4
-6
-8
-3
-5
-6
-14
-15
-10
0
8
3
-4
0
12
17
19
22
21
6
8
-1
-5
-8
-19
-34
-51
-56
-53
-47
-55
-53
-56
-56
-42
-35
-27
-32
-25
-27
-32
-41
-54
-65
-69
-54
-47
-33
-32
-51
-83
-109
-113
-101
-74
-44
-16
1
17
14
-7
-23
-41
-56
-79
-100
-92
-85
-68
-71
-80
-90
-66
-43
-17
11
25
41
39
35
33
8
-2
-17
-35
-57
-67
-66
-48
-27
4
24
36
39
19
5
-16
-18
-32
-39
-42
-49
-67
-74
-85
-91
-80
-54
-21
0
-4
-4
-7
-10
-2
-1
2
2
9
-1
7
6
-7
-14
-28
-10
6
41
69
96
101
94
81
57
55
44
28
-7
-53
-79
-107
-111
-109
-97
-96
-73
-59
-39
-28
-30
-24
-28
-17
-15
-18
-22
-19
-32
-42
-54
-58
-61
-78
-89
-99
-94
-68
-41
-20
1
27
52
80
103
103
96
60
48
13
-1
-7
-11
-11
-11
-2
-5
-3
3
13
25
35
60
61
85
97
109
102
84
58
21
-3
-19
-30
-43
-33
-17
3
21
36
56
55
50
29
6
8
20
30
31
28
18
-4
-27
-25
-28
-27
-13
-11
12
26
44
49
42
52
42
38
13
3
-18
-16
-14
-10
-6
0
19
24
24
29
19
14
-19
-24
-39
-35
-27
-24
-21
-19
-13
-18
-9
3
5
10
14
10
8
-9
-16
-26
-42
-43
-50
-47
-21
4
37
39
43
27
24
31
30
12
-11
-15
-9
-4
-8
-2
0
-9
-9
-4
-1
1
-11
-29
-52
-63
-83
-102
-105
-95
-93
-80
-75
-61
-55
-51
-46
-35
-21
-9
5
12
31
41
36
37
36
36
24
28
30
41
39
35
16
3
-5
-1
-1
5
13
20
16
23
17
7
-1
-6
2
-7
1
5
16
14
27
27
31
36
13
-8
-22
-36
-47
-61
-76
-74
-55
-33
-9
1
15
27
35
19
14
13
14
9
-1
-15
-22
-21
2
6
11
11
12
7
10
1
-2
-14
-20
-23
-17
-11
-7
-24
-43
-57
-65
-62
-52
-44
-37
-21
-14
-2
2
16
25
28
34
37
42
43
50
37
22
2
-2
-4
-14
-26
-29
-29
-19
-6
-3
9
22
36
48
51
57
32
16
2
-25
-40
-48
-38
-33
-39
-44
-46
-34
-24
-6
-2
0
3
-3
-15
-25
-31
-47
-49
-45
-43
-40
-46
-56
-60
-64
-55
-55
-57
-47
-37
-31
-29
-24
-24
-24
-15
-8
-6
-7
-9
-13
-18
-20
-36
-50
-63
-79
-78
-84
-78
-85
-88
-81
-66
-70
-60
-53
-33
-25
-24
-14
-15
-17
-18
-20
-31
-47
-55
-59
-57
-54
-45
-53
-39
-41
-32
-6
26
45
52
46
50
45
42
27
12
12
32
39
34
17
29
15
8
-3
-5
-1
4
4
6
13
23
23
10
-8
-16
-24
-23
-15
-10
-1
-6
-10
-17
-18
-3
2
1
9
21
42
69
90
93
93
69
47
24
21
23
37
25
32
39
27
19
12
3
-9
4
-3
-2
0
14
38
49
57
61
41
21
1
0
15
31
47
46
43
35
22
19
15
6
-27
-37
-40
-25
-15
-10
-6
-21
-39
-56
-73
-74
-64
-53
-35
-16
2
7
0
-7
-22
-48
-60
-59
-59
-48
-36
-38
-19
-15
3
-8
-15
-29
-32
-28
-18
-1
-1
-2
-5
-13
-33
-47
-59
-66
-54
-44
-27
-23
-22
-6
2
29
52
63
68
65
57
38
22
13
4
2
10
29
44
69
88
101
107
117
108
105
83
71
47
52
56
72
72
64
65
50
37
35
28
12
17
24
43
53
48
46
26
5
-14
-32
-30
-22
-27
-44
-53
-51
-45
-44
-39
-41
-45
-56
-63
-60
-45
-31
-37
-50
-50
-58
-53
-57
-43
-36
-33
-15
-11
-12
8
18
25
10
-6
-21
-36
-51
-44
-43
-27
-20
-18
-21
-21
-16
-10
-5
-9
-13
-20
-25
-12
-19
-21
-15
-15
-12
-20
-20
-34
-32
-33
-22
-11
-5
10
-5
-16
-15
-19
-19
-12
-16
-4
-4
9
30
45
73
73
63
48
37
24
22
15
18
4
-2
-8
-9
-14
-18
-34
-45
-47
-33
-34
-27
-22
-24
-23
-29
-13
-16
-18
-21
-38
-52
-62
-59
-71
-65
-51
-27
-15
-6
-20
-29
-31
-43
-39
-30
-16
7
14
7
8
-1
-2
-18
-29
-43
-47
-28
-17
-6
12
24
39
62
78
75
56
57
55
65
78
87
96
95
95
91
80
51
37
8
1
-7
-14
-11
-13
-13
-19
-28
-33
-44
-54
-66
-63
-56
-38
-24
-11
-23
-11
-11
-10
-18
-27
-15
-21
-16
-13
-19
-1
18
42
57
55
60
64
68
71
67
47
50
35
38
45
45
41
28
22
38
44
48
48
32
12
-3
-23
-42
-56
-63
-60
-64
-75
-93
-105
-114
-106
-124
-135
-132
-122
-105
-84
-72
-62
-59
-46
-40
-40
-41
-34
-23
-18
-22
-42
-61
-84
-98
-104
-86
-57
-40
-49
-53
-47
-40
-9
14
34
28
14
-7
-14
-7
12
33
39
37
39
34
44
52
62
58
65
59
41
26
8
-3
-8
-8
-11
-11
-8
-11
-22
-35
-48
-66
-77
-77
-63
-48
-36
-37
-28
-24
-29
-13
-12
-1
7
12
26
27
32
11
16
19
19
13
12
16
22
17
11
24
31
41
62
62
80
86
98
90
82
66
34
10
-6
-22
-30
-30
-9
10
43
64
72
59
48
42
35
21
8
-16
-21
-24
-24
-22
-30
-23
-20
4
32
53
56
52
39
10
-19
-35
-48
-45
-31
-4
10
17
18
19
22
22
30
35
35
45
40
42
47
38
30
34
13
21
0
-3
-12
-16
-9
-5
2
-14
-2
10
4
9
10
10
13
28
14
15
-1
-14
-10
-12
-7
-7
-25
-15
-11
-12
-27
-25
-36
-53
-51
-46
-26
-8
-8
-9
-23
-21
-2
-1
-6
-6
-14
-33
-32
-20
-11
-7
-10
-15
-22
-25
-33
-35
-28
-42
-49
-65
-60
-68
-82
-85
-77
-53
-42
-37
-30
-47
-45
-57
-67
-75
-72
-66
-67
-63
-53
-39
-49
-53
-63
-63
-58
-63
-59
-47
-23
-7
3
2
7
1
-21
-31
-48
-72
-84
-97
-95
-89
-62
-35
-3
19
39
36
31
24
19
4
-9
-10
-19
-30
-43
-58
-60
-56
-36
-21
-6
15
18
7
4
-6
-12
-19
-27
-28
-22
-18
-15
-25
-22
-18
-19
-36
-30
-26
-15
9
21
31
23
0
-17
-30
-31
-34
-37
-26
-10
2
-10
-22
-16
-9
9
20
20
18
7
18
22
25
19
13
-3
-12
-20
-30
-31
-31
-30
-38
-36
-38
-35
-33
-32
-37
-33
-17
-5
3
-3
-12
-20
-49
-45
-50
-52
-37
-22
-1
3
3
1
-8
0
12
18
30
34
28
7
-2
-20
-14
-18
-17
-23
-33
-47
-29
-33
-10
-10
2
-10
-16
-24
-22
-19
-6
-4
1
2
15
14
18
20
14
3
0
25
46
58
47
36
21
19
22
10
4
14
8
12
16
19
23
20
23
22
28
50
76
94
87
81
71
55
39
23
0
6
10
24
38
48
59
62
50
59
54
72
77
69
57
47
45
39
29
10
-6
-1
-12
-7
-14
-14
7
27
27
25
22
27
29
38
35
34
19
27
4
6
12
15
10
-3
2
-19
-7
-13
-17
-30
-26
-29
-29
-38
-37
-19
-12
-6
-1
-9
-1
-2
9
13
17
13
14
12
21
6
-13
-7
-14
-7
-11
-14
-6
-1
2
12
1
-7
-17
-24
-25
-22
-30
-40
-34
-28
-28
-20
-14
-20
-31
-50
-37
-23
-11
-6
2
9
4
5
-24
-22
-17
-19
-33
-39
-44
-42
-36
-27
1
5
11
3
-19
-18
-20
-23
-21
-18
-16
-14
-26
-19
-35
-42
-60
-58
-56
-42
-20
-16
-16
-12
-2
14
22
31
31
26
20
10
-2
-23
-20
-23
-20
-13
-7
-3
12
21
11
19
26
36
40
43
61
59
57
39
16
-14
-30
-29
-6
17
31
30
7
-13
-28
-27
-10
10
19
30
37
40
23
7
-10
-21
-13
-16
-2
1
17
28
13
2
-12
-17
-23
-29
-26
-28
-30
-25
-45
-59
-74
-68
-65
-43
-27
-28
-31
-44
-36
-34
-9
-1
11
-2
-13
-14
-34
-38
-36
-26
-34
-31
-28
-19
-15
1
0
5
0
7
7
22
23
21
3
5
3
10
14
16
26
23
34
27
20
11
18
19
26
31
23
24
8
9
11
9
22
27
23
20
1
-23
-35
-45
-37
-27
-14
8
9
7
10
2
14
20
36
32
24
9
-1
0
6
13
-4
-12
-8
2
5
12
22
28
29
21
11
-3
-6
-20
-20
-26
-14
-5
1
17
27
24
29
25
17
13
6
5
-4
-8
-4
-12
-13
-24
-32
-34
-43
-39
-39
-47
-34
-28
-20
-19
-18
-31
-24
-42
-40
-37
-40
-28
-32
-35
-30
-30
-32
-25
-28
-23
-20
-7
5
0
-5
-22
-47
-63
-68
-66
-54
-29
-5
11
7
6
6
0
6
-2
-10
-9
-9
-5
-18
-23
-32
-40
-25
1
17
25
10
-14
-31
-35
-25
-15
-25
-33
-44
-42
-27
-7
1
8
-5
-21
-29
-38
-30
-28
-25
-16
-23
-52
-71
-82
-81
-70
-40
-21
5
18
35
49
57
59
50
37
16
9
0
3
11
25
31
32
32
7
10
14
26
28
39
48
52
46
35
28
15
5
-8
-19
-4
18
14
-6
-35
-48
-65
-68
-70
-73
-68
-49
-38
-23
-26
-22
-39
-46
-56
-73
-83
-84
-74
-55
-8
