-28
-44
-63
-85
-94
-101
-109
-111
-109
-105
-106
-108
-108
-107
-104
-104
-104
-113
-111
-109
-108
-107
-107
-100
-91
-78
-76
-80
-82
-77
-67
-60
-51
-45
-36
-35
-31
-37
-42
-48
-53
-58
-59
-53
-47
-35
-20
-11
-11
-9
2
5
16
26
32
30
16
-1
-17
-23
-11
0
3
7
-1
-2
-10
3
34
60
73
75
85
97
108
109
94
69
39
19
16
13
14
-4
-6
-20
-20
-4
8
18
8
8
5
-1
-1
-4
2
5
7
15
14
17
21
11
0
-6
-27
-42
-52
-51
-53
-60
-67
-71
-78
-80
-74
-64
-56
-57
-66
-75
-84
-85
-98
-108
-113
-121
-125
-130
-132
-142
-144
-146
-142
-141
-138
-138
-134
-136
-135
-128
-115
-102
-105
-114
-135
-158
-175
-189
-195
-190
-186
-170
-153
-133
-114
-95
-80
-72
-72
-70
-75
-86
-96
-102
-111
-114
-117
-118
-123
-130
-137
-146
-150
-153
-150
-147
-141
-142
-149
-153
-162
-165
-169
-169
-162
-159
-155
-158
-159
-166
-171
-177
-180
-173
-156
-138
-127
-126
-123
-116
-115
-110
-106
-92
-75
-49
-27
4
27
51
65
72
78
82
81
86
90
98
106
113
118
119
123
123
127
130
135
144
155
168
170
167
164
161
159
158
151
139
128
113
108
98
84
68
46
31
17
3
-15
-26
-36
-41
-51
-62
-71
-81
-85
-89
-89
-85
-77
-63
-64
-58
-50
-47
-49
-49
-56
-61
-71
-80
-88
-95
-95
-95
-90
-87
-92
-98
-105
-101
-101
-95
-96
-92
-91
-92
-87
-87
-82
-77
-71
-67
-69
-71
-79
-82
-92
-95
-94
-89
-87
-82
-71
-48
-12
15
27
29
18
-5
-44
-47
-30
26
76
118
147
167
174
169
168
164
163
158
159
164
157
148
138
124
108
92
80
61
48
27
16
-2
-16
-29
-47
-59
-64
-66
-64
-58
-63
-74
-90
-107
-125
-144
-156
-164
-171
-177
-184
-189
-185
-177
-163
-150
-139
-123
-109
-97
-83
-75
-62
-59
-62
-64
-62
-56
-51
-42
-34
-20
-11
2
5
3
-8
-19
-30
-50
-72
-80
-76
-62
-40
-17
3
18
33
44
46
44
38
41
46
51
54
56
58
54
55
54
49
45
31
20
17
7
1
3
0
-9
-13
-22
-15
-6
1
-2
-8
-16
-32
-50
-63
-78
-93
-102
-109
-107
-103
-94
-80
-62
-46
-37
-37
-49
-54
-61
-75
-90
-106
-117
-127
-135
-143
-151
-153
-153
-152
-150
-147
-139
-131
-120
-108
-103
-112
-128
-139
-144
-136
-126
-111
-99
-89
-82
-83
-81
-75
-61
-48
-33
-35
-28
-17
4
20
26
39
49
58
62
60
55
51
48
59
69
81
70
61
62
69
87
78
66
47
36
32
32
34
30
33
33
35
34
26
16
9
14
28
44
59
64
66
67
70
77
81
84
78
61
42
30
24
19
7
-12
-32
-35
-22
-11
-2
-3
-3
-16
-42
-70
-97
-115
-134
-141
-144
-144
-140
-138
-130
-123
-113
-107
-105
-101
-101
-96
-89
-77
-68
-71
-79
-99
-130
-173
-211
-239
-248
-249
-241
-228
-213
-194
-172
-151
-132
-116
-107
-104
-100
-102
-100
-95
-91
-87
-83
-78
-72
-64
-61
-62
-70
-79
-81
-85
-90
-94
-93
-93
-89
-84
-83
-79
-69
-55
-55
-63
-81
-97
-93
-70
-41
-19
-6
-12
-12
-12
8
19
37
54
72
88
99
106
106
101
97
93
91
83
70
60
48
39
30
18
9
1
-5
-6
-15
-20
-23
-25
-21
-22
-26
-25
-32
-51
-68
-82
-104
-124
-138
-150
-157
-164
-161
-154
-145
-141
-138
-134
-122
-113
-107
-100
-91
-87
-82
-76
-66
-60
-47
-29
-12
1
3
-11
-14
-11
-9
-6
-7
0
9
18
15
21
25
34
36
26
7
1
5
7
4
9
12
20
29
47
61
74
64
54
39
31
30
29
34
29
17
-3
-14
-18
-28
-30
-34
-28
-26
-28
-15
-5
9
9
-4
-20
-37
-48
-61
-72
-76
-75
-74
-71
-67
-66
-60
-55
-47
-35
-15
-10
-3
-18
-45
-81
-113
-136
-148
-149
-141
-121
-106
-102
-103
-108
-114
-110
-107
-103
-103
-104
-107
-113
-125
-132
-137
-133
-130
-129
-129
-125
-114
-101
-84
-67
-51
-37
-25
-19
-18
-17
-18
-19
-22
-22
-20
-21
-12
-8
-3
6
14
21
20
7
-12
-31
-53
-56
-59
-51
-40
-31
-24
-10
12
25
31
39
53
65
73
80
75
69
59
48
38
30
25
10
3
-15
-10
-14
-15
-22
-39
-56
-75
-93
-108
-118
-121
-120
-119
-116
-111
-106
-90
-66
-48
-37
-41
-47
-55
-58
-62
-63
-71
-77
-87
-98
-109
-112
-113
-110
-101
-76
-49
-18
4
23
29
24
5
-18
-35
-38
-40
-42
-39
-26
-17
-15
-1
14
33
43
41
38
28
27
27
27
28
22
16
21
24
35
42
45
39
22
12
10
11
12
12
10
1
-8
-19
-24
-18
-20
-35
-51
-66
-73
-75
-67
-58
-57
-62
-64
-72
-74
-68
-54
-39
-30
-26
-30
-44
-51
-65
-77
-95
-116
-138
-158
-176
-181
-176
-168
-156
-148
-139
-131
-127
-122
-116
-108
-101
-98
-89
-84
-78
-79
-73
-68
-59
-58
-60
-60
-61
-62
-62
-64
-64
-61
-60
-56
-54
-48
-42
-40
-29
-25
-10
-1
3
6
9
10
10
18
10
-9
-36
-49
-40
-30
-15
-5
3
36
63
95
110
103
106
98
99
97
92
91
77
74
70
74
75
71
74
77
93
91
82
76
66
59
41
30
24
20
23
17
16
2
-9
-28
-37
-37
-38
-33
-32
-12
10
23
21
-12
-56
-97
-125
-146
-152
-153
-150
-148
-148
-146
-144
-138
-131
-125
-122
-126
-131
-141
-144
-143
-143
-148
-153
-159
-161
-162
-161
-157
-155
-145
-137
-129
-123
-115
-105
-97
-85
-81
-75
-72
-59
-52
-52
-57
-68
-70
-73
-66
-59
-52
-47
-43
-46
-43
-41
-40
-31
-15
5
21
28
33
45
53
72
81
84
88
97
112
125
142
160
169
171
165
151
147
134
116
99
87
75
58
45
40
38
39
36
30
23
18
15
13
8
-3
-16
-28
-41
-47
-59
-62
-61
-69
-82
-97
-108
-119
-133
-147
-158
-162
-160
-152
-142
-130
-109
-95
-84
-89
-98
-116
-134
-149
-162
-164
-163
-156
-154
-151
-143
-128
-109
-98
-88
-81
-71
-61
-59
-58
-59
-52
-55
-57
-65
-68
-68
-63
-54
-45
-39
-33
-23
-24
-21
-31
-28
-10
6
20
36
29
23
24
32
48
56
60
58
58
62
55
58
58
57
58
60
59
53
43
23
16
11
5
4
-10
-16
-24
-29
-22
-15
-12
-10
-6
-8
-10
-10
-11
-6
4
11
14
16
22
20
8
-8
-24
-36
-39
-42
-44
-52
-72
-88
-103
-108
-102
-92
-80
-76
-77
-101
-126
-154
-169
-175
-172
-172
-173
-176
-175
-172
-172
-169
-167
-161
-160
-158
-161
-163
-163
-165
-166
-163
-153
-141
-132
-126
-119
-109
-97
-90
-89
-88
-78
-63
-50
-40
-32
-34
-38
-41
-41
-38
-27
-14
-10
-13
-9
-2
4
7
17
27
26
22
18
20
27
31
41
45
69
79
95
120
149
171
168
149
117
99
80
64
50
37
41
38
34
34
19
0
-8
-7
-3
9
19
23
30
25
10
2
-1
2
5
0
-11
-17
-27
-40
-45
-52
-43
-29
-12
-8
-18
-44
-81
-118
-140
-144
-141
-141
-136
-130
-118
-106
-92
-82
-78
-75
-74
-70
-66
-64
-66
-66
-74
-84
-101
-118
-136
-153
-168
-181
-188
-192
-190
-186
-178
-167
-154
-147
-142
-132
-128
-124
-127
-125
-122
-115
-103
-92
-82
-77
-75
-75
-74
-70
-67
-62
-57
-47
-43
-38
-27
-27
-21
-14
-5
-3
2
9
10
11
7
1
-6
-3
-4
1
0
8
20
25
23
20
22
16
21
16
17
22
30
46
56
66
66
60
58
68
84
98
107
107
107
102
91
79
64
59
58
53
50
48
53
57
55
42
30
14
4
-17
-23
-27
-18
-16
-22
-23
-40
-39
-42
-45
-42
-47
-50
-66
-79
-87
-86
-83
-86
-89
-99
-100
-101
-97
-103
-114
-128
-142
-150
-145
-142
-135
-133
-127
-124
-121
-116
-111
-96
-88
-73
-59
-49
-36
-24
-15
-16
-16
-33
-51
-66
-79
-91
-90
-94
-90
-79
-62
-41
-25
-16
-19
-26
-41
-42
-62
-79
-93
-96
-88
-77
-71
-70
-71
-68
-66
-59
-56
-51
-52
-60
-72
-78
-83
-83
-82
-83
-93
-102
-113
-121
-128
-124
-120
-110
-99
-94
-83
-73
-67
-59
-48
-31
-19
-18
-19
-21
-16
-6
-1
3
0
-7
-25
-38
-54
-56
-51
-42
-23
-8
-3
-9
-5
-2
3
11
14
19
26
39
58
77
88
91
88
74
67
65
75
91
107
113
109
108
104
105
108
100
90
78
66
45
22
-3
-20
-35
-52
-62
-69
-70
-75
-78
-84
-84
-82
-80
-76
-79
-80
-82
-74
-62
-54
-51
-53
-63
-74
-82
-87
-86
-76
-67
-55
-61
-68
-83
-101
-118
-123
-124
-116
-109
-112
-121
-128
-130
-126
-121
-113
-106
-101
-94
-84
-72
-55
-41
-29
-28
-22
-19
-17
-20
-36
-46
-54
-58
-67
-68
-67
-64
-59
-50
-39
-17
-11
-10
-13
-26
-37
-45
-48
-55
-52
-46
-41
-31
-32
-33
-34
-35
-36
-29
-38
-44
-45
-48
-47
-44
-33
-21
3
17
23
22
22
21
21
29
20
23
11
4
-4
-9
-5
-11
-21
-25
-30
-34
-36
-47
-47
-54
-65
-73
-86
-92
-91
-92
-86
-80
-70
-72
-71
-80
-92
-110
-127
-133
-132
-130
-120
-110
-101
-93
-77
-67
-53
-41
-30
-27
-27
-36
-48
-49
-48
-40
-38
-39
-44
-55
-67
-78
-86
-92
-91
-90
-92
-90
-79
-65
-52
-38
-37
-37
-40
-36
-41
-38
-29
-19
-8
-8
-13
-13
-16
-13
-16
-17
-16
-17
-19
-21
-21
-15
-5
-6
-2
2
19
38
52
61
68
85
86
94
97
104
97
97
95
109
110
104
97
88
80
73
64
55
57
53
51
45
40
40
39
38
22
3
2
10
29
41
40
32
15
4
-12
-27
-33
-40
-42
-48
-45
-40
-34
-23
-7
0
6
9
4
-8
-39
-72
-107
-137
-158
-175
-181
-178
-170
-165
-156
-142
-115
-95
-72
-64
-60
-73
-94
-122
-145
-159
-161
-166
-170
-178
-187
-188
-183
-173
-161
-148
-135
-124
-119
-117
-115
-119
-113
-107
-100
-102
-100
-104
-98
-96
-92
-89
-88
-90
-91
-92
-88
-74
-59
-53
-53
-58
-63
-69
-75
-72
-57
-44
-41
-29
-30
-17
-8
12
29
45
57
61
64
58
47
48
44
53
63
82
98
112
118
118
111
108
111
116
120
118
109
100
92
86
75
55
38
19
1
-12
-24
-35
-44
-51
-52
-58
-54
-56
-51
-51
-56
-61
-69
-73
-81
-85
-92
-91
-81
-83
-85
-91
-90
-90
-86
-86
-84
-77
-72
-71
-74
-76
-74
-73
-69
-72
-73
-73
-70
-70
-68
-69
-66
-73
-74
-67
-60
-50
-54
-58
-70
-77
-80
-77
-73
-64
-54
-47
-44
-42
-41
-31
-24
-23
-28
-25
-28
-32
-40
-47
-37
-29
-28
-16
-8
10
20
17
27
42
45
45
22
19
20
34
28
16
-10
-23
-29
-37
-33
-22
-7
11
16
28
26
16
1
-26
-51
-76
-84
-86
-84
-76
-66
-60
-57
-49
-40
-28
-17
-17
-35
-51
-75
-99
-120
-129
-135
-137
-132
-130
-121
-112
-98
-82
-68
-61
-59
-67
-74
-83
-89
-100
-105
-111
-111
-110
-108
-102
-101
-94
-91
-81
-76
-65
-59
-50
-45
-45
-41
-39
-41
-46
-46
-43
-35
-29
-21
-18
-16
-25
-35
-41
-41
-40
-30
-32
-35
-34
-38
-39
-35
-36
-43
-45
-43
-35
-32
-28
-24
-34
-22
-19
-13
-9
-4
16
26
36
46
67
87
109
120
124
127
128
133
125
116
103
86
69
54
42
41
40
43
51
62
62
59
45
39
26
9
-18
-35
-52
-53
-50
-47
-47
-45
-34
-30
-19
-22
-44
-70
-104
-134
-159
-173
-177
-175
-164
-155
-142
-132
-118
-103
-88
-77
-67
-65
-66
-68
-73
-82
-92
-98
-104
-118
-136
-157
-171
-178
-170
-166
-156
-147
-137
-126
-121
-110
-105
-97
-91
-85
-76
-73
-67
-63
-64
-65
-69
-74
-78
-73
-73
-71
-63
-51
-30
-27
-21
-18
-14
1
12
24
44
62
76
83
81
76
65
66
66
71
60
61
58
57
60
65
70
81
76
82
88
83
69
51
31
31
30
17
-4
-27
-27
-13
8
8
-4
-14
-25
-11
-6
11
16
27
32
31
22
8
-1
-14
-18
-19
-13
-9
-14
-20
-37
-57
-84
-102
-119
-127
-128
-120
-113
-109
-109
-114
-107
-109
-115
-131
-147
-156
-166
-177
-183
-188
-181
-172
-163
-158
-150
-138
-127
-118
-119
-122
-128
-125
-113
-99
-91
-83
-81
-82
-80
-79
-74
-72
-64
-59
-58
-62
-67
-70
-67
-62
-68
-74
-78
-73
-59
-51
-46
-40
-37
-31
-19
-12
-3
-2
3
5
4
10
9
9
11
5
2
-5
1
10
19
31
37
49
61
68
72
78
84
84
74
71
67
73
74
87
104
124
132
136
133
123
111
88
64
47
29
17
6
0
-8
-26
-34
-41
-48
-46
-50
-48
-47
-41
-45
-45
-48
-38
-32
-19
-20
-25
-39
-66
-87
-107
-121
-128
-132
-135
-140
-141
-136
-130
-121
-118
-115
-116
-118
-122
-126
-129
-138
-146
-148
-142
-134
-128
-128
-136
-148
-157
-156
-153
-145
-143
-137
-135
-132
-126
-128
-122
-118
-106
-93
-85
-77
-75
-69
-67
-60
-61
-61
-55
-52
-51
-47
-39
-33
-26
-29
-37
-41
-40
-36
-39
-30
-27
-15
-4
18
29
28
-1
-20
-27
-19
-5
3
25
49
70
88
105
128
139
142
129
109
99
92
89
77
62
51
42
27
9
-6
-20
-33
-42
-50
-43
-37
-35
-27
-13
0
18
33
43
45
28
-13
-58
-96
-118
-116
-108
-106
-104
-105
-95
-90
-82
-80
-81
-80
-82
-80
-76
-63
-62
-57
-58
-52
-65
-88
-122
-153
-178
-192
-199
-198
-192
-182
-172
-165
-154
-139
-129
-121
-118
-113
-107
-102
-92
-85
-74
-64
-61
-52
-43
-38
-32
-32
-32
-31
-30
-35
-33
-32
-27
-18
-7
-10
-16
-21
-27
-29
-32
-30
-31
-35
-24
-16
0
8
7
5
3
11
18
19
11
7
13
36
49
50
47
54
71
91
116
130
139
135
135
134
135
148
152
149
138
123
106
97
84
67
48
33
17
-5
-22
-30
-32
-37
-41
-43
-44
-43
-43
-40
-45
-47
-45
-53
-45
-31
-15
-11
-22
-48
-89
-123
-151
-165
-169
-162
-157
-151
-143
-133
-117
-113
-107
-103
-98
-93
-92
-95
-98
-99
-103
-108
-114
-116
-119
-117
-109
-100
-101
-103
-104
-107
-107
-101
-96
-94
-87
-77
-66
-55
-53
-55
-59
-64
-74
-77
-81
-83
-86
-81
-68
-50
-36
-25
-25
-29
-33
-36
-35
-39
-69
-90
-97
-78
-45
-25
-10
-3
10
18
40
63
94
114
132
142
147
142
136
122
111
100
98
98
80
67
53
47
44
34
21
12
-4
-18
-52
-73
-79
-77
-69
-53
-46
-45
-34
-20
1
23
27
12
-21
-58
-94
-113
-124
-121
-117
-107
-101
-90
-88
-86
-82
-77
-70
-66
-68
-72
-75
-78
-85
-93
-109
-121
-132
-138
-140
-142
-138
-134
-127
-116
-106
-93
-79
-70
-57
-49
-50
-48
-50
-45
-52
-57
-61
-66
-70
-71
-76
-78
-78
-71
-62
-51
-43
-27
-20
-8
-13
-18
-19
-20
-3
8
14
12
3
-8
-11
-9
-16
-9
-3
7
16
25
35
39
42
41
39
32
22
8
1
-5
2
8
12
36
57
78
93
88
80
64
42
29
6
1
-15
-28
-49
-75
-73
-69
-65
-72
-94
-96
-93
-89
-78
-67
-50
-42
-25
-5
21
43
50
24
-4
-37
-55
-73
-92
-103
-111
-108
-100
-89
-75
-67
-65
-76
-90
-106
-116
-129
-138
-137
-135
-131
-136
-144
-151
-155
-155
-151
-147
-146
-140
-139
-138
-132
-133
-128
-122
-120
-117
-113
-114
-117
-118
-118
-113
-106
-103
-103
-99
-87
-64
-38
-15
8
19
19
17
19
30
37
33
15
-3
-19
-21
-8
-3
1
0
-7
-12
-4
-5
-11
-13
-10
-9
-14
-10
-8
4
18
28
45
56
66
68
71
77
88
91
94
107
111
120
122
123
123
122
117
105
97
85
72
46
18
-2
-21
-39
-45
-55
-67
-80
-90
-100
-98
-93
-89
-86
-86
-89
-96
-104
-106
-107
-107
-107
-115
-121
-127
-129
-126
-127
-127
-135
-143
-149
-152
-152
-147
-140
-141
-146
-150
-148
-137
-128
-126
-129
-133
-128
-120
-111
-104
-95
-89
-83
-79
-80
-80
-75
-67
-60
-53
-50
-40
-41
-30
-18
-7
7
25
31
26
11
11
13
11
7
-6
-22
-30
-31
-13
14
34
44
41
32
30
28
23
21
18
16
10
3
2
3
14
17
18
2
-16
-29
-37
-30
-24
-19
-19
-20
-20
-18
-20
-21
-33
-41
-53
-73
-84
-91
-93
-92
-95
-91
-90
-82
-71
-68
-68
-72
-76
-85
-85
-92
-100
-114
-123
-124
-126
-118
-111
-100
-94
-87
-77
-71
-60
-55
-49
-52
-55
-63
-74
-82
-82
-82
-74
-59
-48
-47
-44
-42
-45
-40
-40
-39
-38
-41
-38
-36
-38
-39
-40
-41
-37
-28
-25
-22
-23
-11
-9
-5
-1
-4
-10
-3
-14
-20
-40
-35
-18
16
53
86
113
133
153
170
171
168
158
144
139
123
110
98
86
83
79
81
74
62
48
36
26
24
15
6
-5
-7
-16
-18
-38
-49
-73
-82
-84
-83
-90
-94
-95
-97
-100
-106
-116
-115
-119
-117
-119
-117
-113
-106
-108
-103
-104
-109
-120
-129
-130
-131
-121
-116
-97
-92
-84
-84
-83
-89
-90
-90
-90
-83
-84
-83
-87
-89
-91
-89
-89
-86
-87
-87
-92
-91
-90
-80
-68
-56
-51
-46
-47
-50
-49
-37
-11
13
43
81
116
142
148
147
137
140
143
141
141
126
114
106
100
104
104
97
85
71
57
47
29
9
0
0
0
2
-3
-6
-6
-11
-24
-44
-75
-102
-120
-127
-121
-117
-113
-113
-115
-118
-118
-114
-112
-109
-103
-101
-105
-110
-117
-120
-121
-123
-121
-116
-110
-101
-87
-72
-63
-61
-59
-57
-53
-47
-45
-50
-53
-56
-55
-54
-58
-64
-66
-71
-81
-82
-81
-91
-94
-100
-88
-69
-48
-27
-1
9
30
50
77
104
109
110
109
112
121
110
96
88
79
75
60
46
30
19
12
12
17
22
24
23
9
0
-15
-24
-46
-60
-80
-92
-97
-97
-87
-88
-85
-89
-87
-94
-101
-115
-123
-130
-131
-127
-130
-132
-141
-148
-153
-152
-147
-151
-155
-164
-167
-169
-167
-163
-164
-166
-162
-151
-140
-124
-109
-94
-79
-70
-59
-52
-44
-43
-39
-32
-38
-49
-53
-58
-59
-61
-67
-68
-68
-69
-69
-69
-67
-65
-63
-58
-67
-77
-96
-108
-107
-106
-85
-63
-37
-11
24
55
74
74
73
80
92
98
89
74
60
50
56
66
65
67
64
59
57
47
43
38
39
43
40
39
29
37
40
44
52
49
40
30
17
8
-8
-34
-54
-72
-81
-81
-83
-68
-63
-55
-53
-50
-45
-38
-27
-22
-31
-43
-57
-61
-80
-103
-130
-155
-171
-175
-175
-171
-169
-161
-153
-146
-139
-134
-130
-129
-126
-123
-122
-112
-101
-85
-68
-54
-50
-50
-48
-55
-51
-54
-47
-48
-51
-51
-57
-63
-66
-62
-57
-46
-29
-22
-12
-11
-23
-34
-42
-29
3
15
26
38
41
48
41
30
34
46
50
47
56
80
101
111
115
126
145
157
152
143
140
137
119
88
60
44
42
44
45
46
46
44
41
37
27
22
23
26
31
36
40
47
57
57
54
51
47
37
21
7
-2
-12
-21
-43
-82
-127
-162
-181
-192
-198
-197
-194
-184
-172
-162
-151
-140
-128
-120
-115
-112
-117
-121
-126
-121
-117
-109
-102
-94
-96
-101
-110
-119
-116
-110
-104
-105
-105
-107
-104
-96
-98
-100
-103
-96
-72
-58
-41
-29
-19
-4
8
11
4
-9
-17
-27
-54
-89
-107
-106
-85
-59
-26
-4
14
10
3
2
4
5
19
19
30
36
38
44
51
61
76
87
76
54
40
25
37
45
54
51
44
36
26
22
22
25
24
22
23
17
23
17
5
-20
-49
-76
-101
-117
-125
-126
-120
-109
-94
-88
-93
-110
-135
-162
-180
-192
-198
-197
-189
-178
-167
-156
-156
-158
-163
-161
-155
-148
-141
-138
-138
-130
-119
-112
-106
-102
-94
-84
-75
-68
-62
-61
-57
-58
-56
-55
-53
-50
-48
-39
-26
-3
11
19
20
26
43
63
74
79
86
95
101
109
111
115
119
114
108
95
78
61
40
20
20
23
33
50
63
66
73
66
66
67
75
77
80
72
64
53
37
28
13
-1
-8
-16
-33
-50
-63
-76
-88
-92
-100
-104
-111
-116
-119
-114
-108
-99
-92
-85
-78
-73
-67
-68
-71
-82
-87
-90
-94
-100
-110
-117
-125
-123
-118
-110
-101
-93
-93
-99
-102
-103
-101
-99
-97
-93
-88
-79
-74
-73
-71
-70
-67
-67
-64
-65
-68
-70
-71
-74
-78
-78
-73
-69
-63
-51
-35
-20
-14
-16
-16
-4
14
29
45
57
62
67
67
67
66
62
61
65
63
51
47
22
11
11
15
16
5
-2
-11
-14
-22
-38
-60
-77
-89
-88
-81
-67
-52
-39
-40
-37
-38
-35
-31
-36
-34
-39
-53
-71
-87
-97
-98
-102
-91
-80
-70
-65
-62
-68
-76
-82
-100
-124
-143
-153
-147
-134
-123
-118
-133
-151
-170
-187
-199
-203
-203
-192
-183
-170
-159
-144
-129
-118
-108
-104
-102
-107
-108
-106
-100
-97
-92
-87
-86
-91
-92
-97
-97
-92
-88
-82
-77
-69
-58
-49
-42
-32
-24
-8
0
15
23
26
24
28
30
35
43
50
58
58
55
56
63
64
58
52
39
37
51
73
82
73
39
20
23
43
52
59
59
63
64
67
69
74
64
45
25
12
-54
