18
30
41
57
72
80
91
95
95
88
88
84
75
67
65
73
82
84
78
61
48
32
7
-20
-38
-57
-69
-71
-67
-60
-55
-52
-47
-24
-6
3
-3
-16
-26
-29
-29
-18
-11
1
10
21
22
17
5
-6
-18
-27
-36
-40
-36
-28
-23
-16
-10
-10
-11
-14
-14
-14
-16
-21
-27
-39
-50
-58
-56
-59
-66
-68
-83
-94
-101
-105
-100
-98
-99
-102
-115
-123
-127
-125
-121
-121
-113
-117
-120
-129
-137
-143
-148
-151
-145
-126
-112
-95
-80
-73
-68
-71
-76
-84
-84
-88
-89
-99
-98
-98
-98
-91
-70
-62
-40
-15
1
14
7
2
-5
-8
1
13
27
33
25
-1
-31
-57
-83
-93
-102
-102
-101
-98
-101
-101
-102
-93
-81
-76
-68
-65
-60
-59
-63
-63
-69
-69
-70
-74
-73
-66
-58
-56
-53
-47
-30
-15
3
16
23
30
41
55
64
68
67
67
47
28
18
20
29
34
43
49
55
60
58
50
38
30
20
19
25
32
43
48
46
39
42
52
61
67
46
15
-5
-11
11
23
34
42
52
64
81
45
13
-30
-47
-45
-47
-44
-34
-30
-20
-14
-13
-18
-24
-25
-20
-13
-1
6
13
21
37
48
59
56
48
35
28
23
20
14
12
17
18
23
26
36
50
73
89
94
99
78
26
-33
-73
-85
-86
-86
-85
-93
-103
-110
-123
-134
-146
-154
-162
-168
-169
-169
-171
-174
-180
-182
-174
-162
-146
-130
-112
-93
-81
-63
-51
-38
-20
2
19
36
52
70
87
102
111
115
111
106
101
95
90
89
90
92
99
98
95
80
72
54
45
53
75
101
118
136
144
149
151
139
128
108
97
78
58
41
23
-1
-18
-41
-62
-83
-93
-96
-103
-108
-114
-117
-117
-113
-110
-102
-96
-97
-107
-118
-127
-137
-155
-168
-178
-185
-187
-188
-194
-198
-196
-190
-180
-173
-163
-157
-154
-154
-151
-153
-151
-146
-150
-155
-159
-151
-133
-109
-74
-62
-53
-46
-43
-42
-34
-45
-44
-35
-51
-69
-103
-108
-94
-87
-75
-69
-57
-49
-41
-29
-21
-18
-22
-25
-27
-27
-30
-36
-53
-61
-65
-74
-79
-95
-92
-94
-77
-62
-58
-56
-60
-68
-74
-73
-76
-82
-84
-92
-103
-107
-92
-62
-41
-31
-53
-74
-86
-94
-103
-111
-115
-120
-128
-133
-140
-143
-150
-154
-154
-158
-159
-158
-158
-155
-151
-150
-151
-152
-146
-137
-131
-115
-99
-78
-59
-58
-65
-73
-76
-73
-77
-80
-80
-84
-92
-99
-102
-112
-116
-118
-114
-105
-92
-81
-73
-64
-48
-42
-41
-41
-45
-47
-47
-46
-30
-10
8
23
23
22
20
11
1
-1
-8
-13
-17
-21
-25
-34
-40
-54
-65
-65
-71
-63
-58
-39
-30
-22
-17
-22
-32
-36
-34
-26
-13
-4
-1
-4
-12
-15
-18
-19
-17
-13
-14
-11
-9
-4
5
14
24
34
42
44
32
15
3
-5
-9
-8
-1
-3
-8
-13
-14
-12
1
16
29
41
55
66
78
88
98
99
92
84
77
75
83
87
87
80
68
53
28
20
17
15
13
6
-5
-13
-16
-17
-23
-30
-39
-56
-65
-73
-76
-73
-63
-49
-52
-42
-32
-20
-12
-5
3
11
20
21
32
33
33
45
55
67
79
91
112
126
139
149
150
142
118
89
53
19
-9
-40
-53
-64
-75
-82
-98
-102
-111
-113
-117
-115
-103
-90
-77
-64
-44
-30
-3
10
30
46
64
82
93
99
104
106
103
97
89
82
78
73
68
59
50
45
31
29
35
36
40
48
61
81
95
114
120
124
119
107
86
65
39
11
-21
-44
-64
-79
-94
-106
-112
-115
-113
-111
-115
-123
-130
-137
-146
-141
-138
-132
-128
-125
-123
-122
-117
-108
-99
-89
-85
-78
-75
-70
-57
-49
-37
-27
-21
-13
-6
9
21
29
25
20
19
21
20
13
4
-11
-28
-36
-34
-28
-7
12
35
56
69
79
81
76
68
49
31
10
-3
-18
-37
-56
-65
-79
-91
-102
-119
-124
-130
-128
-131
-133
-126
-124
-126
-139
-159
-180
-196
-202
-208
-212
-206
-196
-189
-187
-187
-182
-174
-163
-155
-145
-136
-122
-111
-102
-93
-90
-99
-103
-104
-107
-103
-102
-99
-105
-112
-115
-126
-130
-121
-109
-101
-100
-88
-89
-69
-53
-35
-27
-16
-9
-6
-8
-13
-26
-31
-44
-38
-41
-36
-35
-51
-69
-86
-95
-106
-116
-123
-128
-129
-122
-114
-105
-106
-98
-95
-90
-82
-73
-65
-66
-59
-64
-61
-49
-57
-58
-61
-53
-39
-21
-1
19
39
52
48
29
5
-7
-25
-41
-60
-70
-70
-65
-57
-49
-30
-17
-7
-5
-8
-3
-3
-4
6
20
34
41
46
38
38
39
35
31
24
17
-1
-7
-16
-16
-19
-14
-7
-1
-1
-6
-29
-49
-78
-95
-113
-131
-148
-157
-162
-150
-134
-108
-92
-82
-81
-91
-98
-100
-101
-95
-92
-81
-87
-97
-111
-121
-115
-109
-97
-83
-77
-70
-75
-88
-99
-108
-109
-104
-94
-77
-62
-45
-32
-23
-20
-13
-15
-11
-5
-2
7
6
13
9
-7
-18
-28
-40
-39
-27
-11
-1
8
7
5
-1
-10
-13
-17
-19
-21
-24
-20
-20
-19
-26
-34
-37
-33
-22
-14
-13
-20
-29
-37
-53
-59
-67
-73
-81
-77
-68
-55
-44
-33
-27
-20
-18
-20
-31
-30
-29
-31
-31
-38
-49
-61
-62
-64
-59
-47
-39
-37
-49
-58
-67
-64
-55
-32
-10
20
43
52
55
43
34
23
21
22
7
-1
-9
-12
-11
-11
-7
-12
-17
-20
-15
-17
-15
-23
-29
-31
-23
-11
-7
-8
-13
-17
-9
4
7
13
9
9
-3
-11
-13
-8
-17
-22
-32
-32
-35
-30
-29
-29
-34
-42
-49
-49
-44
-44
-49
-48
-55
-57
-61
-54
-50
-51
-51
-66
-76
-81
-82
-88
-91
-90
-77
-70
-61
-49
-46
-32
-24
-7
-5
10
16
16
15
9
5
7
3
1
-13
-18
-12
-15
-20
-25
-39
-38
-32
-32
-19
-24
-22
-20
-26
-34
-28
-31
-28
-24
-17
-11
-4
8
14
18
24
36
44
50
55
60
60
60
56
49
44
40
29
17
5
-9
-17
-27
-32
-35
-36
-34
-43
-50
-62
-69
-76
-83
-79
-71
-64
-55
-52
-47
-44
-39
-37
-30
-18
-21
-23
-32
-45
-55
-61
-56
-57
-51
-55
-51
-57
-61
-61
-55
-53
-50
-44
-30
-19
1
10
23
31
37
34
27
23
23
25
24
23
11
-4
-20
-20
-32
-30
-37
-39
-32
-22
-14
-16
-22
-19
-23
-29
-29
0
24
51
40
28
21
-1
-25
-50
-62
-60
-59
-58
-62
-68
-72
-72
-70
-71
-72
-70
-67
-62
-50
-39
-36
-35
-36
-33
-24
-14
-4
8
16
29
41
44
47
48
43
43
46
52
56
62
68
78
88
102
100
88
86
77
66
50
40
29
28
24
27
26
32
35
31
28
25
32
30
32
39
45
53
57
61
60
59
61
65
75
91
104
105
101
84
65
48
34
28
22
20
14
0
-18
-32
-48
-69
-83
-88
-88
-81
-78
-72
-68
-66
-63
-72
-78
-78
-78
-68
-63
-55
-57
-55
-50
-48
-49
-49
-46
-39
-40
-33
-27
-22
-26
-29
-35
-40
-46
-57
-74
-75
-78
-74
-70
-69
-65
-55
-40
-23
-19
-10
-7
-4
-8
-19
-34
-57
-74
-82
-94
-104
-107
-113
-115
-115
-107
-98
-89
-77
-77
-84
-90
-98
-105
-114
-114
-116
-116
-113
-109
-103
-87
-66
-45
-23
-4
12
18
23
30
43
51
59
64
65
61
60
50
44
36
30
21
16
9
2
-7
-10
-17
-21
-34
-39
-49
-54
-55
-60
-63
-60
-56
-55
-62
-75
-77
-88
-98
-111
-123
-130
-137
-143
-150
-152
-152
-149
-145
-137
-120
-103
-85
-73
-65
-49
-29
-18
-2
5
14
14
13
3
-15
-37
-46
-55
-63
-69
-78
-84
-95
-102
-112
-115
-108
-93
-86
-78
-76
-68
-72
-80
-83
-89
-92
-97
-99
-100
-96
-83
-76
-75
-70
-64
-59
-54
-55
-64
-73
-87
-91
-91
-89
-86
-94
-111
-123
-138
-155
-163
-166
-161
-156
-140
-122
-110
-96
-80
-55
-23
18
54
77
93
97
90
75
59
37
13
-7
-35
-64
-78
-87
-90
-86
-88
-76
-59
-42
-44
-51
-66
-77
-78
-81
-64
-43
-23
-1
12
18
24
23
27
23
17
14
9
4
7
12
19
26
35
27
9
-4
-14
-20
-37
-56
-74
-77
-64
-47
-18
2
39
43
33
8
-46
-106
-167
-199
-204
-202
-186
-163
-144
-136
-137
-144
-155
-157
-158
-149
-140
-128
-119
-109
-96
-88
-80
-77
-68
-66
-69
-80
-92
-105
-105
-93
-74
-52
-35
-33
-36
-38
-43
-52
-54
-59
-62
-69
-76
-80
-77
-73
-68
-65
-63
-59
-57
-44
-34
-22
-18
-14
-14
-20
-26
-38
-48
-72
-87
-105
-111
-111
-118
-113
-108
-93
-71
-48
-21
4
37
70
102
135
169
196
220
236
248
258
265
270
271
269
262
252
241
233
226
210
192
166
139
118
111
111
108
101
91
79
63
38
-1
-40
-73
-91
-110
-116
-122
-130
-135
-142
-142
-137
-130
-117
-108
-100
-86
-77
-68
-60
-49
-41
-38
-35
-32
-30
-34
-36
-40
-47
-50
-56
-60
-56
-51
-40
-22
-12
-16
-29
-49
-64
-81
-83
-86
-88
-98
-108
-120
-133
-151
-155
-162
-159
-153
-143
-130
-121
-109
-104
-103
-103
-101
-101
-102
-98
-83
-69
-53
-43
-39
-44
-54
-67
-89
-105
-132
-160
-176
-174
-153
-136
-120
-111
-101
-94
-84
-75
-64
-53
-49
-49
-52
-54
-65
-70
-63
-43
-36
-35
-46
-45
-42
-40
-41
-52
-53
-45
-47
-56
-65
-73
-70
-65
-59
-59
-57
-53
-42
-35
-29
-16
-10
1
9
18
24
28
31
27
25
25
25
17
21
17
19
22
27
35
53
66
91
118
133
133
121
101
83
67
48
26
11
-3
-14
-26
-27
-30
-35
-47
-52
-51
-33
-19
-10
-8
-3
-3
-2
-3
-2
-1
2
4
1
-1
0
-1
0
-1
-1
3
2
9
17
20
22
15
7
-1
-5
-6
-11
-11
-9
-3
-12
-20
-25
-16
6
26
27
18
10
3
3
-2
10
23
52
82
96
102
92
78
58
44
31
12
-11
-30
-52
-72
-94
-106
-116
-137
-146
-161
-168
-183
-197
-205
-201
-180
-161
-150
-142
-144
-151
-160
-172
-180
-184
-182
-173
-158
-141
-116
-96
-79
-67
-62
-54
-40
-22
-10
4
4
6
2
16
39
72
110
169
175
169
134
93
58
17
-10
-22
-36
-43
-47
-52
-57
-66
-66
-73
-78
-74
-74
-68
-58
-38
-20
-6
4
6
4
0
-2
-5
-11
-21
-32
-42
-49
-53
-61
-60
-64
-62
-70
-74
-81
-87
-91
-96
-104
-109
-112
-111
-107
-100
-95
-94
-101
-109
-119
-135
-141
-144
-149
-147
-138
-128
-124
-119
-120
-111
-109
-105
-95
-86
-71
-60
-45
-29
-20
-17
-21
-29
-33
-39
-30
-19
-18
-15
-18
-7
3
1
-11
-34
-51
-55
-52
-49
-49
-46
-46
-52
-58
-62
-66
-63
-67
-73
-81
-90
-105
-124
-137
-145
-150
-146
-129
-99
-73
-51
-34
-16
-4
5
3
-6
-18
-24
-36
-38
-34
-37
-42
-51
-51
-56
-63
-67
-65
-59
-51
-39
-33
-29
-22
-25
-20
-10
2
14
29
34
29
18
7
14
9
11
0
-11
-19
-27
-37
-45
-47
-35
-15
12
52
93
107
97
59
37
33
45
48
49
47
36
19
-7
-29
-51
-73
-88
-89
-85
-69
-56
-42
-25
-7
16
32
49
63
62
68
78
98
105
113
120
123
125
121
112
101
91
90
77
71
64
69
84
91
103
101
99
88
60
33
5
-22
-41
-71
-93
-101
-111
-112
-119
-132
-142
-151
-158
-163
-162
-161
-159
-155
-152
-155
-164
-163
-171
-178
-189
-200
-210
-220
-221
-223
-217
-204
-186
-172
-162
-156
-146
-139
-127
-110
-101
-90
-84
-70
-64
-52
-39
-30
-28
-27
-32
-37
-37
-34
-26
-17
-12
-14
-16
-8
-9
-4
-8
-9
-19
-33
-47
-52
-59
-65
-77
-90
-101
-107
-115
-126
-139
-150
-161
-172
-175
-177
-172
-163
-150
-143
-140
-144
-142
-138
-133
-119
-110
-100
-85
-61
-45
-12
19
44
57
57
50
37
28
21
16
8
2
-1
-6
-10
-29
-43
-49
-49
-40
-27
-18
-1
11
17
20
21
17
16
13
9
10
18
19
20
12
9
9
12
16
20
18
21
28
27
25
18
8
-3
-16
-30
-36
-39
-34
-27
-26
-16
-18
-20
-22
-21
-15
-12
-12
-11
-11
-1
9
13
13
6
-8
-17
-27
-19
-11
-9
-8
-20
-30
-34
-34
-43
-51
-61
-72
-80
-80
-79
-72
-63
-54
-44
-41
-36
-28
-14
-8
-15
-37
-65
-96
-122
-127
-130
-110
-93
-77
-57
-41
-34
-21
-18
-16
-17
-26
-40
-50
-61
-69
-80
-85
-92
-90
-83
-81
-70
-62
-55
-51
-45
-45
-50
-40
-43
-45
-55
-53
-50
-33
-10
13
38
64
86
90
86
73
54
41
16
-3
-27
-44
-51
-56
-55
-49
-44
-37
-32
-23
-21
-20
-8
-3
6
12
24
31
34
38
40
40
48
61
78
81
64
27
-18
-57
-84
-105
-115
-123
-125
-123
-113
-92
-79
-66
-53
-43
-35
-25
-19
-6
14
35
57
71
80
82
79
71
70
61
56
50
39
26
6
-9
-19
-17
-19
-11
-9
-13
-11
-7
0
15
35
44
41
32
9
-17
-46
-67
-87
-95
-95
-95
-89
-85
-80
-76
-68
-61
-61
-57
-38
-13
18
40
38
9
-30
-60
-85
-93
-92
-85
-71
-55
-34
-16
3
15
23
32
36
51
66
83
95
94
76
49
25
10
5
10
20
26
29
24
15
2
-6
-13
-22
-26
-28
-36
-45
-42
-42
-44
-45
-41
-45
-27
-14
-2
18
37
53
65
76
87
95
99
99
100
98
94
89
76
60
53
43
32
16
4
0
-1
-2
-3
-2
-1
1
-9
-28
-48
-69
-78
-89
-99
-119
-135
-149
-159
-167
-169
-166
-164
-160
-157
-159
-164
-165
-157
-151
-143
-136
-134
-127
-127
-121
-115
-98
-79
-59
-42
-19
-6
-8
-25
-46
-70
-91
-112
-133
-149
-160
-161
-162
-158
-150
-141
-134
-121
-102
-85
-70
-51
-27
-3
14
34
42
46
52
46
46
47
55
58
59
57
51
43
31
20
4
-15
-34
-52
-77
-94
-107
-116
-116
-114
-112
-110
-104
-96
-88
-85
-73
-62
-51
-45
-44
-39
-22
-12
-12
-7
-10
-15
-19
-27
-36
-43
-58
-70
-85
-95
-103
-102
-99
-97
-89
-82
-79
-70
-59
-42
-33
-19
-15
-12
-23
-39
-67
-99
-108
-117
-114
-109
-100
-92
-88
-80
-66
-55
-40
-31
-19
-9
8
25
46
65
78
81
82
82
77
70
62
50
37
25
15
11
2
-1
-4
-9
-10
-5
2
16
23
26
32
33
38
48
49
51
54
54
57
63
60
56
44
29
11
-9
-26
-41
-55
-68
-79
-89
-96
-106
-116
-127
-133
-135
-134
-124
-108
-97
-80
-60
-32
-5
16
31
36
28
8
-15
-45
-71
-90
-107
-115
-112
-107
-98
-85
-74
-54
-30
-6
17
38
60
83
99
100
99
88
83
83
87
92
98
99
94
77
58
37
10
-16
-42
-62
-77
-84
-85
-85
-75
-78
-79
-81
-89
-96
-107
-126
-136
-144
-143
-134
-118
-102
-75
-47
-19
-4
1
-10
-38
-67
-86
-91
-96
-100
-108
-118
-125
-134
-142
-156
-166
-176
-190
-194
-194
-192
-181
-172
-163
-158
-151
-147
-143
-137
-125
-114
-110
-107
-106
-106
-104
-103
-109
-115
-120
-120
-121
-119
-114
-98
-73
-39
-3
31
63
88
99
99
89
69
37
-1
-30
-53
-65
-57
-43
-36
-34
-37
-50
-61
-69
-76
-85
-89
-91
-90
-89
-82
-78
-74
-60
-51
-40
-31
-26
-21
-10
-9
-2
0
-7
-13
-21
-36
-42
-39
-37
-42
-43
-50
-50
-56
-59
-69
-69
-63
-43
-25
-1
12
10
-5
-22
-35
-38
-43
-39
-43
-41
-37
-40
-41
-39
-31
-32
-23
-17
-14
-10
-4
-2
-3
-8
-10
-14
-17
-15
-2
0
0
-8
-20
-29
-35
-44
-51
-60
-57
-57
-47
-48
-51
-57
-62
-63
-54
-37
-20
-13
-1
10
26
37
46
56
61
69
74
80
84
86
80
57
25
-3
-22
-26
-33
-36
-48
-53
-59
-60
-60
-51
-46
-45
-40
-39
-33
-32
-19
-14
-1
4
14
20
26
38
49
58
59
64
66
59
52
40
21
11
1
-5
-11
-7
-7
-17
-31
-41
-44
-46
-46
-52
-63
-80
-92
-104
-109
-99
-84
-73
-68
-70
-70
-69
-61
-59
-58
-60
-57
-54
-73
-76
-101
-103
-105
-86
-74
-52
-21
13
41
56
58
40
14
-18
-42
-69
-85
-104
-108
-106
-99
-96
-86
-71
-54
-31
-4
21
46
67
93
116
136
155
173
188
198
210
218
224
228
235
240
244
249
254
253
252
251
243
231
218
204
192
181
168
151
129
106
81
61
40
23
0
-15
-29
-40
-53
-57
-57
-55
-52
-47
-43
-42
-35
-35
-46
-61
-71
-89
-106
-118
-131
-146
-157
-165
-167
-175
-182
-189
-197
-198
-203
-209
-216
-213
-199
-184
-165
-146
-126
-102
-74
-58
-41
-31
-10
5
18
33
51
62
62
59
39
15
-9
-42
-64
-83
-88
-82
-75
-63
-50
-35
-27
-17
-11
-14
-15
-17
-19
-22
-18
-20
-20
-21
-16
-14
-12
-6
-12
-13
-20
-24
-28
-35
-40
-52
-61
-74
-84
-94
-96
-98
-98
-96
-94
-83
-83
-78
-72
-76
-77
-79
-77
-80
-88
-96
-108
-89
-64
-12
1
10
-27
-54
-81
-84
-76
-78
-65
-62
-59
-54
-48
-45
-41
-31
-25
-18
-19
-25
-25
-34
-41
-52
-64
-69
-65
-67
-69
-73
-73
-75
-80
-88
-107
-125
-144
-163
-175
-186
-197
-212
-222
-233
-244
-255
-259
-255
-244
-232
-207
-189
-174
-161
-157
-157
-163
-165
-168
-171
-171
-176
-182
-184
-172
-155
-134
-116
-95
-87
-74
-54
-37
-24
-11
3
11
25
41
54
66
74
84
91
101
108
112
112
111
112
105
100
90
77
62
53
40
26
18
15
10
8
3
0
-5
-15
-25
-36
-45
-50
-54
-54
-59
-67
-74
-83
-91
-99
-105
-120
-133
-155
-171
-182
-184
-187
-185
-180
-184
-183
-177
-162
-140
-118
-99
-88
-88
-87
-91
-88
-86
-86
-92
-102
-108
-117
-128
-132
-137
-139
-139
-139
-139
-135
-137
-135
-142
-144
-149
-152
-152
-147
-146
-148
-148
-141
-135
-125
-111
-99
-88
-82
-75
-66
-60
-59
-57
-61
-59
-57
-46
-31
-3
36
72
90
91
70
45
23
7
1
3
-2
-6
-9
-7
-5
2
14
24
31
46
64
80
93
104
110
112
108
107
107
108
114
122
133
145
165
178
197
214
221
216
200
183
161
150
137
129
116
110
108
104
97
90
84
81
86
93
97
97
95
87
75
57
35
18
-11
-33
-64
-86
-94
-97
-96
-88
-71
-54
-41
-34
-38
-52
-62
-64
-65
-67
-73
-71
-73
-68
-68
-68
-79
-84
-95
-104
-103
-104
-109
-123
-142
-156
-169
-174
-168
-158
-148
-130
-112
-91
-82
-69
-67
-60
-62
-66
-66
-59
-56
-51
-60
-57
-54
-56
-57
-61
-62
-72
-78
-95
-101
-108
-108
-110
-110
-119
-132
-144
-160
-178
-196
-212
-216
-215
-211
-200
-194
-192
-195
-182
-178
-171
-165
-161
-155
-149
-144
-138
-132
-120
-101
-91
-77
-68
-67
-59
-50
-38
-25
4
33
63
75
74
71
61
51
37
20
9
-2
-14
-29
-31
-31
-38
-46
-56
-58
-60
-63
-60
-60
-60
-53
-39
-27
3
46
98
140
154
140
107
62
13
-30
-68
-89
-104
-112
-117
-115
-117
-116
-111
-110
-102
-94
-86
-79
-75
-68
-62
-57
-46
-43
-40
-22
-9
9
24
38
34
41
48
63
77
93
113
123
121
104
89
71
56
40
22
4
-12
-24
-40
-63
-53
-50
-44
-45
-71
-83
-84
-95
-101
-108
-105
-87
-72
-48
-32
-7
11
25
38
31
17
-5
-25
-47
-53
-58
-64
-67
-68
-63
-53
-42
-32
-24
-13
-4
5
17
39
64
78
92
105
115
119
116
102
86
79
79
83
80
73
57
39
23
16
15
17
18
19
15
10
6
10
12
20
22
27
32
42
50
56
62
60
57
53
47
41
24
8
-10
-35
-51
-65
-70
-70
-64
-60
-61
-60
-58
-61
-62
-59
-56
-53
-54
-57
-61
-63
-65
-71
-79
-85
-86
-87
-88
-91
-100
-109
-115
-117
-119
-108
-94
-90
-83
-75
-66
-52
-35
-26
-19
-5
6
23
35
47
55
63
63
60
45
26
18
5
-5
-23
-33
-44
-49
-51
-46
-36
-21
-5
11
31
50
60
64
64
65
59
52
44
35
31
25
28
28
30
32
18
-1
-25
-48
-79
-101
-121
-131
-131
-128
-127
-137
-150
-155
-152
-140
-126
-111
-101
-90
-76
-60
-47
-32
-17
-7
-1
5
4
1
-12
-21
-37
-48
-56
-62
-62
-59
-59
-48
-49
-48
-42
-40
-35
-43
-45
-52
-41
-31
-25
-28
-34
-44
-61
-68
-71
-71
-80
-89
-103
-114
-117
-116
-112
-110
-103
-96
-89
-73
-61
-45
-44
-42
-47
-47
-43
-42
-41
-31
-23
-13
-15
-18
-25
-33
-35
-41
-55
-72
-81
-80
-72
-64
-62
-61
-53
-45
-35
-23
-8
10
25
31
31
24
17
16
14
13
23
33
41
41
39
27
12
-5
-25
-44
-56
-61
-65
-76
-83
-93
-100
-102
-100
-97
-88
-76
-60
-49
-34
-23
-19
-23
-27
-44
-61
-78
-90
-115
-131
-141
-137
-134
-119
-107
-89
-65
-30
7
36
56
57
47
27
11
8
29
66
107
127
112
87
51
22
-4
-31
-48
-59
-61
-70
-88
-100
-105
-107
-105
-103
-95
-88
-79
-67
-54
-38
-13
0
21
29
32
28
25
22
25
26
24
16
2
-8
-19
-22
-22
-17
-14
-12
-8
-4
0
2
6
8
9
10
7
0
-9
-18
-16
-13
3
15
24
22
15
4
-2
2
10
-1
