1
-4
-6
-15
-8
-10
-15
-31
-38
-47
-48
-55
-70
-87
-102
-103
-106
-102
-102
-102
-103
-96
-92
-74
-78
-68
-70
-67
-60
-47
-35
-26
-15
-15
-13
-13
-11
-13
-20
-14
-2
17
20
37
37
39
34
29
17
14
13
13
20
29
35
33
33
37
38
28
20
13
17
28
29
30
17
20
15
23
14
21
17
16
15
14
16
27
33
34
38
39
55
58
62
58
59
61
61
62
53
51
46
36
8
-4
-22
-31
-42
-40
-44
-35
-32
-33
-27
-21
-11
-5
-7
-11
-7
-5
4
22
28
32
26
19
2
-15
-14
-31
-31
-28
-22
-13
-1
-2
2
-3
-4
-8
-3
4
25
25
30
24
21
12
3
-1
7
18
21
19
14
19
22
38
43
51
45
38
31
27
21
20
20
14
1
-11
-12
-10
-16
-18
-23
-14
-16
-8
-15
-17
-21
-35
-45
-51
-41
-45
-39
-38
-34
-35
-41
-40
-51
-60
-67
-67
-69
-63
-59
-56
-51
-47
-38
-37
-35
-39
-28
-19
-8
-1
-3
-2
3
9
21
31
38
29
23
13
10
-1
-3
0
2
14
24
12
13
21
13
15
12
-3
-16
-31
-33
-35
-42
-49
-55
-68
-72
-67
-63
-56
-47
-42
-41
-41
-44
-46
-36
-31
-34
-36
-44
-50
-51
-50
-55
-55
-64
-56
-58
-51
-56
-53
-39
-29
-19
-13
-16
-16
-14
-12
-17
-8
-21
-23
-32
-25
-14
-9
-3
-6
-6
-3
-1
-4
-1
10
13
17
17
24
28
34
37
38
31
30
27
24
20
21
9
5
-4
-9
-4
1
-2
-1
-1
3
11
16
26
36
40
40
35
33
19
20
20
22
20
24
29
29
25
25
23
16
15
15
18
18
18
18
12
22
28
37
38
51
51
51
49
47
36
33
34
26
13
8
11
14
23
31
32
44
46
46
39
32
39
35
35
31
28
25
25
33
40
37
42
40
45
44
49
43
54
54
56
52
48
45
28
12
9
11
16
13
7
7
8
14
11
2
-2
4
-1
-8
-16
-12
-15
-2
-5
-5
-8
-7
-1
2
11
22
28
25
19
14
10
20
15
1
-10
-17
-11
-11
-24
-27
-29
-7
22
41
56
70
76
66
52
45
34
36
48
55
55
48
53
49
52
51
49
40
32
20
12
11
26
30
28
21
21
23
28
26
31
27
29
16
12
20
22
23
15
9
1
0
-9
-12
-13
-16
-15
-22
-32
-44
-52
-59
-55
-51
-60
-76
-87
-79
-64
-57
-53
-45
-51
-57
-62
-64
-56
-48
-43
-36
-38
-31
-45
-41
-45
-38
-35
-27
-29
-33
-35
-30
-28
-27
-31
-34
-24
-19
-11
-4
-9
-5
-15
-29
-39
-40
-33
-24
-32
-28
-30
-26
-16
-8
-14
-14
-26
-19
-15
-13
-22
-26
-30
-34
-38
-39
-40
-46
-48
-49
-49
-44
-36
-28
-22
-36
-44
-58
-65
-62
-57
-53
-48
-43
-40
-32
-31
-28
-31
-27
-25
-20
-32
-41
-46
-46
-48
-45
-47
-55
-59
-64
-64
-60
-56
-57
-56
-50
-51
-56
-67
-67
-63
-61
-55
-59
-66
-72
-67
-68
-63
-63
-61
-62
-63
-59
-51
-46
-41
-48
-48
-54
-50
-49
-37
-31
-30
-35
-46
-45
-48
-42
-34
-33
-44
-55
-57
-57
-43
-35
-21
-18
-16
-17
-21
-21
-12
6
12
16
14
9
14
17
22
15
15
10
7
12
3
0
-12
-18
-28
-37
-42
-43
-39
-23
-16
-7
-13
-21
-21
-22
-22
-18
-22
-27
-25
-17
-10
0
2
5
3
7
12
12
18
10
13
13
18
19
24
30
38
37
33
30
30
31
38
42
45
46
47
48
47
48
48
58
59
55
41
27
22
23
38
47
55
59
70
75
82
83
71
78
74
73
80
75
75
73
76
76
79
77
77
73
63
60
48
45
43
55
57
55
56
41
27
20
18
26
16
11
1
-17
-8
-5
-12
-16
-21
-17
-19
-4
2
9
6
7
7
7
9
12
20
22
23
22
15
6
0
-4
-8
-6
-11
-13
-10
-13
-11
-7
0
7
11
9
12
4
1
-7
-15
-23
-20
-21
-20
-29
-23
-25
-27
-20
-26
-27
-31
-26
-28
-30
-27
-26
-22
-23
-18
-16
-17
-18
-17
-14
-8
-8
-14
-24
-33
-39
-53
-48
-55
-46
-35
-18
-6
-3
-11
-13
-20
-16
-16
-12
-12
-17
-15
-13
-13
-16
-20
-19
-11
-7
-7
-13
-20
-30
-40
-37
-37
-37
-33
-33
-29
-22
-13
-17
-17
-25
-22
-17
-11
-8
-6
0
1
6
10
5
7
5
12
12
6
-5
-6
-8
-13
-13
-16
-13
-26
-38
-38
-40
-34
-14
-14
-12
-21
-21
-29
-22
-14
-1
14
21
28
33
31
29
22
28
27
28
24
12
14
0
-11
-25
-24
-29
-29
-23
-14
-10
-13
-11
-7
-3
-1
2
-1
9
7
11
12
16
10
-2
-13
-18
-31
-39
-45
-48
-44
-38
-24
-22
-14
-12
-14
-8
-1
4
2
0
1
8
10
15
12
5
-9
-16
-14
-13
-7
-9
-15
-16
-10
-5
-12
-1
0
-1
6
5
4
15
14
12
5
-1
12
19
31
36
31
30
26
31
41
42
38
35
27
30
41
37
42
34
44
42
43
46
26
17
15
12
6
4
1
-5
-2
-2
1
3
2
3
2
6
9
8
12
9
7
-12
-24
-27
-34
-40
-39
-42
-45
-48
-46
-36
-29
-21
-16
-16
-25
-29
-30
-29
-27
-33
-37
-41
-48
-50
-54
-50
-45
-47
-54
-51
-51
-44
-40
-45
-48
-49
-42
-39
-35
-36
-33
-33
-33
-29
-36
-36
-33
-27
-26
-26
-33
-34
-31
-26
-17
-23
-18
-33
-33
-36
-35
-32
-36
-39
-44
-45
-48
-43
-45
-40
-45
-44
-51
-51
-48
-39
-32
-22
-24
-23
-22
-18
-18
-19
-22
-31
-29
-23
-7
-6
7
14
24
37
35
39
26
21
17
16
11
9
6
2
5
15
19
20
20
18
15
4
8
15
13
19
6
4
10
11
12
8
-1
-3
-5
-1
13
20
25
31
38
29
36
32
31
23
32
34
34
30
35
36
32
41
45
47
36
35
21
32
35
45
43
49
46
40
33
29
16
14
14
18
7
9
11
5
10
1
-5
-11
-12
-9
-1
4
15
12
19
8
8
19
27
33
37
22
16
4
5
1
7
2
-1
2
7
6
8
9
8
-7
-15
-11
-12
-8
-6
-9
-21
-32
-32
-40
-45
-42
-39
-32
-19
-3
4
6
2
1
-3
-5
-3
-7
-9
-11
-19
-21
-26
-19
-18
-15
-15
-14
-20
-20
-16
-11
2
11
12
14
19
32
34
35
20
18
12
16
21
21
21
18
23
18
12
11
7
0
7
3
8
0
-13
-21
-23
-23
-30
-41
-48
-57
-57
-63
-58
-56
-54
-44
-37
-38
-30
-19
-6
0
11
13
15
10
2
-9
-10
-6
-17
-12
-1
5
9
5
-3
-10
-14
-6
12
23
32
23
15
10
5
-2
-20
-28
-32
-40
-32
-28
-13
-6
-1
4
5
12
21
30
26
20
12
6
-9
-6
-8
-10
-19
-25
-37
-38
-35
-35
-21
-18
-18
-12
-20
-18
-27
-33
-31
-28
-35
-39
-37
-38
-30
-27
-24
-25
-28
-32
-40
-42
-38
-33
-38
-36
-40
-42
-37
-26
-20
-18
-15
-17
-16
-11
-3
2
3
12
13
17
12
5
9
11
12
4
2
-1
8
12
23
33
43
52
56
64
62
58
68
61
56
48
37
41
33
33
40
25
13
11
1
-6
-10
-5
-6
-5
-4
-7
-8
-6
-6
-9
-1
5
8
9
8
12
14
31
30
34
27
27
20
18
22
16
10
4
4
8
-1
-6
-17
-10
-14
-21
-26
-40
-40
-48
-53
-56
-54
-44
-39
-32
-30
-36
-36
-30
-32
-30
-36
-42
-49
-56
-52
-48
-44
-34
-38
-41
-38
-35
-34
-25
-22
-17
-15
-8
5
-1
-6
-10
-2
5
10
6
3
13
21
18
23
25
21
28
24
32
30
19
21
17
21
22
16
10
-1
-21
-23
-21
-29
-27
-25
-24
-20
-10
-7
-7
4
11
9
11
16
12
21
22
17
12
1
-7
-9
-11
-8
-14
-12
-6
-10
-13
-13
-9
-2
0
-2
-8
-9
-1
9
12
17
18
11
11
11
3
13
14
16
25
4
1
-9
-23
-22
-27
-17
-10
-2
-6
-5
-11
-1
4
2
6
11
18
22
37
42
37
26
21
18
22
18
13
15
15
20
26
29
32
37
43
54
56
54
41
35
25
21
24
18
23
10
13
11
5
6
12
16
14
19
8
16
21
27
21
20
18
11
15
13
21
32
41
36
30
20
24
24
31
28
18
-3
-11
-17
-20
-28
-25
-30
-34
-42
-41
-39
-46
-51
-55
-53
-52
-55
-60
-63
-56
-52
-48
-41
-36
-24
-19
-4
-1
9
-3
-6
-14
-9
-1
1
-3
-4
0
6
9
16
8
6
2
9
0
1
-2
-12
-12
-10
-5
-11
-6
-9
-11
-12
-13
-18
-14
-21
-27
-23
-32
-39
-46
-57
-56
-51
-38
-27
-20
-17
-8
-6
-5
-3
-2
-5
1
1
-7
-7
-18
-20
-24
-23
-26
-28
-24
-19
-21
-17
-13
-1
-1
17
11
7
2
2
-4
4
0
7
11
18
17
21
15
14
-6
-12
-12
-3
-7
1
1
-7
-10
-20
-19
-26
-27
-28
-27
-21
-28
-12
-13
-10
-6
-13
-11
-12
-10
-19
-14
-22
-23
-29
-25
-31
-38
-38
-42
-43
-46
-41
-40
-34
-35
-30
-32
-18
-19
-28
-26
-30
-28
-26
-26
-19
-17
-18
-18
-19
-27
-40
-49
-61
-61
-60
-55
-49
-42
-39
-42
-45
-41
-29
-20
-19
-16
-14
-5
8
21
23
20
22
31
47
46
47
33
25
20
26
23
25
24
15
13
-4
-8
-12
-13
-11
-13
-17
-25
-30
-34
-30
-28
-17
-19
-20
-22
-22
-16
-12
-15
-12
-10
-11
-3
-11
-4
-5
4
9
-1
-1
3
9
8
8
2
-1
3
20
26
33
23
11
-1
0
0
-1
-1
-9
-16
-26
-30
-31
-33
-33
-33
-30
-36
-36
-41
-45
-48
-45
-45
-45
-51
-66
-74
-78
-69
-63
-54
-53
-53
-60
-55
-35
-30
-10
-13
-8
-18
-31
-35
-35
-35
-29
-19
-10
-4
-2
-17
-19
-13
-2
-2
-9
-19
-23
-12
-3
5
4
3
0
-3
5
9
7
-4
-9
-7
-6
-3
-3
3
11
7
-2
-11
-16
-21
-25
-26
-25
-14
-5
2
14
26
41
49
56
48
41
36
34
35
34
42
47
57
69
72
75
78
81
66
64
59
56
49
36
31
32
35
30
27
17
20
18
15
13
14
4
4
0
12
18
24
27
23
14
7
3
-2
8
2
-9
-14
-21
-27
-32
-34
-39
-45
-49
-51
-53
-55
-56
-59
-58
-53
-49
-47
-50
-49
-55
-51
-47
-41
-34
-29
-22
-16
-11
-1
7
8
8
14
16
20
20
20
17
17
16
15
6
7
4
6
8
0
12
6
18
23
22
25
21
36
21
13
8
6
-2
-7
-13
-11
0
8
9
9
7
6
4
6
6
16
17
20
27
33
42
42
42
36
46
44
38
36
34
40
29
26
20
21
14
8
7
14
19
15
3
1
-1
1
-3
4
-9
-9
-5
4
5
2
0
9
13
16
27
22
22
13
17
18
26
12
9
-3
-7
-16
-17
-12
-5
-2
-2
-5
-9
-18
-26
-35
-39
-35
-33
-32
-42
-47
-46
-43
-38
-39
-46
-53
-50
-50
-40
-36
-37
-43
-45
-43
-48
-49
-52
-45
-45
-44
-42
-45
-45
-44
-45
-44
-40
-37
-41
-35
-31
-18
-31
-29
-37
-21
-25
-18
-16
-25
-28
-34
-35
-27
-13
-7
-7
-10
-12
-6
2
11
23
27
31
35
46
35
34
27
37
41
41
43
40
45
49
51
50
54
46
38
26
21
22
22
22
30
32
36
29
23
28
37
38
45
44
39
33
34
34
31
37
23
37
27
29
28
24
22
20
7
0
-4
-7
1
11
23
22
28
31
39
41
33
26
23
20
27
27
21
19
14
18
14
7
6
2
11
4
-6
-14
-10
-13
-1
9
13
14
10
12
1
-2
-1
6
7
7
3
1
-1
-5
-3
-6
-3
-1
-2
-8
-12
-22
-30
-39
-41
-44
-45
-32
-23
-14
-11
-25
-32
-42
-42
-32
-40
-32
-34
-41
-45
-43
-44
-36
-41
-41
-41
-42
-32
-32
-26
-26
-16
-17
-19
-28
-28
-21
-12
-5
-8
-7
-9
-10
0
15
21
15
8
8
-4
-13
-14
-22
-23
-25
-26
-25
-6
-2
8
8
11
19
16
5
-6
-16
-28
-22
-17
-23
-25
-25
-24
-27
-26
-37
-45
-46
-38
-24
-15
-9
-12
-13
-16
-18
-25
-35
-39
-45
-46
-47
-49
-56
-58
-56
-45
-47
-46
-48
-42
-38
-35
-37
-49
-55
-47
-44
-38
-37
-47
-45
-51
-47
-45
-43
-39
-39
-37
-35
-24
-17
-11
-9
-10
-15
-16
-28
-35
-33
-27
-23
-18
-10
2
11
13
15
15
21
30
14
-2
-11
-9
-2
8
16
16
13
13
24
28
25
27
23
28
20
21
18
25
37
43
35
34
27
22
16
19
20
15
6
-1
-6
-5
5
13
15
24
18
10
5
3
1
16
23
23
19
19
20
32
34
35
41
36
35
35
22
14
5
4
1
1
0
-2
-3
1
2
-1
-16
-21
-26
-14
-9
-11
-5
-8
-5
-16
-18
-26
-41
-43
-35
-14
-13
-5
0
-2
5
3
-1
-10
-14
-18
-17
-15
-13
-11
-12
-10
-7
-3
-3
-3
2
4
5
8
13
3
3
-2
-3
-7
-7
-15
-18
-15
-21
-27
-42
-40
-33
-31
-27
-29
-29
-28
-26
-31
-31
-26
-37
-42
-49
-44
-41
-37
-35
-36
-40
-39
-34
-32
-31
-24
-25
-26
-26
-15
-12
1
2
7
2
4
13
0
7
-5
-3
-8
-19
-26
-35
-37
-36
-38
-35
-43
-40
-46
-45
-39
-29
-25
-13
-12
-16
-23
-32
-32
-35
-28
-19
-17
-15
-21
-28
-33
-30
-32
-40
-46
-51
-45
-39
-25
-23
-24
-34
-35
-34
-37
-38
-46
-50
-45
-37
-32
-31
-27
-21
-21
-24
-14
-13
-5
2
5
9
8
8
2
2
5
17
9
8
16
5
3
5
9
9
8
7
0
5
12
24
16
11
1
3
0
0
-4
-6
5
9
9
12
16
27
34
42
47
45
50
60
74
92
102
97
85
74
77
84
104
104
103
97
88
74
63
55
49
46
41
32
25
26
23
30
23
19
18
21
11
14
21
29
24
29
26
21
20
22
25
20
22
16
11
11
12
16
12
26
28
26
22
28
29
37
32
21
3
0
0
-2
2
1
2
4
5
10
5
4
3
-7
-9
-19
-16
-15
-12
-10
-5
0
-2
-5
-16
-17
-19
-19
-20
-19
-1
-6
14
13
17
13
9
3
-3
-6
-7
-9
-9
-11
-10
-12
-18
-12
-2
1
6
-1
-2
-11
-10
-3
3
10
6
7
2
4
-3
-11
-12
-9
-9
-2
-2
1
-4
-1
3
2
8
0
-7
-9
-9
-11
-5
-5
-8
-8
-19
-19
-23
-28
-35
-45
-52
-57
-49
-43
-38
-32
-31
-41
-42
-49
-43
-43
-34
-33
-41
-43
-44
-52
-57
-63
-69
-66
-61
-54
-44
-39
-40
-36
-35
-35
-33
-41
-41
-44
-55
-71
-69
-70
-60
-55
-43
-35
-32
-32
-37
-43
-48
-41
-34
-27
-29
-24
-22
-25
-23
-26
-29
-34
-30
-25
-20
-4
0
6
1
-2
4
14
35
40
39
33
37
29
34
28
27
17
6
-4
-12
-16
-8
-7
-11
-14
-28
-30
-31
-31
-22
-24
-24
-21
-18
-11
-8
-4
-12
-15
-19
-20
-9
0
19
29
42
44
46
38
44
33
38
36
36
32
18
9
2
3
10
2
4
6
16
21
22
17
16
14
15
27
25
31
36
28
27
20
26
28
28
42
49
53
56
56
45
40
40
36
25
10
-6
-6
-12
4
-8
-10
-12
-18
-18
-23
-25
-23
-19
-14
-14
-12
-13
-7
-6
0
2
6
3
-4
-15
-17
-21
-24
-30
-47
-57
-68
-65
-68
-63
-64
-64
-71
-72
-72
-68
-59
-49
-41
-26
-9
-8
5
16
26
30
35
41
41
50
61
65
71
71
75
76
77
81
76
78
73
76
64
47
41
31
35
32
23
11
-9
-16
-28
-22
-23
-26
-30
-37
-33
-44
-45
-53
-53
-51
-55
-48
-46
-42
-30
-29
-26
-25
-26
-41
-45
-44
-48
-49
-59
-62
-69
-77
-80
-82
-77
-73
-67
-72
-72
-67
-68
-64
-64
-67
-74
-83
-86
-82
-76
-73
-72
-71
-67
-55
-49
-46
-43
-42
-39
-31
-35
-34
-40
-28
-12
-1
-1
-5
-1
5
9
24
25
18
14
18
14
18
13
2
-7
-4
-4
4
18
26
35
27
37
30
43
32
29
26
29
23
22
24
23
30
25
36
34
30
27
21
23
26
24
18
17
14
18
27
35
45
42
34
22
20
2
-6
-2
8
14
21
25
23
17
17
12
2
-11
-7
-3
-1
-7
-13
-29
-30
-40
-39
-46
-39
-37
-33
-33
-30
-33
-32
-19
-12
-9
-21
-27
-27
-14
6
24
34
45
43
31
23
22
26
23
23
18
20
16
11
11
12
15
16
23
24
35
34
21
13
-4
-4
-13
-9
-12
-8
-6
-11
-7
-10
1
0
-5
-10
-21
-29
-37
-31
-29
-24
-25
-30
-35
-39
-36
-50
-54
-62
-65
-63
-64
-67
-72
-76
-76
-70
-69
-55
-47
-46
-37
-34
-20
-23
-25
-23
-17
-12
-4
11
12
26
26
16
16
18
24
33
26
26
16
9
11
3
21
23
20
20
12
6
4
-4
-5
-18
-20
-30
-33
-46
-52
-56
-60
-62
-69
-60
-55
-49
-37
-42
-51
-64
-70
-64
-56
-40
-35
-28
-27
-14
-17
-6
2
7
7
6
0
-5
-9
-9
-13
-15
-6
2
1
7
6
12
1
-3
-9
-15
-25
-25
-34
-31
-21
-24
-11
-25
-23
-29
-20
-19
-10
-10
-15
-6
-5
10
23
27
19
24
27
28
24
30
17
11
5
11
17
21
27
19
19
19
16
-6
-10
2
11
31
43
37
42
32
32
32
23
13
7
4
0
-2
-6
-7
7
20
28
39
39
48
47
61
60
62
55
58
65
72
79
75
73
53
43
36
35
39
45
48
53
44
51
48
45
36
23
11
9
6
7
6
5
-5
-11
-12
-21
-21
-20
-14
-19
-19
-14
-22
-30
-43
-43
-43
-30
-15
-3
-4
-2
1
-2
6
5
-6
-9
-13
-6
0
13
25
24
26
25
21
28
33
34
37
38
44
50
54
49
46
37
41
38
35
33
34
26
29
27
29
31
32
24
14
1
-4
-1
3
10
-1
-1
-1
4
12
7
12
17
23
21
20
10
-2
-5
-5
-1
-4
-3
-11
-17
-16
-17
-15
-7
-4
-3
-8
-7
0
-3
-6
-7
-15
-7
-10
-15
-16
-27
-26
-35
-41
-43
-41
-46
-51
-60
-60
-65
-61
-56
-53
-50
-49
-51
-58
-67
-67
-80
-82
-93
-90
-85
-74
-60
-60
-43
-40
-33
-24
-12
-9
-3
-6
-5
-1
-6
-7
-11
-9
-16
-13
-16
-24
-18
-12
-13
3
5
9
7
2
-4
-10
-15
-15
-11
-8
-5
-5
-11
-12
1
1
14
20
20
22
16
20
13
21
21
14
4
0
2
0
11
12
14
1
-9
-11
-21
-12
-16
-9
-14
-10
-7
-17
-17
-27
-23
-27
-28
-24
-17
-9
-1
-1
-8
-7
-13
-8
-25
-21
-10
0
8
13
14
6
2
2
-10
-6
-13
-26
-30
-31
-32
-38
-33
-32
-23
-16
-7
-4
-2
-7
-13
-24
-29
-14
-6
-2
3
-5
-4
-5
-4
-11
-18
-20
-21
-16
-12
-10
-15
-9
-7
-8
-18
-24
-35
-35
-35
-36
-35
-45
-50
-44
-41
-33
-34
-27
-20
-4
-1
-2
-7
-5
-11
-6
-6
-10
-10
-8
-2
-4
-12
-7
0
8
16
18
9
10
10
5
0
-12
-14
-19
-18
-18
-24
-25
-28
-20
-28
-21
-17
-17
-16
-21
-30
-40
-41
-32
-28
-26
-35
-39
-46
-45
-42
-35
-38
-37
-45
-39
-30
-17
-11
-12
-7
0
5
7
7
3
-7
-2
-13
-15
-17
-11
-8
-1
6
2
-5
-15
-14
-14
-17
-16
-20
-20
-23
-14
-12
-14
-8
-8
-5
5
11
4
6
1
3
2
3
1
-2
-12
-16
-13
-9
-15
-24
-38
-38
-34
-24
-25
-22
-21
-23
-20
-13
-14
-11
-16
-4
-3
-3
-10
-6
3
23
28
21
14
4
11
19
15
10
-1
-1
3
8
7
19
19
22
27
29
40
41
48
53
50
45
39
18
24
10
15
14
7
12
10
19
22
23
17
21
27
31
24
24
29
37
36
30
24
20
13
7
-1
-5
-6
-5
-5
10
17
25
29
26
20
10
7
11
3
3
3
3
7
1
0
1
10
15
13
18
14
7
-2
-9
-8
-16
-7
-4
3
23
33
40
45
35
28
30
28
38
34
27
25
18
24
33
21
33
28
29
31
34
45
52
57
56
47
41
36
35
33
39
29
30
24
13
6
3
3
5
13
15
17
24
23
33
32
41
38
26
13
5
8
10
22
18
24
22
31
36
29
20
10
4
-5
-3
-10
-19
-28
-33
-33
-41
-44
-47
-49
-37
-31
-28
-26
-26
-34
-34
-28
-24
-21
-21
-20
-19
-21
-17
-18
-19
-22
-21
-31
-25
-13
-10
-3
-11
-13
-27
-27
-25
-13
-12
-10
22
