-45
-53
-51
-52
-54
-53
-60
-63
-62
-59
-53
-48
-47
-44
-36
-35
-38
-39
-38
-36
-37
-32
-33
-40
-43
-43
-52
-60
-73
-80
-79
-69
-61
-61
-60
-59
-54
-49
-37
-28
-20
-11
-14
-15
-13
-16
-20
-27
-29
-35
-35
-41
-32
-31
-26
-23
-20
-19
-18
-13
-16
-9
-10
-12
-16
-22
-28
-40
-50
-56
-56
-51
-50
-55
-57
-59
-52
-48
-40
-26
-11
-9
-6
-17
-23
-31
-35
-39
-41
-35
-33
-30
-30
-33
-32
-29
-32
-34
-35
-35
-43
-50
-50
-47
-38
-33
-27
-26
-28
-33
-35
-31
-24
-30
-22
-25
-21
-25
-34
-42
-45
-51
-45
-44
-40
-37
-37
-30
-15
-5
-5
-5
-1
0
8
12
10
5
0
-13
-23
-35
-46
-42
-48
-52
-52
-55
-62
-64
-65
-58
-54
-42
-39
-36
-41
-54
-64
-63
-60
-56
-55
-56
-58
-60
-56
-49
-55
-51
-53
-52
-49
-37
-28
-14
-8
-1
1
9
7
11
4
-3
1
-3
-8
-13
-17
-24
-24
-22
-22
-15
-17
-25
-32
-22
-14
9
18
22
16
10
-4
-11
-17
-16
-17
-18
-18
-19
-19
-11
-9
-3
-8
-10
-11
-18
-24
-28
-32
-39
-47
-57
-63
-68
-75
-79
-78
-87
-89
-88
-86
-76
-66
-62
-58
-59
-62
-74
-81
-83
-84
-80
-73
-62
-60
-57
-57
-57
-50
-48
-40
-35
-34
-26
-19
-18
-20
-27
-40
-44
-41
-48
-49
-51
-57
-57
-57
-55
-66
-66
-75
-83
-89
-80
-67
-51
-42
-35
-32
-25
-21
-17
-21
-14
-6
4
-1
1
9
9
13
16
20
17
11
12
16
14
16
23
28
27
28
19
15
9
4
-5
-6
-5
0
1
0
-2
-8
-7
-14
-14
-7
-4
-4
-4
1
-8
-12
-21
-22
-27
-33
-34
-31
-25
-18
-6
-2
-2
5
11
14
13
9
-2
-12
-20
-40
-51
-65
-70
-78
-80
-82
-85
-89
-96
-98
-109
-107
-108
-109
-109
-106
-92
-84
-74
-70
-69
-78
-78
-78
-76
-66
-62
-55
-57
-53
-50
-49
-52
-52
-46
-47
-44
-44
-43
-41
-38
-40
-31
-22
-24
-29
-29
-28
-28
-35
-28
-20
-19
-20
-21
-29
-30
-35
-35
-41
-46
-50
-61
-69
-69
-73
-71
-62
-47
-36
-24
-12
-4
2
6
1
-1
-2
-10
-6
-6
0
5
7
15
17
25
30
25
29
20
22
16
8
1
-5
-13
-23
-23
-22
-13
-17
-9
-12
-15
-6
-2
-1
-5
1
3
-3
-4
2
-3
-11
-11
-8
-17
-23
-35
-44
-61
-78
-94
-99
-101
-95
-82
-65
-54
-40
-32
-23
-21
-22
-31
-34
-37
-35
-47
-47
-58
-60
-65
-66
-66
-59
-57
-47
-32
-28
-30
-37
-35
-38
-42
-49
-51
-56
-61
-58
-52
-42
-34
-23
-18
-14
-10
-17
-20
-29
-28
-38
-35
-29
-36
-39
-49
-50
-55
-58
-58
-63
-56
-58
-61
-61
-55
-48
-47
-43
-46
-45
-42
-36
-25
-16
-21
-28
-31
-31
-34
-31
-34
-32
-32
-39
-46
-43
-41
-41
-60
-63
-67
-64
-53
-33
-22
-9
2
10
7
-3
0
-8
-11
-10
-20
-19
-10
-19
-17
-21
-34
-47
-57
-58
-59
-55
-56
-61
-58
-59
-55
-51
-48
-48
-49
-49
-57
-55
-43
-29
-18
-20
-23
-30
-38
-38
-43
-46
-53
-61
-65
-58
-54
-55
-48
-39
-26
-17
-12
-13
-23
-30
-49
-61
-66
-77
-76
-79
-74
-73
-75
-73
-73
-76
-76
-72
-67
-68
-72
-79
-77
-75
-71
-64
-60
-52
-47
-39
-29
-14
-1
-1
0
2
-4
-2
-13
-14
-22
-26
-27
-21
-25
-27
-28
-29
-24
-15
-7
0
5
2
-2
-6
-6
-17
-28
-34
-40
-35
-31
-33
-34
-34
-35
-32
-30
-29
-18
-16
-13
-7
-12
-20
-34
-44
-45
-52
-60
-67
-71
-79
-77
-82
-76
-73
-64
-64
-58
-59
-51
-50
-49
-47
-50
-53
-62
-68
-74
-76
-74
-72
-68
-64
-66
-70
-78
-80
-79
-76
-81
-78
-78
-75
-76
-72
-67
-59
-54
-53
-56
-62
-64
-59
-57
-59
-59
-54
-57
-56
-63
-70
-70
-71
-63
-51
-41
-40
-41
-49
-50
-49
-46
-53
-52
-51
-55
-62
-65
-62
-52
-34
-12
-5
5
5
2
-5
-5
-8
-11
-11
-8
-12
-11
-22
-22
-25
-24
-25
-24
-29
-25
-14
-1
7
7
3
-9
-14
-12
-8
-14
-22
-28
-35
-37
-40
-40
-39
-35
-34
-30
-33
-34
-40
-36
-35
-38
-35
-40
-40
-42
-36
-29
-17
-8
-2
2
9
12
13
7
6
4
-1
-7
-11
-6
-11
-10
-13
-26
-30
-34
-38
-55
-61
-66
-65
-62
-60
-56
-58
-56
-54
-56
-51
-55
-59
-66
-62
-60
-55
-54
-62
-71
-78
-82
-78
-77
-71
-68
-62
-59
-57
-61
-70
-71
-64
-56
-48
-41
-32
-18
-8
-6
-4
-3
-7
-14
-26
-36
-38
-42
-41
-42
-44
-47
-47
-54
-59
-66
-77
-81
-85
-84
-82
-78
-72
-64
-53
-47
-39
-38
-23
-11
-12
-7
-9
-16
-18
-23
-25
-30
-23
-26
-17
-23
-17
-14
-12
-22
-35
-47
-53
-48
-43
-38
-27
-27
-32
-45
-47
-41
-34
-30
-26
-34
-21
-18
-11
-5
-4
-2
-1
0
-5
-5
-6
-4
-12
-19
-28
-30
-33
-32
-24
-19
-16
-14
-14
-11
-5
-2
5
11
16
9
9
12
7
3
4
-1
-8
-9
-9
-9
-12
-11
-13
-17
-27
-31
-39
-36
-37
-39
-36
-27
-29
-34
-40
-50
-52
-54
-37
-14
-8
1
10
16
10
17
26
17
17
10
10
10
11
9
7
11
-1
-13
-22
-33
-44
-58
-72
-75
-74
-68
-61
-54
-55
-57
-67
-74
-83
-86
-88
-87
-84
-82
-83
-82
-78
-74
-73
-72
-68
-61
-53
-50
-47
-45
-46
-52
-56
-58
-63
-62
-63
-65
-69
-76
-84
-88
-97
-99
-97
-88
-81
-74
-67
-57
-49
-42
-40
-45
-56
-62
-71
-75
-79
-78
-74
-71
-73
-71
-76
-79
-79
-81
-79
-77
-74
-64
-54
-38
-31
-27
-25
-27
-32
-26
-20
-12
-9
-5
1
-5
2
2
-12
-13
-17
-20
-21
-24
-22
-15
-2
0
-3
-3
-10
-13
-6
1
0
0
-2
-5
-6
-8
-4
-4
2
3
5
6
-2
-1
-1
-2
-8
-7
-13
-17
-20
-18
-12
-5
-4
-7
-15
-27
-24
-22
-20
-14
-10
-10
-5
-6
-12
-23
-19
-21
-13
-8
-5
-18
-26
-35
-38
-41
-33
-31
-26
-34
-43
-58
-62
-55
-43
-36
-32
-36
-42
-50
-49
-61
-66
-74
-65
-56
-57
-59
-57
-52
-41
-38
-34
-29
-32
-26
-32
-38
-30
-30
-33
-30
-35
-29
-29
-32
-41
-37
-32
-30
-31
-35
-41
-47
-54
-56
-61
-57
-55
-50
-48
-45
-36
-33
-34
-32
-30
-38
-33
-30
-23
-14
-17
-14
-13
-21
-26
-28
-37
-43
-46
-40
-45
-51
-54
-52
-50
-50
-46
-45
-37
-34
-34
-23
-17
-5
-12
-15
-16
-15
-20
-23
-29
-42
-55
-62
-63
-55
-53
-53
-57
-62
-63
-65
-66
-73
-78
-83
-91
-99
-105
-109
-112
-115
-120
-123
-125
-125
-113
-103
-93
-84
-71
-56
-45
-39
-36
-35
-22
-15
-5
-3
4
3
5
4
0
-14
-21
-32
-48
-66
-83
-91
-99
-93
-80
-70
-56
-55
-51
-41
-31
-22
-8
2
9
17
18
17
6
-8
-27
-31
-33
-26
-20
-17
-10
-12
-2
-2
3
0
7
-2
-4
-5
-2
-6
-12
-20
-29
-35
-36
-49
-54
-62
-69
-82
-88
-92
-98
-102
-107
-102
-89
-73
-46
-37
-27
-22
-18
-21
-25
-29
-27
-31
-12
-7
-2
-3
-5
-10
-18
-12
-15
-1
-5
2
-3
-1
-7
-7
-17
-21
-24
-22
-12
-7
-3
2
5
1
-8
-22
-33
-40
-31
-14
-7
-16
-28
-40
-55
-72
-82
-92
-96
-96
-95
-91
-91
-89
-81
-80
-77
-83
-90
-95
-88
-79
-64
-45
-19
-12
-3
6
-2
-2
-1
-1
0
-6
-9
-23
-31
-37
-33
-30
-27
-15
-9
-3
7
11
9
10
2
-4
-13
-15
-26
-30
-45
-51
-65
-74
-79
-82
-77
-70
-63
-66
-65
-70
-70
-71
-65
-56
-55
-52
-56
-59
-64
-74
-86
-99
-104
-109
-105
-99
-90
-84
-76
-65
-55
-48
-47
-46
-51
-57
-64
-62
-56
-54
-50
-38
-39
-26
-33
-37
-36
-35
-40
-45
-38
-38
-34
-32
-27
-25
-27
-28
-29
-24
-22
-23
-28
-36
-40
-47
-47
-45
-40
-28
-25
-18
-16
-14
-7
-11
1
7
6
8
3
4
1
-2
-11
-29
-36
-51
-51
-44
-34
-30
-21
-20
-17
-16
-14
-9
-11
-13
-20
-20
-22
-19
-11
-13
-9
-11
-8
-7
-1
1
-4
-15
-24
-34
-48
-58
-69
-79
-87
-93
-103
-118
-131
-138
-136
-123
-102
-81
-58
-37
-24
-16
-4
-6
-3
-14
-28
-41
-52
-61
-69
-79
-91
-98
-97
-90
-76
-63
-43
-27
-15
-4
-2
11
22
31
33
23
16
5
-8
-19
-31
-46
-60
-75
-92
-104
-114
-121
-123
-123
-122
-121
-119
-119
-116
-107
-98
-82
-65
-47
-36
-28
-22
-20
-19
-24
-31
-36
-41
-41
-42
-38
-37
-34
-36
-33
-27
-25
-20
-13
-6
-6
-7
4
14
26
23
25
27
22
18
13
7
2
-1
-13
-12
-15
1
9
17
26
17
20
20
16
10
3
-1
-7
-16
-22
-21
-19
-32
-36
-34
-22
-9
-13
-16
-18
-29
-27
-39
-45
-56
-64
-66
-68
-63
-52
-32
-15
3
8
10
3
-2
-9
-19
-15
-10
-6
-7
-10
-10
-12
-12
-12
-11
-9
-8
-13
-16
-24
-31
-38
-42
-47
-48
-50
-47
-46
-35
-42
-43
-44
-43
-43
-36
-30
-29
-27
-27
-23
-20
-17
-21
-29
-31
-36
-32
-26
-19
-21
-29
-36
-37
-44
-41
-40
-32
-31
-28
-26
-33
-34
-45
-49
-55
-58
-56
-57
-59
-58
-53
-48
-39
-43
-47
-51
-52
-51
-52
-44
-39
-35
-29
-29
-32
-37
-42
-45
-48
-48
-52
-57
-66
-70
-73
-77
-70
-62
-51
-48
-50
-45
-41
-41
-39
-34
-37
-38
-42
-53
-57
-59
-64
-68
-64
-59
-57
-60
-57
-53
-48
-40
-39
-38
-31
-31
-31
-32
-31
-40
-46
-46
-57
-57
-53
-43
-35
-38
-36
-34
-38
-32
-28
-35
-36
-42
-51
-55
-59
-57
-62
-64
-62
-57
-63
-67
-71
-83
-95
-97
-92
-79
-59
-47
-34
-19
-6
-1
8
0
-11
-29
-48
-57
-64
-70
-71
-70
-64
-58
-50
-46
-34
-23
-14
-4
5
17
18
18
23
22
23
23
12
5
-2
-15
-29
-46
-62
-75
-84
-85
-76
-70
-59
-52
-52
-42
-30
-12
-2
-3
-1
-4
-12
-9
-7
-14
-22
-20
-17
-15
-20
-25
-31
-37
-36
-29
-23
-11
-13
-12
-17
-20
-23
-25
-28
-24
-31
-30
-26
-32
-38
-44
-50
-52
-54
-53
-60
-60
-58
-52
-50
-52
-54
-55
-60
-68
-71
-71
-61
-51
-47
-43
-41
-39
-34
-35
-32
-34
-32
-28
-29
-31
-34
-25
-18
-12
-9
-9
-8
-10
-21
-34
-48
-48
-47
-50
-52
-50
-51
-50
-53
-56
-64
-70
-65
-66
-52
-40
-33
-31
-29
-35
-27
-25
-23
-17
-8
-3
-1
3
-1
-9
-12
-11
-18
-20
-23
-22
-28
-34
-41
-45
-50
-54
-52
-48
-50
-50
-54
-55
-62
-64
-58
-48
-41
-39
-36
-36
-40
-41
-37
-37
-28
-22
-25
-23
-16
-17
-10
-14
-20
-25
-34
-33
-37
-40
-35
-37
-40
-51
-61
-73
-80
-81
-81
-80
-76
-69
-66
-64
-62
-56
-53
-49
-45
-47
-43
-35
-32
-26
-29
-30
-33
-34
-36
-37
-33
-32
-31
-35
-35
-41
-31
-38
-32
-29
-35
-42
-56
-60
-63
-75
-76
-77
-72
-55
-46
-37
-31
-32
-30
-28
-26
-26
-23
-24
-23
-26
-33
-40
-48
-52
-51
-35
-32
-21
-7
-4
-1
-4
-5
-1
-2
5
7
6
-2
-9
-23
-30
-41
-43
-42
-43
-47
-55
-66
-67
-67
-68
-65
-67
-61
-57
-54
-46
-51
-51
-44
-46
-42
-43
-37
-39
-39
-42
-41
-36
-33
-36
-29
-21
-24
-20
-29
-27
-26
-22
-21
-26
-32
-42
-53
-61
-67
-70
-68
-66
-67
-69
-73
-81
-83
-80
-71
-65
-59
-58
-55
-47
-42
-35
-21
-12
-1
1
7
1
0
-9
-2
-15
-14
-17
-20
-21
-25
-32
-36
-36
-37
-43
-43
-42
-43
-52
-59
-63
-55
-48
-42
-36
-31
-25
-22
-22
-17
-15
-24
-22
-22
-28
-27
-32
-37
-45
-50
-56
-54
-49
-41
-36
-39
-45
-49
-54
-53
-54
-49
-55
-52
-47
-36
-27
-24
-20
-26
-31
-40
-50
-56
-53
-48
-41
-38
-36
-39
-44
-48
-54
-63
-61
-54
-46
-44
-37
-38
-31
-25
-22
-21
-36
-46
-56
-65
-67
-65
-58
-54
-48
-43
-48
-48
-52
-53
-51
-41
-36
-35
-29
-19
-13
-11
-1
0
0
3
8
7
9
11
-4
-17
-20
-30
-38
-43
-44
-40
-27
-23
-16
-14
-9
-7
-9
-14
-26
-36
-51
-58
-63
-57
-56
-51
-40
-33
-27
-18
-21
-10
-9
5
11
21
32
24
20
14
1
-6
-19
-16
-23
-25
-33
-35
-50
-62
-70
-70
-76
-77
-70
-63
-46
-25
-12
3
17
23
18
16
15
12
9
11
14
17
26
27
25
24
23
19
23
23
31
28
22
16
15
9
2
-15
-17
-26
-28
-33
-38
-51
-64
-78
-86
-89
-90
-87
-83
-68
-56
-46
-36
-35
-29
-29
-28
-33
-46
-55
-76
-84
-87
-91
-93
-103
-110
-123
-133
-141
-139
-130
-120
-112
-107
-92
-71
-51
-32
-20
16
34
39
37
23
5
-13
-42
-55
-57
-50
-40
-27
-16
-5
4
4
4
-2
-10
-5
-3
-5
-4
-2
7
10
11
18
17
17
19
10
1
-1
-7
-10
-19
-23
-26
-34
-39
-40
-38
-33
-29
-24
-23
-13
-11
-20
-22
-25
-23
-27
-28
-27
-27
-18
-11
-12
-8
-7
-20
-24
-28
-30
-36
-34
-36
-40
-44
-54
-62
-72
-75
-71
-64
-57
-49
-40
-28
-26
-22
-26
-24
-21
-24
-29
-26
-35
-41
-50
-56
-60
-63
-66
-69
-77
-82
-82
-80
-82
-80
-81
-81
-86
-86
-93
-99
-102
-105
-108
-112
-112
-114
-114
-117
-106
-103
-96
-89
-79
-69
-64
-67
-71
-77
-83
-83
-80
-76
-66
-62
-54
-53
-49
-48
-49
-44
-47
-47
-47
-48
-53
-48
-45
-43
-45
-45
-47
-49
-45
-40
-36
-31
-23
-19
-22
-33
-41
-56
-62
-63
-61
-56
-49
-47
-39
-37
-32
-25
-26
-25
-20
-28
-31
-35
-29
-29
-24
-24
-20
-16
-23
-13
-13
-13
-16
-18
-24
-30
-33
-37
-36
-50
-53
-62
-64
-67
-62
-50
-40
-37
-29
-22
-22
-13
-15
-11
-15
-23
-27
-28
-32
-33
-39
-26
-16
-7
-4
-11
-17
-27
-33
-34
-31
-32
-41
-50
-61
-76
-88
-96
-104
-109
-116
-118
-122
-116
-110
-102
-93
-83
-74
-73
-73
-72
-74
-71
-64
-55
-51
-45
-47
-49
-50
-42
-40
-33
-23
-7
-6
2
-2
-1
-1
1
2
-4
0
-15
-19
-24
-18
-25
-30
-33
-36
-50
-52
-62
-55
-61
-48
-52
-51
-41
-35
-26
-26
-19
-12
-22
-20
-29
-29
-34
-35
-41
-46
-43
-37
-40
-42
-42
-38
-35
-30
-24
-16
-24
-20
-29
-29
-23
-17
-21
-19
-35
-45
-48
-50
-46
-50
-54
-58
-60
-56
-48
-41
-45
-52
-55
-57
-60
-61
-60
-63
-59
-59
-62
-67
-74
-75
-75
-74
-67
-64
-55
-44
-32
-26
-11
-10
-9
-11
-7
-2
0
-2
-1
5
13
9
11
8
3
-4
-20
-26
-22
-29
-29
-36
-35
-29
-23
-17
-17
-19
-19
-17
-20
-26
-29
-39
-41
-46
-45
-41
-33
-21
-21
-26
-31
-35
-28
-20
-15
-12
-17
-16
-13
-16
-23
-24
-32
-30
-38
-32
-31
-27
-17
-17
-13
-3
-5
-5
-9
-13
-12
-11
-7
-12
-17
-26
-25
-23
-13
-10
-11
-3
-8
-8
-6
-1
2
-1
-4
-9
-14
-20
-27
-35
-33
-29
-23
-27
-29
-29
-28
-21
-18
-10
-24
-38
-46
-51
-59
-58
-51
-42
-36
-38
-40
-39
-39
-49
-47
-37
-32
-29
-32
-39
-42
-47
-56
-63
-52
-43
-40
-29
-18
-22
-19
-21
-28
-22
-19
-11
-1
5
3
0
-10
-25
-32
-43
-44
-46
-55
-58
-63
-61
-60
-64
-63
-62
-63
-66
-69
-75
-75
-70
-67
-60
-53
-49
-48
-44
-44
-42
-45
-43
-48
-45
-43
-37
-34
-37
-28
-18
-12
-7
-1
-9
-5
0
-1
1
1
-7
-16
-18
-16
-9
-5
-16
-21
-22
-15
-15
-13
-15
-14
-22
-13
-10
-2
-1
0
0
-10
-12
-18
-29
-38
-41
-42
-40
-41
-39
-32
-32
-33
-29
-29
-32
-38
-39
-30
-19
-14
-6
-17
-27
-19
-26
-27
-36
-49
-50
-52
-52
-60
-65
-71
-75
-72
-68
-57
-51
-47
-31
-29
-29
-28
-35
-38
-41
-42
-40
-37
-24
-28
-31
-36
-36
-42
-41
-39
-34
-38
-41
-43
-47
-42
-33
-38
-38
-43
-38
-46
-39
-41
-39
-40
-39
-34
-34
-29
-32
-34
-35
-42
-35
-36
-38
-40
-51
-53
-59
-59
-63
-65
-64
-57
-54
-52
-52
-58
-64
-61
-57
-52
-45
-47
-54
-50
-53
-58
-60
-59
-45
-31
-23
-26
-24
-25
-25
-29
-34
-34
-30
-30
-25
-15
-19
-20
-21
-32
-33
-40
-38
-37
-40
-45
-46
-52
-56
-56
-60
-62
-63
-67
-70
-73
-75
-80
-85
-87
-85
-82
-82
-80
-81
-80
-84
-86
-91
-85
-79
-77
-75
-71
-73
-77
-86
-93
-101
-108
-115
-111
-100
-86
-76
-74
-73
-68
-63
-51
-41
-36
-28
-26
-29
-28
-27
-28
-26
-22
-22
-30
-22
-27
-35
-43
-46
-50
-50
-54
-55
-54
-47
-44
-43
-42
-40
-44
-39
-44
-46
-44
-39
-35
-21
-14
0
8
16
23
26
33
27
18
11
8
9
2
-7
-10
-18
-20
-15
-4
-6
-7
-11
-23
-29
-41
-44
-58
-64
-68
-69
-77
-85
-92
-106
-119
-132
-148
-157
-156
-144
-125
-106
-83
-63
-45
-25
-8
-7
-2
-4
-5
-15
-23
-33
-46
-55
-59
-61
-67
-70
-71
-71
-66
-65
-64
-66
-65
-62
-62
-55
-51
-43
-40
-35
-30
-36
-42
-42
-42
-40
-41
-37
-36
-35
-21
-16
-7
-1
-1
10
20
29
35
35
31
35
39
45
39
35
25
21
20
8
0
-11
-12
-16
-13
-20
-18
-15
-13
-14
-16
-27
-35
-42
-39
-43
-46
-51
-54
-53
-51
-48
-40
-36
-28
-17
-10
1
0
4
0
3
6
-5
-22
-33
-46
-47
-52
-56
-60
-66
-64
-72
-71
-73
-66
-57
-51
-52
-47
-42
-45
-36
-40
-45
-49
-58
-64
-69
-74
-79
-82
-76
-77
-67
-64
-53
-48
-40
-30
-32
-30
-35
-36
-37
-28
-26
-31
-34
-43
-47
-53
-55
-47
-36
-30
-27
-18
-13
-11
-14
-24
-21
-24
-23
-19
-13
-11
-18
-17
-18
-20
-23
-27
-30
-32
-37
-35
-39
-42
-41
-45
-45
-42
-40
-32
-40
-47
-50
-50
-40
-40
-42
-50
-57
-57
-67
-66
-59
-51
-44
-44
-43
-32
-22
-21
-16
-16
-13
-10
-14
-4
-3
-3
-7
-3
5
-3
-4
2
2
1
-4
1
-1
4
3
-2
-15
-23
-20
-22
-42
-45
-49
-64
-73
-78
-80
-79
-76
-75
-76
-75
-73
-66
-71
-72
-75
-79
-77
-68
-56
-43
-29
-27
-27
-23
-20
-29
-38
-31
-30
-23
-25
-29
-27
-33
-32
-36
-41
-48
-53
-57
-64
-66
-66
-59
-55
-49
-49
-39
-36
-41
-44
-51
-49
-50
-49
-48
-51
-51
-46
-46
-49
-47
-47
-45
-50
-54
-58
-54
-46
-40
-33
-27
-12
-5
-3
2
3
2
3
12
18
16
13
12
2
-1
-15
-24
-40
-47
-56
-64
-66
-67
-59
-56
-52
-55
-54
-48
-37
-33
-31
-20
-16
-13
-3
4
1
7
2
2
-7
-22
-13
-22
-20
-24
-20
-20
-20
-24
-25
-23
-23
-31
-25
-25
-26
-33
-29
-31
-33
-43
-48
-41
-40
-39
-43
-43
-43
-42
-42
-43
-46
-45
-42
-39
-36
-33
-31
-32
-32
-23
-20
-16
-8
2
1
-2
-2
0
-3
-3
-8
-2
-10
-13
-13
-17
-7
-8
-7
-6
-4
-10
-13
-18
-15
-5
2
-8
-9
-21
-24
-29
-34
-39
-40
-44
-47
-42
-36
-23
-24
-21
-20
-18
-21
-25
-32
-37
-49
-52
-58
-58
-60
-59
-60
-61
-65
-65
-67
-67
-66
-62
-55
-45
-43
-34
-29
-29
-29
-30
-33
-29
-29
-22
-15
-2
12
15
19
8
-7
-7
-14
-27
-35
-41
-51
-54
-63
-59
-61
-66
-70
-69
-63
-55
-45
-31
-23
-7
0
0
3
2
-4
-10
-24
-33
-46
-48
-52
-51
-54
-55
-64
-66
-64
-65
-73
-71
-69
-71
-70
-78
-81
-89
-92
-99
-110
-115
-113
-105
-92
-86
-79
-72
-61
-55
-48
-36
-33
-31
-14
-9
1
4
8
14
17
14
8
2
-9
-10
-21
-23
-32
-41
-42
-47
-47
-55
-60
-60
-54
-51
-41
-33
-26
-25
-29
-25
-30
-35
-41
-49
-51
-54
-50
-41
-38
-26
-20
-21
-14
-4
-1
-2
-7
-18
-24
-29
-28
-26
-31
-42
-49
-62
-70
-87
-98
-111
-121
-124
-127
-122
-116
-107
-100
-89
-81
-74
-71
-75
-77
-77
-75
-68
-60
-53
-40
-32
-17
-7
-5
-6
-10
4
9
14
13
13
17
12
9
4
-1
-1
-8
-17
-13
-18
-17
-18
-22
-29
-40
-39
-39
-27
-19
-10
-9
-4
-3
-21
-26
-40
-43
-38
-40
-43
-51
-59
-70
-72
-75
-74
-67
-61
-46
-37
-27
-16
-17
-8
-9
-8
-4
0
4
-3
-3
-2
0
-3
-12
-23
-45
-63
-86
-104
-118
-125
-130
-125
-114
-94
-67
-44
-16
3
6
11
15
15
20
22
26
35
32
34
27
20
4
-10
-27
-36
-63
-82
-91
-89
-81
-79
-75
-83
-95
-103
-106
-93
-73
-55
-37
-31
-26
-28
-22
-30
-24
-21
-16
-2
-8
-8
-15
-9
-8
-12
-20
-24
-22
-23
-24
-31
-37
-51
-65
-81
-86
-80
-76
-69
-63
-50
-46
-35
-24
-15
-4
11
30
34
39
42
40
36
36
25
20
16
21
10
-3
-1
-1
0
4
1
9
7
7
0
-5
-18
-17
-24
-22
-26
-14
-28
